,DATE,GEOGRAPHY_CODE,GEOGRAPHY_TYPE,GEOGRAPHY_TYPECODE,C2021_NATIDUK_17_NAME,OBS_VALUE
0,2021,E02000959,2021 super output areas - middle layer,152,Total: All usual residents,7866
1,2021,E02000959,2021 super output areas - middle layer,152,British only identity,4330
2,2021,E02000959,2021 super output areas - middle layer,152,English only identity,412
3,2021,E02000959,2021 super output areas - middle layer,152,English and British only identity,561
4,2021,E02000959,2021 super output areas - middle layer,152,Welsh only identity,22
5,2021,E02000959,2021 super output areas - middle layer,152,Welsh and British only identity,9
6,2021,E02000959,2021 super output areas - middle layer,152,Any other combination of only UK identities,106
7,2021,E02000959,2021 super output areas - middle layer,152,Scottish only identity,35
8,2021,E02000959,2021 super output areas - middle layer,152,Scottish and British only identity,15
9,2021,E02000959,2021 super output areas - middle layer,152,Northern Irish only identity,34
10,2021,E02000959,2021 super output areas - middle layer,152,Northern Irish and British only identity,3
11,2021,E02000959,2021 super output areas - middle layer,152,Cornish only identity,0
12,2021,E02000959,2021 super output areas - middle layer,152,Cornish and British only identity,0
13,2021,E02000959,2021 super output areas - middle layer,152,Any other combination of only UK identities ,19
14,2021,E02000959,2021 super output areas - middle layer,152,Irish only identity,146
15,2021,E02000959,2021 super output areas - middle layer,152,Irish and at least one UK identity,13
16,2021,E02000959,2021 super output areas - middle layer,152,Other identity only,1891
17,2021,E02000959,2021 super output areas - middle layer,152,Other identity and at least one UK identity,376
18,2021,E02000959,2021 super output areas - middle layer,152,Non-UK identity only,2037
19,2021,E02000959,2021 super output areas - middle layer,152,UK identity and non-UK identity,389
20,2021,E02007083,2021 super output areas - middle layer,152,Total: All usual residents,7710
21,2021,E02007083,2021 super output areas - middle layer,152,British only identity,3265
22,2021,E02007083,2021 super output areas - middle layer,152,English only identity,302
23,2021,E02007083,2021 super output areas - middle layer,152,English and British only identity,531
24,2021,E02007083,2021 super output areas - middle layer,152,Welsh only identity,37
25,2021,E02007083,2021 super output areas - middle layer,152,Welsh and British only identity,12
26,2021,E02007083,2021 super output areas - middle layer,152,Any other combination of only UK identities,89
27,2021,E02007083,2021 super output areas - middle layer,152,Scottish only identity,31
28,2021,E02007083,2021 super output areas - middle layer,152,Scottish and British only identity,25
29,2021,E02007083,2021 super output areas - middle layer,152,Northern Irish only identity,12
30,2021,E02007083,2021 super output areas - middle layer,152,Northern Irish and British only identity,5
31,2021,E02007083,2021 super output areas - middle layer,152,Cornish only identity,1
32,2021,E02007083,2021 super output areas - middle layer,152,Cornish and British only identity,0
33,2021,E02007083,2021 super output areas - middle layer,152,Any other combination of only UK identities ,15
34,2021,E02007083,2021 super output areas - middle layer,152,Irish only identity,96
35,2021,E02007083,2021 super output areas - middle layer,152,Irish and at least one UK identity,10
36,2021,E02007083,2021 super output areas - middle layer,152,Other identity only,2870
37,2021,E02007083,2021 super output areas - middle layer,152,Other identity and at least one UK identity,498
38,2021,E02007083,2021 super output areas - middle layer,152,Non-UK identity only,2966
39,2021,E02007083,2021 super output areas - middle layer,152,UK identity and non-UK identity,508
40,2021,E02007084,2021 super output areas - middle layer,152,Total: All usual residents,9890
41,2021,E02007084,2021 super output areas - middle layer,152,British only identity,5571
42,2021,E02007084,2021 super output areas - middle layer,152,English only identity,551
43,2021,E02007084,2021 super output areas - middle layer,152,English and British only identity,565
44,2021,E02007084,2021 super output areas - middle layer,152,Welsh only identity,29
45,2021,E02007084,2021 super output areas - middle layer,152,Welsh and British only identity,19
46,2021,E02007084,2021 super output areas - middle layer,152,Any other combination of only UK identities,102
47,2021,E02007084,2021 super output areas - middle layer,152,Scottish only identity,43
48,2021,E02007084,2021 super output areas - middle layer,152,Scottish and British only identity,26
49,2021,E02007084,2021 super output areas - middle layer,152,Northern Irish only identity,10
50,2021,E02007084,2021 super output areas - middle layer,152,Northern Irish and British only identity,6
51,2021,E02007084,2021 super output areas - middle layer,152,Cornish only identity,1
52,2021,E02007084,2021 super output areas - middle layer,152,Cornish and British only identity,0
53,2021,E02007084,2021 super output areas - middle layer,152,Any other combination of only UK identities ,16
54,2021,E02007084,2021 super output areas - middle layer,152,Irish only identity,125
55,2021,E02007084,2021 super output areas - middle layer,152,Irish and at least one UK identity,20
56,2021,E02007084,2021 super output areas - middle layer,152,Other identity only,2459
57,2021,E02007084,2021 super output areas - middle layer,152,Other identity and at least one UK identity,449
58,2021,E02007084,2021 super output areas - middle layer,152,Non-UK identity only,2584
59,2021,E02007084,2021 super output areas - middle layer,152,UK identity and non-UK identity,469
60,2021,E02000960,2021 super output areas - middle layer,152,Total: All usual residents,6159
61,2021,E02000960,2021 super output areas - middle layer,152,British only identity,2871
62,2021,E02000960,2021 super output areas - middle layer,152,English only identity,318
63,2021,E02000960,2021 super output areas - middle layer,152,English and British only identity,245
64,2021,E02000960,2021 super output areas - middle layer,152,Welsh only identity,11
65,2021,E02000960,2021 super output areas - middle layer,152,Welsh and British only identity,6
66,2021,E02000960,2021 super output areas - middle layer,152,Any other combination of only UK identities,36
67,2021,E02000960,2021 super output areas - middle layer,152,Scottish only identity,15
68,2021,E02000960,2021 super output areas - middle layer,152,Scottish and British only identity,7
69,2021,E02000960,2021 super output areas - middle layer,152,Northern Irish only identity,3
70,2021,E02000960,2021 super output areas - middle layer,152,Northern Irish and British only identity,3
71,2021,E02000960,2021 super output areas - middle layer,152,Cornish only identity,0
72,2021,E02000960,2021 super output areas - middle layer,152,Cornish and British only identity,0
73,2021,E02000960,2021 super output areas - middle layer,152,Any other combination of only UK identities ,8
74,2021,E02000960,2021 super output areas - middle layer,152,Irish only identity,57
75,2021,E02000960,2021 super output areas - middle layer,152,Irish and at least one UK identity,9
76,2021,E02000960,2021 super output areas - middle layer,152,Other identity only,2189
77,2021,E02000960,2021 super output areas - middle layer,152,Other identity and at least one UK identity,417
78,2021,E02000960,2021 super output areas - middle layer,152,Non-UK identity only,2246
79,2021,E02000960,2021 super output areas - middle layer,152,UK identity and non-UK identity,426
80,2021,E02000961,2021 super output areas - middle layer,152,Total: All usual residents,9813
81,2021,E02000961,2021 super output areas - middle layer,152,British only identity,5129
82,2021,E02000961,2021 super output areas - middle layer,152,English only identity,478
83,2021,E02000961,2021 super output areas - middle layer,152,English and British only identity,438
84,2021,E02000961,2021 super output areas - middle layer,152,Welsh only identity,15
85,2021,E02000961,2021 super output areas - middle layer,152,Welsh and British only identity,3
86,2021,E02000961,2021 super output areas - middle layer,152,Any other combination of only UK identities,82
87,2021,E02000961,2021 super output areas - middle layer,152,Scottish only identity,19
88,2021,E02000961,2021 super output areas - middle layer,152,Scottish and British only identity,16
89,2021,E02000961,2021 super output areas - middle layer,152,Northern Irish only identity,17
90,2021,E02000961,2021 super output areas - middle layer,152,Northern Irish and British only identity,3
91,2021,E02000961,2021 super output areas - middle layer,152,Cornish only identity,0
92,2021,E02000961,2021 super output areas - middle layer,152,Cornish and British only identity,1
93,2021,E02000961,2021 super output areas - middle layer,152,Any other combination of only UK identities ,26
94,2021,E02000961,2021 super output areas - middle layer,152,Irish only identity,101
95,2021,E02000961,2021 super output areas - middle layer,152,Irish and at least one UK identity,22
96,2021,E02000961,2021 super output areas - middle layer,152,Other identity only,2918
97,2021,E02000961,2021 super output areas - middle layer,152,Other identity and at least one UK identity,627
98,2021,E02000961,2021 super output areas - middle layer,152,Non-UK identity only,3019
99,2021,E02000961,2021 super output areas - middle layer,152,UK identity and non-UK identity,649
100,2021,E02000962,2021 super output areas - middle layer,152,Total: All usual residents,7701
101,2021,E02000962,2021 super output areas - middle layer,152,British only identity,3575
102,2021,E02000962,2021 super output areas - middle layer,152,English only identity,335
103,2021,E02000962,2021 super output areas - middle layer,152,English and British only identity,325
104,2021,E02000962,2021 super output areas - middle layer,152,Welsh only identity,11
105,2021,E02000962,2021 super output areas - middle layer,152,Welsh and British only identity,7
106,2021,E02000962,2021 super output areas - middle layer,152,Any other combination of only UK identities,67
107,2021,E02000962,2021 super output areas - middle layer,152,Scottish only identity,21
108,2021,E02000962,2021 super output areas - middle layer,152,Scottish and British only identity,16
109,2021,E02000962,2021 super output areas - middle layer,152,Northern Irish only identity,14
110,2021,E02000962,2021 super output areas - middle layer,152,Northern Irish and British only identity,6
111,2021,E02000962,2021 super output areas - middle layer,152,Cornish only identity,0
112,2021,E02000962,2021 super output areas - middle layer,152,Cornish and British only identity,0
113,2021,E02000962,2021 super output areas - middle layer,152,Any other combination of only UK identities ,10
114,2021,E02000962,2021 super output areas - middle layer,152,Irish only identity,97
115,2021,E02000962,2021 super output areas - middle layer,152,Irish and at least one UK identity,15
116,2021,E02000962,2021 super output areas - middle layer,152,Other identity only,2775
117,2021,E02000962,2021 super output areas - middle layer,152,Other identity and at least one UK identity,494
118,2021,E02000962,2021 super output areas - middle layer,152,Non-UK identity only,2872
119,2021,E02000962,2021 super output areas - middle layer,152,UK identity and non-UK identity,509
120,2021,E02000963,2021 super output areas - middle layer,152,Total: All usual residents,10525
121,2021,E02000963,2021 super output areas - middle layer,152,British only identity,7040
122,2021,E02000963,2021 super output areas - middle layer,152,English only identity,542
123,2021,E02000963,2021 super output areas - middle layer,152,English and British only identity,462
124,2021,E02000963,2021 super output areas - middle layer,152,Welsh only identity,10
125,2021,E02000963,2021 super output areas - middle layer,152,Welsh and British only identity,5
126,2021,E02000963,2021 super output areas - middle layer,152,Any other combination of only UK identities,70
127,2021,E02000963,2021 super output areas - middle layer,152,Scottish only identity,31
128,2021,E02000963,2021 super output areas - middle layer,152,Scottish and British only identity,10
129,2021,E02000963,2021 super output areas - middle layer,152,Northern Irish only identity,12
130,2021,E02000963,2021 super output areas - middle layer,152,Northern Irish and British only identity,4
131,2021,E02000963,2021 super output areas - middle layer,152,Cornish only identity,3
132,2021,E02000963,2021 super output areas - middle layer,152,Cornish and British only identity,0
133,2021,E02000963,2021 super output areas - middle layer,152,Any other combination of only UK identities ,10
134,2021,E02000963,2021 super output areas - middle layer,152,Irish only identity,152
135,2021,E02000963,2021 super output areas - middle layer,152,Irish and at least one UK identity,29
136,2021,E02000963,2021 super output areas - middle layer,152,Other identity only,1815
137,2021,E02000963,2021 super output areas - middle layer,152,Other identity and at least one UK identity,400
138,2021,E02000963,2021 super output areas - middle layer,152,Non-UK identity only,1967
139,2021,E02000963,2021 super output areas - middle layer,152,UK identity and non-UK identity,429
140,2021,E02000964,2021 super output areas - middle layer,152,Total: All usual residents,12142
141,2021,E02000964,2021 super output areas - middle layer,152,British only identity,7383
142,2021,E02000964,2021 super output areas - middle layer,152,English only identity,604
143,2021,E02000964,2021 super output areas - middle layer,152,English and British only identity,533
144,2021,E02000964,2021 super output areas - middle layer,152,Welsh only identity,22
145,2021,E02000964,2021 super output areas - middle layer,152,Welsh and British only identity,8
146,2021,E02000964,2021 super output areas - middle layer,152,Any other combination of only UK identities,94
147,2021,E02000964,2021 super output areas - middle layer,152,Scottish only identity,31
148,2021,E02000964,2021 super output areas - middle layer,152,Scottish and British only identity,24
149,2021,E02000964,2021 super output areas - middle layer,152,Northern Irish only identity,12
150,2021,E02000964,2021 super output areas - middle layer,152,Northern Irish and British only identity,2
151,2021,E02000964,2021 super output areas - middle layer,152,Cornish only identity,0
152,2021,E02000964,2021 super output areas - middle layer,152,Cornish and British only identity,1
153,2021,E02000964,2021 super output areas - middle layer,152,Any other combination of only UK identities ,24
154,2021,E02000964,2021 super output areas - middle layer,152,Irish only identity,174
155,2021,E02000964,2021 super output areas - middle layer,152,Irish and at least one UK identity,28
156,2021,E02000964,2021 super output areas - middle layer,152,Other identity only,2661
157,2021,E02000964,2021 super output areas - middle layer,152,Other identity and at least one UK identity,635
158,2021,E02000964,2021 super output areas - middle layer,152,Non-UK identity only,2835
159,2021,E02000964,2021 super output areas - middle layer,152,UK identity and non-UK identity,663
160,2021,E02000965,2021 super output areas - middle layer,152,Total: All usual residents,7875
161,2021,E02000965,2021 super output areas - middle layer,152,British only identity,3790
162,2021,E02000965,2021 super output areas - middle layer,152,English only identity,395
163,2021,E02000965,2021 super output areas - middle layer,152,English and British only identity,489
164,2021,E02000965,2021 super output areas - middle layer,152,Welsh only identity,13
165,2021,E02000965,2021 super output areas - middle layer,152,Welsh and British only identity,8
166,2021,E02000965,2021 super output areas - middle layer,152,Any other combination of only UK identities,97
167,2021,E02000965,2021 super output areas - middle layer,152,Scottish only identity,34
168,2021,E02000965,2021 super output areas - middle layer,152,Scottish and British only identity,26
169,2021,E02000965,2021 super output areas - middle layer,152,Northern Irish only identity,15
170,2021,E02000965,2021 super output areas - middle layer,152,Northern Irish and British only identity,6
171,2021,E02000965,2021 super output areas - middle layer,152,Cornish only identity,0
172,2021,E02000965,2021 super output areas - middle layer,152,Cornish and British only identity,0
173,2021,E02000965,2021 super output areas - middle layer,152,Any other combination of only UK identities ,16
174,2021,E02000965,2021 super output areas - middle layer,152,Irish only identity,108
175,2021,E02000965,2021 super output areas - middle layer,152,Irish and at least one UK identity,21
176,2021,E02000965,2021 super output areas - middle layer,152,Other identity only,2332
177,2021,E02000965,2021 super output areas - middle layer,152,Other identity and at least one UK identity,622
178,2021,E02000965,2021 super output areas - middle layer,152,Non-UK identity only,2440
179,2021,E02000965,2021 super output areas - middle layer,152,UK identity and non-UK identity,643
180,2021,E02000966,2021 super output areas - middle layer,152,Total: All usual residents,9252
181,2021,E02000966,2021 super output areas - middle layer,152,British only identity,4300
182,2021,E02000966,2021 super output areas - middle layer,152,English only identity,460
183,2021,E02000966,2021 super output areas - middle layer,152,English and British only identity,493
184,2021,E02000966,2021 super output areas - middle layer,152,Welsh only identity,27
185,2021,E02000966,2021 super output areas - middle layer,152,Welsh and British only identity,14
186,2021,E02000966,2021 super output areas - middle layer,152,Any other combination of only UK identities,110
187,2021,E02000966,2021 super output areas - middle layer,152,Scottish only identity,52
188,2021,E02000966,2021 super output areas - middle layer,152,Scottish and British only identity,20
189,2021,E02000966,2021 super output areas - middle layer,152,Northern Irish only identity,11
190,2021,E02000966,2021 super output areas - middle layer,152,Northern Irish and British only identity,10
191,2021,E02000966,2021 super output areas - middle layer,152,Cornish only identity,0
192,2021,E02000966,2021 super output areas - middle layer,152,Cornish and British only identity,0
193,2021,E02000966,2021 super output areas - middle layer,152,Any other combination of only UK identities ,17
194,2021,E02000966,2021 super output areas - middle layer,152,Irish only identity,105
195,2021,E02000966,2021 super output areas - middle layer,152,Irish and at least one UK identity,11
196,2021,E02000966,2021 super output areas - middle layer,152,Other identity only,2994
197,2021,E02000966,2021 super output areas - middle layer,152,Other identity and at least one UK identity,738
198,2021,E02000966,2021 super output areas - middle layer,152,Non-UK identity only,3099
199,2021,E02000966,2021 super output areas - middle layer,152,UK identity and non-UK identity,749
200,2021,E02000967,2021 super output areas - middle layer,152,Total: All usual residents,6056
201,2021,E02000967,2021 super output areas - middle layer,152,British only identity,2371
202,2021,E02000967,2021 super output areas - middle layer,152,English only identity,264
203,2021,E02000967,2021 super output areas - middle layer,152,English and British only identity,232
204,2021,E02000967,2021 super output areas - middle layer,152,Welsh only identity,31
205,2021,E02000967,2021 super output areas - middle layer,152,Welsh and British only identity,5
206,2021,E02000967,2021 super output areas - middle layer,152,Any other combination of only UK identities,50
207,2021,E02000967,2021 super output areas - middle layer,152,Scottish only identity,17
208,2021,E02000967,2021 super output areas - middle layer,152,Scottish and British only identity,7
209,2021,E02000967,2021 super output areas - middle layer,152,Northern Irish only identity,12
210,2021,E02000967,2021 super output areas - middle layer,152,Northern Irish and British only identity,4
211,2021,E02000967,2021 super output areas - middle layer,152,Cornish only identity,1
212,2021,E02000967,2021 super output areas - middle layer,152,Cornish and British only identity,0
213,2021,E02000967,2021 super output areas - middle layer,152,Any other combination of only UK identities ,9
214,2021,E02000967,2021 super output areas - middle layer,152,Irish only identity,48
215,2021,E02000967,2021 super output areas - middle layer,152,Irish and at least one UK identity,15
216,2021,E02000967,2021 super output areas - middle layer,152,Other identity only,2617
217,2021,E02000967,2021 super output areas - middle layer,152,Other identity and at least one UK identity,423
218,2021,E02000967,2021 super output areas - middle layer,152,Non-UK identity only,2665
219,2021,E02000967,2021 super output areas - middle layer,152,UK identity and non-UK identity,438
220,2021,E02000968,2021 super output areas - middle layer,152,Total: All usual residents,14479
221,2021,E02000968,2021 super output areas - middle layer,152,British only identity,9537
222,2021,E02000968,2021 super output areas - middle layer,152,English only identity,698
223,2021,E02000968,2021 super output areas - middle layer,152,English and British only identity,460
224,2021,E02000968,2021 super output areas - middle layer,152,Welsh only identity,10
225,2021,E02000968,2021 super output areas - middle layer,152,Welsh and British only identity,1
226,2021,E02000968,2021 super output areas - middle layer,152,Any other combination of only UK identities,74
227,2021,E02000968,2021 super output areas - middle layer,152,Scottish only identity,33
228,2021,E02000968,2021 super output areas - middle layer,152,Scottish and British only identity,9
229,2021,E02000968,2021 super output areas - middle layer,152,Northern Irish only identity,9
230,2021,E02000968,2021 super output areas - middle layer,152,Northern Irish and British only identity,3
231,2021,E02000968,2021 super output areas - middle layer,152,Cornish only identity,1
232,2021,E02000968,2021 super output areas - middle layer,152,Cornish and British only identity,0
233,2021,E02000968,2021 super output areas - middle layer,152,Any other combination of only UK identities ,19
234,2021,E02000968,2021 super output areas - middle layer,152,Irish only identity,120
235,2021,E02000968,2021 super output areas - middle layer,152,Irish and at least one UK identity,5
236,2021,E02000968,2021 super output areas - middle layer,152,Other identity only,3000
237,2021,E02000968,2021 super output areas - middle layer,152,Other identity and at least one UK identity,574
238,2021,E02000968,2021 super output areas - middle layer,152,Non-UK identity only,3120
239,2021,E02000968,2021 super output areas - middle layer,152,UK identity and non-UK identity,579
240,2021,E02000969,2021 super output areas - middle layer,152,Total: All usual residents,9610
241,2021,E02000969,2021 super output areas - middle layer,152,British only identity,6237
242,2021,E02000969,2021 super output areas - middle layer,152,English only identity,391
243,2021,E02000969,2021 super output areas - middle layer,152,English and British only identity,338
244,2021,E02000969,2021 super output areas - middle layer,152,Welsh only identity,14
245,2021,E02000969,2021 super output areas - middle layer,152,Welsh and British only identity,3
246,2021,E02000969,2021 super output areas - middle layer,152,Any other combination of only UK identities,56
247,2021,E02000969,2021 super output areas - middle layer,152,Scottish only identity,17
248,2021,E02000969,2021 super output areas - middle layer,152,Scottish and British only identity,12
249,2021,E02000969,2021 super output areas - middle layer,152,Northern Irish only identity,11
250,2021,E02000969,2021 super output areas - middle layer,152,Northern Irish and British only identity,5
251,2021,E02000969,2021 super output areas - middle layer,152,Cornish only identity,0
252,2021,E02000969,2021 super output areas - middle layer,152,Cornish and British only identity,0
253,2021,E02000969,2021 super output areas - middle layer,152,Any other combination of only UK identities ,11
254,2021,E02000969,2021 super output areas - middle layer,152,Irish only identity,67
255,2021,E02000969,2021 super output areas - middle layer,152,Irish and at least one UK identity,14
256,2021,E02000969,2021 super output areas - middle layer,152,Other identity only,2038
257,2021,E02000969,2021 super output areas - middle layer,152,Other identity and at least one UK identity,452
258,2021,E02000969,2021 super output areas - middle layer,152,Non-UK identity only,2105
259,2021,E02000969,2021 super output areas - middle layer,152,UK identity and non-UK identity,466
260,2021,E02000970,2021 super output areas - middle layer,152,Total: All usual residents,6837
261,2021,E02000970,2021 super output areas - middle layer,152,British only identity,2824
262,2021,E02000970,2021 super output areas - middle layer,152,English only identity,382
263,2021,E02000970,2021 super output areas - middle layer,152,English and British only identity,292
264,2021,E02000970,2021 super output areas - middle layer,152,Welsh only identity,14
265,2021,E02000970,2021 super output areas - middle layer,152,Welsh and British only identity,8
266,2021,E02000970,2021 super output areas - middle layer,152,Any other combination of only UK identities,73
267,2021,E02000970,2021 super output areas - middle layer,152,Scottish only identity,25
268,2021,E02000970,2021 super output areas - middle layer,152,Scottish and British only identity,23
269,2021,E02000970,2021 super output areas - middle layer,152,Northern Irish only identity,16
270,2021,E02000970,2021 super output areas - middle layer,152,Northern Irish and British only identity,1
271,2021,E02000970,2021 super output areas - middle layer,152,Cornish only identity,1
272,2021,E02000970,2021 super output areas - middle layer,152,Cornish and British only identity,0
273,2021,E02000970,2021 super output areas - middle layer,152,Any other combination of only UK identities ,7
274,2021,E02000970,2021 super output areas - middle layer,152,Irish only identity,68
275,2021,E02000970,2021 super output areas - middle layer,152,Irish and at least one UK identity,7
276,2021,E02000970,2021 super output areas - middle layer,152,Other identity only,2729
277,2021,E02000970,2021 super output areas - middle layer,152,Other identity and at least one UK identity,440
278,2021,E02000970,2021 super output areas - middle layer,152,Non-UK identity only,2797
279,2021,E02000970,2021 super output areas - middle layer,152,UK identity and non-UK identity,447
280,2021,E02000971,2021 super output areas - middle layer,152,Total: All usual residents,7472
281,2021,E02000971,2021 super output areas - middle layer,152,British only identity,2849
282,2021,E02000971,2021 super output areas - middle layer,152,English only identity,331
283,2021,E02000971,2021 super output areas - middle layer,152,English and British only identity,346
284,2021,E02000971,2021 super output areas - middle layer,152,Welsh only identity,17
285,2021,E02000971,2021 super output areas - middle layer,152,Welsh and British only identity,12
286,2021,E02000971,2021 super output areas - middle layer,152,Any other combination of only UK identities,69
287,2021,E02000971,2021 super output areas - middle layer,152,Scottish only identity,31
288,2021,E02000971,2021 super output areas - middle layer,152,Scottish and British only identity,12
289,2021,E02000971,2021 super output areas - middle layer,152,Northern Irish only identity,11
290,2021,E02000971,2021 super output areas - middle layer,152,Northern Irish and British only identity,5
291,2021,E02000971,2021 super output areas - middle layer,152,Cornish only identity,0
292,2021,E02000971,2021 super output areas - middle layer,152,Cornish and British only identity,1
293,2021,E02000971,2021 super output areas - middle layer,152,Any other combination of only UK identities ,9
294,2021,E02000971,2021 super output areas - middle layer,152,Irish only identity,60
295,2021,E02000971,2021 super output areas - middle layer,152,Irish and at least one UK identity,5
296,2021,E02000971,2021 super output areas - middle layer,152,Other identity only,3206
297,2021,E02000971,2021 super output areas - middle layer,152,Other identity and at least one UK identity,577
298,2021,E02000971,2021 super output areas - middle layer,152,Non-UK identity only,3266
299,2021,E02000971,2021 super output areas - middle layer,152,UK identity and non-UK identity,582
300,2021,E02000972,2021 super output areas - middle layer,152,Total: All usual residents,7880
301,2021,E02000972,2021 super output areas - middle layer,152,British only identity,3390
302,2021,E02000972,2021 super output areas - middle layer,152,English only identity,352
303,2021,E02000972,2021 super output areas - middle layer,152,English and British only identity,385
304,2021,E02000972,2021 super output areas - middle layer,152,Welsh only identity,15
305,2021,E02000972,2021 super output areas - middle layer,152,Welsh and British only identity,12
306,2021,E02000972,2021 super output areas - middle layer,152,Any other combination of only UK identities,75
307,2021,E02000972,2021 super output areas - middle layer,152,Scottish only identity,36
308,2021,E02000972,2021 super output areas - middle layer,152,Scottish and British only identity,13
309,2021,E02000972,2021 super output areas - middle layer,152,Northern Irish only identity,12
310,2021,E02000972,2021 super output areas - middle layer,152,Northern Irish and British only identity,4
311,2021,E02000972,2021 super output areas - middle layer,152,Cornish only identity,0
312,2021,E02000972,2021 super output areas - middle layer,152,Cornish and British only identity,0
313,2021,E02000972,2021 super output areas - middle layer,152,Any other combination of only UK identities ,10
314,2021,E02000972,2021 super output areas - middle layer,152,Irish only identity,95
315,2021,E02000972,2021 super output areas - middle layer,152,Irish and at least one UK identity,18
316,2021,E02000972,2021 super output areas - middle layer,152,Other identity only,3077
317,2021,E02000972,2021 super output areas - middle layer,152,Other identity and at least one UK identity,461
318,2021,E02000972,2021 super output areas - middle layer,152,Non-UK identity only,3172
319,2021,E02000972,2021 super output areas - middle layer,152,UK identity and non-UK identity,479
320,2021,E02000973,2021 super output areas - middle layer,152,Total: All usual residents,9955
321,2021,E02000973,2021 super output areas - middle layer,152,British only identity,4660
322,2021,E02000973,2021 super output areas - middle layer,152,English only identity,471
323,2021,E02000973,2021 super output areas - middle layer,152,English and British only identity,537
324,2021,E02000973,2021 super output areas - middle layer,152,Welsh only identity,28
325,2021,E02000973,2021 super output areas - middle layer,152,Welsh and British only identity,20
326,2021,E02000973,2021 super output areas - middle layer,152,Any other combination of only UK identities,108
327,2021,E02000973,2021 super output areas - middle layer,152,Scottish only identity,34
328,2021,E02000973,2021 super output areas - middle layer,152,Scottish and British only identity,34
329,2021,E02000973,2021 super output areas - middle layer,152,Northern Irish only identity,17
330,2021,E02000973,2021 super output areas - middle layer,152,Northern Irish and British only identity,6
331,2021,E02000973,2021 super output areas - middle layer,152,Cornish only identity,3
332,2021,E02000973,2021 super output areas - middle layer,152,Cornish and British only identity,0
333,2021,E02000973,2021 super output areas - middle layer,152,Any other combination of only UK identities ,14
334,2021,E02000973,2021 super output areas - middle layer,152,Irish only identity,111
335,2021,E02000973,2021 super output areas - middle layer,152,Irish and at least one UK identity,18
336,2021,E02000973,2021 super output areas - middle layer,152,Other identity only,3339
337,2021,E02000973,2021 super output areas - middle layer,152,Other identity and at least one UK identity,663
338,2021,E02000973,2021 super output areas - middle layer,152,Non-UK identity only,3450
339,2021,E02000973,2021 super output areas - middle layer,152,UK identity and non-UK identity,681
340,2021,E02000974,2021 super output areas - middle layer,152,Total: All usual residents,8703
341,2021,E02000974,2021 super output areas - middle layer,152,British only identity,3872
342,2021,E02000974,2021 super output areas - middle layer,152,English only identity,304
343,2021,E02000974,2021 super output areas - middle layer,152,English and British only identity,344
344,2021,E02000974,2021 super output areas - middle layer,152,Welsh only identity,21
345,2021,E02000974,2021 super output areas - middle layer,152,Welsh and British only identity,6
346,2021,E02000974,2021 super output areas - middle layer,152,Any other combination of only UK identities,69
347,2021,E02000974,2021 super output areas - middle layer,152,Scottish only identity,20
348,2021,E02000974,2021 super output areas - middle layer,152,Scottish and British only identity,15
349,2021,E02000974,2021 super output areas - middle layer,152,Northern Irish only identity,11
350,2021,E02000974,2021 super output areas - middle layer,152,Northern Irish and British only identity,2
351,2021,E02000974,2021 super output areas - middle layer,152,Cornish only identity,1
352,2021,E02000974,2021 super output areas - middle layer,152,Cornish and British only identity,0
353,2021,E02000974,2021 super output areas - middle layer,152,Any other combination of only UK identities ,20
354,2021,E02000974,2021 super output areas - middle layer,152,Irish only identity,59
355,2021,E02000974,2021 super output areas - middle layer,152,Irish and at least one UK identity,7
356,2021,E02000974,2021 super output areas - middle layer,152,Other identity only,3482
357,2021,E02000974,2021 super output areas - middle layer,152,Other identity and at least one UK identity,539
358,2021,E02000974,2021 super output areas - middle layer,152,Non-UK identity only,3541
359,2021,E02000974,2021 super output areas - middle layer,152,UK identity and non-UK identity,546
360,2021,E02000975,2021 super output areas - middle layer,152,Total: All usual residents,7418
361,2021,E02000975,2021 super output areas - middle layer,152,British only identity,2992
362,2021,E02000975,2021 super output areas - middle layer,152,English only identity,365
363,2021,E02000975,2021 super output areas - middle layer,152,English and British only identity,310
364,2021,E02000975,2021 super output areas - middle layer,152,Welsh only identity,14
365,2021,E02000975,2021 super output areas - middle layer,152,Welsh and British only identity,9
366,2021,E02000975,2021 super output areas - middle layer,152,Any other combination of only UK identities,65
367,2021,E02000975,2021 super output areas - middle layer,152,Scottish only identity,12
368,2021,E02000975,2021 super output areas - middle layer,152,Scottish and British only identity,14
369,2021,E02000975,2021 super output areas - middle layer,152,Northern Irish only identity,17
370,2021,E02000975,2021 super output areas - middle layer,152,Northern Irish and British only identity,3
371,2021,E02000975,2021 super output areas - middle layer,152,Cornish only identity,0
372,2021,E02000975,2021 super output areas - middle layer,152,Cornish and British only identity,0
373,2021,E02000975,2021 super output areas - middle layer,152,Any other combination of only UK identities ,19
374,2021,E02000975,2021 super output areas - middle layer,152,Irish only identity,88
375,2021,E02000975,2021 super output areas - middle layer,152,Irish and at least one UK identity,18
376,2021,E02000975,2021 super output areas - middle layer,152,Other identity only,3056
377,2021,E02000975,2021 super output areas - middle layer,152,Other identity and at least one UK identity,501
378,2021,E02000975,2021 super output areas - middle layer,152,Non-UK identity only,3144
379,2021,E02000975,2021 super output areas - middle layer,152,UK identity and non-UK identity,519
380,2021,E02000976,2021 super output areas - middle layer,152,Total: All usual residents,8441
381,2021,E02000976,2021 super output areas - middle layer,152,British only identity,3341
382,2021,E02000976,2021 super output areas - middle layer,152,English only identity,316
383,2021,E02000976,2021 super output areas - middle layer,152,English and British only identity,326
384,2021,E02000976,2021 super output areas - middle layer,152,Welsh only identity,14
385,2021,E02000976,2021 super output areas - middle layer,152,Welsh and British only identity,12
386,2021,E02000976,2021 super output areas - middle layer,152,Any other combination of only UK identities,51
387,2021,E02000976,2021 super output areas - middle layer,152,Scottish only identity,19
388,2021,E02000976,2021 super output areas - middle layer,152,Scottish and British only identity,8
389,2021,E02000976,2021 super output areas - middle layer,152,Northern Irish only identity,11
390,2021,E02000976,2021 super output areas - middle layer,152,Northern Irish and British only identity,1
391,2021,E02000976,2021 super output areas - middle layer,152,Cornish only identity,0
392,2021,E02000976,2021 super output areas - middle layer,152,Cornish and British only identity,0
393,2021,E02000976,2021 super output areas - middle layer,152,Any other combination of only UK identities ,12
394,2021,E02000976,2021 super output areas - middle layer,152,Irish only identity,72
395,2021,E02000976,2021 super output areas - middle layer,152,Irish and at least one UK identity,28
396,2021,E02000976,2021 super output areas - middle layer,152,Other identity only,3608
397,2021,E02000976,2021 super output areas - middle layer,152,Other identity and at least one UK identity,673
398,2021,E02000976,2021 super output areas - middle layer,152,Non-UK identity only,3680
399,2021,E02000976,2021 super output areas - middle layer,152,UK identity and non-UK identity,701
400,2021,E02000977,2021 super output areas - middle layer,152,Total: All usual residents,6389
401,2021,E02000977,2021 super output areas - middle layer,152,British only identity,2733
402,2021,E02000977,2021 super output areas - middle layer,152,English only identity,356
403,2021,E02000977,2021 super output areas - middle layer,152,English and British only identity,360
404,2021,E02000977,2021 super output areas - middle layer,152,Welsh only identity,14
405,2021,E02000977,2021 super output areas - middle layer,152,Welsh and British only identity,10
406,2021,E02000977,2021 super output areas - middle layer,152,Any other combination of only UK identities,90
407,2021,E02000977,2021 super output areas - middle layer,152,Scottish only identity,45
408,2021,E02000977,2021 super output areas - middle layer,152,Scottish and British only identity,14
409,2021,E02000977,2021 super output areas - middle layer,152,Northern Irish only identity,14
410,2021,E02000977,2021 super output areas - middle layer,152,Northern Irish and British only identity,6
411,2021,E02000977,2021 super output areas - middle layer,152,Cornish only identity,2
412,2021,E02000977,2021 super output areas - middle layer,152,Cornish and British only identity,0
413,2021,E02000977,2021 super output areas - middle layer,152,Any other combination of only UK identities ,9
414,2021,E02000977,2021 super output areas - middle layer,152,Irish only identity,80
415,2021,E02000977,2021 super output areas - middle layer,152,Irish and at least one UK identity,13
416,2021,E02000977,2021 super output areas - middle layer,152,Other identity only,2370
417,2021,E02000977,2021 super output areas - middle layer,152,Other identity and at least one UK identity,363
418,2021,E02000977,2021 super output areas - middle layer,152,Non-UK identity only,2450
419,2021,E02000977,2021 super output areas - middle layer,152,UK identity and non-UK identity,376
420,2021,E02000978,2021 super output areas - middle layer,152,Total: All usual residents,7129
421,2021,E02000978,2021 super output areas - middle layer,152,British only identity,2860
422,2021,E02000978,2021 super output areas - middle layer,152,English only identity,324
423,2021,E02000978,2021 super output areas - middle layer,152,English and British only identity,395
424,2021,E02000978,2021 super output areas - middle layer,152,Welsh only identity,17
425,2021,E02000978,2021 super output areas - middle layer,152,Welsh and British only identity,19
426,2021,E02000978,2021 super output areas - middle layer,152,Any other combination of only UK identities,80
427,2021,E02000978,2021 super output areas - middle layer,152,Scottish only identity,20
428,2021,E02000978,2021 super output areas - middle layer,152,Scottish and British only identity,18
429,2021,E02000978,2021 super output areas - middle layer,152,Northern Irish only identity,14
430,2021,E02000978,2021 super output areas - middle layer,152,Northern Irish and British only identity,8
431,2021,E02000978,2021 super output areas - middle layer,152,Cornish only identity,1
432,2021,E02000978,2021 super output areas - middle layer,152,Cornish and British only identity,0
433,2021,E02000978,2021 super output areas - middle layer,152,Any other combination of only UK identities ,19
434,2021,E02000978,2021 super output areas - middle layer,152,Irish only identity,71
435,2021,E02000978,2021 super output areas - middle layer,152,Irish and at least one UK identity,13
436,2021,E02000978,2021 super output areas - middle layer,152,Other identity only,2927
437,2021,E02000978,2021 super output areas - middle layer,152,Other identity and at least one UK identity,423
438,2021,E02000978,2021 super output areas - middle layer,152,Non-UK identity only,2998
439,2021,E02000978,2021 super output areas - middle layer,152,UK identity and non-UK identity,436
440,2021,E02000979,2021 super output areas - middle layer,152,Total: All usual residents,8083
441,2021,E02000979,2021 super output areas - middle layer,152,British only identity,3682
442,2021,E02000979,2021 super output areas - middle layer,152,English only identity,581
443,2021,E02000979,2021 super output areas - middle layer,152,English and British only identity,480
444,2021,E02000979,2021 super output areas - middle layer,152,Welsh only identity,24
445,2021,E02000979,2021 super output areas - middle layer,152,Welsh and British only identity,13
446,2021,E02000979,2021 super output areas - middle layer,152,Any other combination of only UK identities,149
447,2021,E02000979,2021 super output areas - middle layer,152,Scottish only identity,49
448,2021,E02000979,2021 super output areas - middle layer,152,Scottish and British only identity,33
449,2021,E02000979,2021 super output areas - middle layer,152,Northern Irish only identity,22
450,2021,E02000979,2021 super output areas - middle layer,152,Northern Irish and British only identity,12
451,2021,E02000979,2021 super output areas - middle layer,152,Cornish only identity,2
452,2021,E02000979,2021 super output areas - middle layer,152,Cornish and British only identity,1
453,2021,E02000979,2021 super output areas - middle layer,152,Any other combination of only UK identities ,30
454,2021,E02000979,2021 super output areas - middle layer,152,Irish only identity,99
455,2021,E02000979,2021 super output areas - middle layer,152,Irish and at least one UK identity,25
456,2021,E02000979,2021 super output areas - middle layer,152,Other identity only,2563
457,2021,E02000979,2021 super output areas - middle layer,152,Other identity and at least one UK identity,467
458,2021,E02000979,2021 super output areas - middle layer,152,Non-UK identity only,2662
459,2021,E02000979,2021 super output areas - middle layer,152,UK identity and non-UK identity,492
460,2021,E02000980,2021 super output areas - middle layer,152,Total: All usual residents,8726
461,2021,E02000980,2021 super output areas - middle layer,152,British only identity,4663
462,2021,E02000980,2021 super output areas - middle layer,152,English only identity,540
463,2021,E02000980,2021 super output areas - middle layer,152,English and British only identity,470
464,2021,E02000980,2021 super output areas - middle layer,152,Welsh only identity,14
465,2021,E02000980,2021 super output areas - middle layer,152,Welsh and British only identity,14
466,2021,E02000980,2021 super output areas - middle layer,152,Any other combination of only UK identities,97
467,2021,E02000980,2021 super output areas - middle layer,152,Scottish only identity,42
468,2021,E02000980,2021 super output areas - middle layer,152,Scottish and British only identity,25
469,2021,E02000980,2021 super output areas - middle layer,152,Northern Irish only identity,9
470,2021,E02000980,2021 super output areas - middle layer,152,Northern Irish and British only identity,4
471,2021,E02000980,2021 super output areas - middle layer,152,Cornish only identity,4
472,2021,E02000980,2021 super output areas - middle layer,152,Cornish and British only identity,1
473,2021,E02000980,2021 super output areas - middle layer,152,Any other combination of only UK identities ,12
474,2021,E02000980,2021 super output areas - middle layer,152,Irish only identity,83
475,2021,E02000980,2021 super output areas - middle layer,152,Irish and at least one UK identity,21
476,2021,E02000980,2021 super output areas - middle layer,152,Other identity only,2368
477,2021,E02000980,2021 super output areas - middle layer,152,Other identity and at least one UK identity,456
478,2021,E02000980,2021 super output areas - middle layer,152,Non-UK identity only,2451
479,2021,E02000980,2021 super output areas - middle layer,152,UK identity and non-UK identity,477
480,2021,E02000981,2021 super output areas - middle layer,152,Total: All usual residents,8268
481,2021,E02000981,2021 super output areas - middle layer,152,British only identity,4091
482,2021,E02000981,2021 super output areas - middle layer,152,English only identity,639
483,2021,E02000981,2021 super output areas - middle layer,152,English and British only identity,623
484,2021,E02000981,2021 super output areas - middle layer,152,Welsh only identity,16
485,2021,E02000981,2021 super output areas - middle layer,152,Welsh and British only identity,22
486,2021,E02000981,2021 super output areas - middle layer,152,Any other combination of only UK identities,142
487,2021,E02000981,2021 super output areas - middle layer,152,Scottish only identity,39
488,2021,E02000981,2021 super output areas - middle layer,152,Scottish and British only identity,34
489,2021,E02000981,2021 super output areas - middle layer,152,Northern Irish only identity,29
490,2021,E02000981,2021 super output areas - middle layer,152,Northern Irish and British only identity,9
491,2021,E02000981,2021 super output areas - middle layer,152,Cornish only identity,2
492,2021,E02000981,2021 super output areas - middle layer,152,Cornish and British only identity,0
493,2021,E02000981,2021 super output areas - middle layer,152,Any other combination of only UK identities ,29
494,2021,E02000981,2021 super output areas - middle layer,152,Irish only identity,100
495,2021,E02000981,2021 super output areas - middle layer,152,Irish and at least one UK identity,26
496,2021,E02000981,2021 super output areas - middle layer,152,Other identity only,2205
497,2021,E02000981,2021 super output areas - middle layer,152,Other identity and at least one UK identity,404
498,2021,E02000981,2021 super output areas - middle layer,152,Non-UK identity only,2305
499,2021,E02000981,2021 super output areas - middle layer,152,UK identity and non-UK identity,430
500,2021,E02000982,2021 super output areas - middle layer,152,Total: All usual residents,7639
501,2021,E02000982,2021 super output areas - middle layer,152,British only identity,4234
502,2021,E02000982,2021 super output areas - middle layer,152,English only identity,519
503,2021,E02000982,2021 super output areas - middle layer,152,English and British only identity,425
504,2021,E02000982,2021 super output areas - middle layer,152,Welsh only identity,16
505,2021,E02000982,2021 super output areas - middle layer,152,Welsh and British only identity,11
506,2021,E02000982,2021 super output areas - middle layer,152,Any other combination of only UK identities,69
507,2021,E02000982,2021 super output areas - middle layer,152,Scottish only identity,30
508,2021,E02000982,2021 super output areas - middle layer,152,Scottish and British only identity,15
509,2021,E02000982,2021 super output areas - middle layer,152,Northern Irish only identity,9
510,2021,E02000982,2021 super output areas - middle layer,152,Northern Irish and British only identity,3
511,2021,E02000982,2021 super output areas - middle layer,152,Cornish only identity,1
512,2021,E02000982,2021 super output areas - middle layer,152,Cornish and British only identity,0
513,2021,E02000982,2021 super output areas - middle layer,152,Any other combination of only UK identities ,11
514,2021,E02000982,2021 super output areas - middle layer,152,Irish only identity,83
515,2021,E02000982,2021 super output areas - middle layer,152,Irish and at least one UK identity,18
516,2021,E02000982,2021 super output areas - middle layer,152,Other identity only,1843
517,2021,E02000982,2021 super output areas - middle layer,152,Other identity and at least one UK identity,421
518,2021,E02000982,2021 super output areas - middle layer,152,Non-UK identity only,1926
519,2021,E02000982,2021 super output areas - middle layer,152,UK identity and non-UK identity,439
520,2021,E02000983,2021 super output areas - middle layer,152,Total: All usual residents,7695
521,2021,E02000983,2021 super output areas - middle layer,152,British only identity,4094
522,2021,E02000983,2021 super output areas - middle layer,152,English only identity,574
523,2021,E02000983,2021 super output areas - middle layer,152,English and British only identity,498
524,2021,E02000983,2021 super output areas - middle layer,152,Welsh only identity,23
525,2021,E02000983,2021 super output areas - middle layer,152,Welsh and British only identity,18
526,2021,E02000983,2021 super output areas - middle layer,152,Any other combination of only UK identities,100
527,2021,E02000983,2021 super output areas - middle layer,152,Scottish only identity,35
528,2021,E02000983,2021 super output areas - middle layer,152,Scottish and British only identity,40
529,2021,E02000983,2021 super output areas - middle layer,152,Northern Irish only identity,12
530,2021,E02000983,2021 super output areas - middle layer,152,Northern Irish and British only identity,4
531,2021,E02000983,2021 super output areas - middle layer,152,Cornish only identity,1
532,2021,E02000983,2021 super output areas - middle layer,152,Cornish and British only identity,0
533,2021,E02000983,2021 super output areas - middle layer,152,Any other combination of only UK identities ,8
534,2021,E02000983,2021 super output areas - middle layer,152,Irish only identity,88
535,2021,E02000983,2021 super output areas - middle layer,152,Irish and at least one UK identity,14
536,2021,E02000983,2021 super output areas - middle layer,152,Other identity only,1881
537,2021,E02000983,2021 super output areas - middle layer,152,Other identity and at least one UK identity,405
538,2021,E02000983,2021 super output areas - middle layer,152,Non-UK identity only,1969
539,2021,E02000983,2021 super output areas - middle layer,152,UK identity and non-UK identity,419
540,2021,E02003314,2021 super output areas - middle layer,152,Total: All usual residents,6775
541,2021,E02003314,2021 super output areas - middle layer,152,British only identity,3658
542,2021,E02003314,2021 super output areas - middle layer,152,English only identity,1707
543,2021,E02003314,2021 super output areas - middle layer,152,English and British only identity,1079
544,2021,E02003314,2021 super output areas - middle layer,152,Welsh only identity,22
545,2021,E02003314,2021 super output areas - middle layer,152,Welsh and British only identity,5
546,2021,E02003314,2021 super output areas - middle layer,152,Any other combination of only UK identities,60
547,2021,E02003314,2021 super output areas - middle layer,152,Scottish only identity,27
548,2021,E02003314,2021 super output areas - middle layer,152,Scottish and British only identity,11
549,2021,E02003314,2021 super output areas - middle layer,152,Northern Irish only identity,7
550,2021,E02003314,2021 super output areas - middle layer,152,Northern Irish and British only identity,1
551,2021,E02003314,2021 super output areas - middle layer,152,Cornish only identity,1
552,2021,E02003314,2021 super output areas - middle layer,152,Cornish and British only identity,0
553,2021,E02003314,2021 super output areas - middle layer,152,Any other combination of only UK identities ,13
554,2021,E02003314,2021 super output areas - middle layer,152,Irish only identity,24
555,2021,E02003314,2021 super output areas - middle layer,152,Irish and at least one UK identity,4
556,2021,E02003314,2021 super output areas - middle layer,152,Other identity only,187
557,2021,E02003314,2021 super output areas - middle layer,152,Other identity and at least one UK identity,29
558,2021,E02003314,2021 super output areas - middle layer,152,Non-UK identity only,211
559,2021,E02003314,2021 super output areas - middle layer,152,UK identity and non-UK identity,33
560,2021,E02003315,2021 super output areas - middle layer,152,Total: All usual residents,5729
561,2021,E02003315,2021 super output areas - middle layer,152,British only identity,3233
562,2021,E02003315,2021 super output areas - middle layer,152,English only identity,1414
563,2021,E02003315,2021 super output areas - middle layer,152,English and British only identity,881
564,2021,E02003315,2021 super output areas - middle layer,152,Welsh only identity,15
565,2021,E02003315,2021 super output areas - middle layer,152,Welsh and British only identity,7
566,2021,E02003315,2021 super output areas - middle layer,152,Any other combination of only UK identities,24
567,2021,E02003315,2021 super output areas - middle layer,152,Scottish only identity,5
568,2021,E02003315,2021 super output areas - middle layer,152,Scottish and British only identity,7
569,2021,E02003315,2021 super output areas - middle layer,152,Northern Irish only identity,6
570,2021,E02003315,2021 super output areas - middle layer,152,Northern Irish and British only identity,1
571,2021,E02003315,2021 super output areas - middle layer,152,Cornish only identity,0
572,2021,E02003315,2021 super output areas - middle layer,152,Cornish and British only identity,0
573,2021,E02003315,2021 super output areas - middle layer,152,Any other combination of only UK identities ,5
574,2021,E02003315,2021 super output areas - middle layer,152,Irish only identity,18
575,2021,E02003315,2021 super output areas - middle layer,152,Irish and at least one UK identity,1
576,2021,E02003315,2021 super output areas - middle layer,152,Other identity only,95
577,2021,E02003315,2021 super output areas - middle layer,152,Other identity and at least one UK identity,41
578,2021,E02003315,2021 super output areas - middle layer,152,Non-UK identity only,113
579,2021,E02003315,2021 super output areas - middle layer,152,UK identity and non-UK identity,42
580,2021,E02003316,2021 super output areas - middle layer,152,Total: All usual residents,12140
581,2021,E02003316,2021 super output areas - middle layer,152,British only identity,6983
582,2021,E02003316,2021 super output areas - middle layer,152,English only identity,2679
583,2021,E02003316,2021 super output areas - middle layer,152,English and British only identity,1898
584,2021,E02003316,2021 super output areas - middle layer,152,Welsh only identity,18
585,2021,E02003316,2021 super output areas - middle layer,152,Welsh and British only identity,4
586,2021,E02003316,2021 super output areas - middle layer,152,Any other combination of only UK identities,66
587,2021,E02003316,2021 super output areas - middle layer,152,Scottish only identity,35
588,2021,E02003316,2021 super output areas - middle layer,152,Scottish and British only identity,11
589,2021,E02003316,2021 super output areas - middle layer,152,Northern Irish only identity,8
590,2021,E02003316,2021 super output areas - middle layer,152,Northern Irish and British only identity,1
591,2021,E02003316,2021 super output areas - middle layer,152,Cornish only identity,2
592,2021,E02003316,2021 super output areas - middle layer,152,Cornish and British only identity,0
593,2021,E02003316,2021 super output areas - middle layer,152,Any other combination of only UK identities ,9
594,2021,E02003316,2021 super output areas - middle layer,152,Irish only identity,45
595,2021,E02003316,2021 super output areas - middle layer,152,Irish and at least one UK identity,5
596,2021,E02003316,2021 super output areas - middle layer,152,Other identity only,360
597,2021,E02003316,2021 super output areas - middle layer,152,Other identity and at least one UK identity,82
598,2021,E02003316,2021 super output areas - middle layer,152,Non-UK identity only,405
599,2021,E02003316,2021 super output areas - middle layer,152,UK identity and non-UK identity,87
600,2021,E02003317,2021 super output areas - middle layer,152,Total: All usual residents,7077
601,2021,E02003317,2021 super output areas - middle layer,152,British only identity,4117
602,2021,E02003317,2021 super output areas - middle layer,152,English only identity,1477
603,2021,E02003317,2021 super output areas - middle layer,152,English and British only identity,1105
604,2021,E02003317,2021 super output areas - middle layer,152,Welsh only identity,8
605,2021,E02003317,2021 super output areas - middle layer,152,Welsh and British only identity,2
606,2021,E02003317,2021 super output areas - middle layer,152,Any other combination of only UK identities,23
607,2021,E02003317,2021 super output areas - middle layer,152,Scottish only identity,8
608,2021,E02003317,2021 super output areas - middle layer,152,Scottish and British only identity,4
609,2021,E02003317,2021 super output areas - middle layer,152,Northern Irish only identity,3
610,2021,E02003317,2021 super output areas - middle layer,152,Northern Irish and British only identity,3
611,2021,E02003317,2021 super output areas - middle layer,152,Cornish only identity,0
612,2021,E02003317,2021 super output areas - middle layer,152,Cornish and British only identity,0
613,2021,E02003317,2021 super output areas - middle layer,152,Any other combination of only UK identities ,5
614,2021,E02003317,2021 super output areas - middle layer,152,Irish only identity,22
615,2021,E02003317,2021 super output areas - middle layer,152,Irish and at least one UK identity,3
616,2021,E02003317,2021 super output areas - middle layer,152,Other identity only,226
617,2021,E02003317,2021 super output areas - middle layer,152,Other identity and at least one UK identity,94
618,2021,E02003317,2021 super output areas - middle layer,152,Non-UK identity only,248
619,2021,E02003317,2021 super output areas - middle layer,152,UK identity and non-UK identity,97
620,2021,E02003318,2021 super output areas - middle layer,152,Total: All usual residents,5967
621,2021,E02003318,2021 super output areas - middle layer,152,British only identity,3394
622,2021,E02003318,2021 super output areas - middle layer,152,English only identity,1338
623,2021,E02003318,2021 super output areas - middle layer,152,English and British only identity,877
624,2021,E02003318,2021 super output areas - middle layer,152,Welsh only identity,10
625,2021,E02003318,2021 super output areas - middle layer,152,Welsh and British only identity,3
626,2021,E02003318,2021 super output areas - middle layer,152,Any other combination of only UK identities,32
627,2021,E02003318,2021 super output areas - middle layer,152,Scottish only identity,20
628,2021,E02003318,2021 super output areas - middle layer,152,Scottish and British only identity,6
629,2021,E02003318,2021 super output areas - middle layer,152,Northern Irish only identity,2
630,2021,E02003318,2021 super output areas - middle layer,152,Northern Irish and British only identity,0
631,2021,E02003318,2021 super output areas - middle layer,152,Cornish only identity,0
632,2021,E02003318,2021 super output areas - middle layer,152,Cornish and British only identity,0
633,2021,E02003318,2021 super output areas - middle layer,152,Any other combination of only UK identities ,4
634,2021,E02003318,2021 super output areas - middle layer,152,Irish only identity,20
635,2021,E02003318,2021 super output areas - middle layer,152,Irish and at least one UK identity,3
636,2021,E02003318,2021 super output areas - middle layer,152,Other identity only,231
637,2021,E02003318,2021 super output areas - middle layer,152,Other identity and at least one UK identity,59
638,2021,E02003318,2021 super output areas - middle layer,152,Non-UK identity only,251
639,2021,E02003318,2021 super output areas - middle layer,152,UK identity and non-UK identity,62
640,2021,E02003319,2021 super output areas - middle layer,152,Total: All usual residents,8241
641,2021,E02003319,2021 super output areas - middle layer,152,British only identity,4742
642,2021,E02003319,2021 super output areas - middle layer,152,English only identity,1400
643,2021,E02003319,2021 super output areas - middle layer,152,English and British only identity,1119
644,2021,E02003319,2021 super output areas - middle layer,152,Welsh only identity,8
645,2021,E02003319,2021 super output areas - middle layer,152,Welsh and British only identity,7
646,2021,E02003319,2021 super output areas - middle layer,152,Any other combination of only UK identities,62
647,2021,E02003319,2021 super output areas - middle layer,152,Scottish only identity,38
648,2021,E02003319,2021 super output areas - middle layer,152,Scottish and British only identity,8
649,2021,E02003319,2021 super output areas - middle layer,152,Northern Irish only identity,6
650,2021,E02003319,2021 super output areas - middle layer,152,Northern Irish and British only identity,1
651,2021,E02003319,2021 super output areas - middle layer,152,Cornish only identity,1
652,2021,E02003319,2021 super output areas - middle layer,152,Cornish and British only identity,0
653,2021,E02003319,2021 super output areas - middle layer,152,Any other combination of only UK identities ,8
654,2021,E02003319,2021 super output areas - middle layer,152,Irish only identity,47
655,2021,E02003319,2021 super output areas - middle layer,152,Irish and at least one UK identity,10
656,2021,E02003319,2021 super output areas - middle layer,152,Other identity only,723
657,2021,E02003319,2021 super output areas - middle layer,152,Other identity and at least one UK identity,123
658,2021,E02003319,2021 super output areas - middle layer,152,Non-UK identity only,770
659,2021,E02003319,2021 super output areas - middle layer,152,UK identity and non-UK identity,133
660,2021,E02003320,2021 super output areas - middle layer,152,Total: All usual residents,9402
661,2021,E02003320,2021 super output areas - middle layer,152,British only identity,5267
662,2021,E02003320,2021 super output areas - middle layer,152,English only identity,1373
663,2021,E02003320,2021 super output areas - middle layer,152,English and British only identity,1238
664,2021,E02003320,2021 super output areas - middle layer,152,Welsh only identity,37
665,2021,E02003320,2021 super output areas - middle layer,152,Welsh and British only identity,10
666,2021,E02003320,2021 super output areas - middle layer,152,Any other combination of only UK identities,114
667,2021,E02003320,2021 super output areas - middle layer,152,Scottish only identity,49
668,2021,E02003320,2021 super output areas - middle layer,152,Scottish and British only identity,22
669,2021,E02003320,2021 super output areas - middle layer,152,Northern Irish only identity,14
670,2021,E02003320,2021 super output areas - middle layer,152,Northern Irish and British only identity,9
671,2021,E02003320,2021 super output areas - middle layer,152,Cornish only identity,1
672,2021,E02003320,2021 super output areas - middle layer,152,Cornish and British only identity,0
673,2021,E02003320,2021 super output areas - middle layer,152,Any other combination of only UK identities ,19
674,2021,E02003320,2021 super output areas - middle layer,152,Irish only identity,41
675,2021,E02003320,2021 super output areas - middle layer,152,Irish and at least one UK identity,8
676,2021,E02003320,2021 super output areas - middle layer,152,Other identity only,1107
677,2021,E02003320,2021 super output areas - middle layer,152,Other identity and at least one UK identity,207
678,2021,E02003320,2021 super output areas - middle layer,152,Non-UK identity only,1148
679,2021,E02003320,2021 super output areas - middle layer,152,UK identity and non-UK identity,215
680,2021,E02003321,2021 super output areas - middle layer,152,Total: All usual residents,6489
681,2021,E02003321,2021 super output areas - middle layer,152,British only identity,3711
682,2021,E02003321,2021 super output areas - middle layer,152,English only identity,1214
683,2021,E02003321,2021 super output areas - middle layer,152,English and British only identity,1057
684,2021,E02003321,2021 super output areas - middle layer,152,Welsh only identity,13
685,2021,E02003321,2021 super output areas - middle layer,152,Welsh and British only identity,3
686,2021,E02003321,2021 super output areas - middle layer,152,Any other combination of only UK identities,40
687,2021,E02003321,2021 super output areas - middle layer,152,Scottish only identity,21
688,2021,E02003321,2021 super output areas - middle layer,152,Scottish and British only identity,10
689,2021,E02003321,2021 super output areas - middle layer,152,Northern Irish only identity,5
690,2021,E02003321,2021 super output areas - middle layer,152,Northern Irish and British only identity,0
691,2021,E02003321,2021 super output areas - middle layer,152,Cornish only identity,0
692,2021,E02003321,2021 super output areas - middle layer,152,Cornish and British only identity,0
693,2021,E02003321,2021 super output areas - middle layer,152,Any other combination of only UK identities ,4
694,2021,E02003321,2021 super output areas - middle layer,152,Irish only identity,15
695,2021,E02003321,2021 super output areas - middle layer,152,Irish and at least one UK identity,1
696,2021,E02003321,2021 super output areas - middle layer,152,Other identity only,362
697,2021,E02003321,2021 super output areas - middle layer,152,Other identity and at least one UK identity,73
698,2021,E02003321,2021 super output areas - middle layer,152,Non-UK identity only,377
699,2021,E02003321,2021 super output areas - middle layer,152,UK identity and non-UK identity,74
700,2021,E02003322,2021 super output areas - middle layer,152,Total: All usual residents,8037
701,2021,E02003322,2021 super output areas - middle layer,152,British only identity,4294
702,2021,E02003322,2021 super output areas - middle layer,152,English only identity,1075
703,2021,E02003322,2021 super output areas - middle layer,152,English and British only identity,1122
704,2021,E02003322,2021 super output areas - middle layer,152,Welsh only identity,23
705,2021,E02003322,2021 super output areas - middle layer,152,Welsh and British only identity,2
706,2021,E02003322,2021 super output areas - middle layer,152,Any other combination of only UK identities,47
707,2021,E02003322,2021 super output areas - middle layer,152,Scottish only identity,13
708,2021,E02003322,2021 super output areas - middle layer,152,Scottish and British only identity,18
709,2021,E02003322,2021 super output areas - middle layer,152,Northern Irish only identity,4
710,2021,E02003322,2021 super output areas - middle layer,152,Northern Irish and British only identity,4
711,2021,E02003322,2021 super output areas - middle layer,152,Cornish only identity,0
712,2021,E02003322,2021 super output areas - middle layer,152,Cornish and British only identity,0
713,2021,E02003322,2021 super output areas - middle layer,152,Any other combination of only UK identities ,8
714,2021,E02003322,2021 super output areas - middle layer,152,Irish only identity,42
715,2021,E02003322,2021 super output areas - middle layer,152,Irish and at least one UK identity,5
716,2021,E02003322,2021 super output areas - middle layer,152,Other identity only,1246
717,2021,E02003322,2021 super output areas - middle layer,152,Other identity and at least one UK identity,181
718,2021,E02003322,2021 super output areas - middle layer,152,Non-UK identity only,1288
719,2021,E02003322,2021 super output areas - middle layer,152,UK identity and non-UK identity,186
720,2021,E02003323,2021 super output areas - middle layer,152,Total: All usual residents,7386
721,2021,E02003323,2021 super output areas - middle layer,152,British only identity,4265
722,2021,E02003323,2021 super output areas - middle layer,152,English only identity,1214
723,2021,E02003323,2021 super output areas - middle layer,152,English and British only identity,1225
724,2021,E02003323,2021 super output areas - middle layer,152,Welsh only identity,11
725,2021,E02003323,2021 super output areas - middle layer,152,Welsh and British only identity,10
726,2021,E02003323,2021 super output areas - middle layer,152,Any other combination of only UK identities,43
727,2021,E02003323,2021 super output areas - middle layer,152,Scottish only identity,17
728,2021,E02003323,2021 super output areas - middle layer,152,Scottish and British only identity,8
729,2021,E02003323,2021 super output areas - middle layer,152,Northern Irish only identity,3
730,2021,E02003323,2021 super output areas - middle layer,152,Northern Irish and British only identity,4
731,2021,E02003323,2021 super output areas - middle layer,152,Cornish only identity,2
732,2021,E02003323,2021 super output areas - middle layer,152,Cornish and British only identity,0
733,2021,E02003323,2021 super output areas - middle layer,152,Any other combination of only UK identities ,9
734,2021,E02003323,2021 super output areas - middle layer,152,Irish only identity,33
735,2021,E02003323,2021 super output areas - middle layer,152,Irish and at least one UK identity,6
736,2021,E02003323,2021 super output areas - middle layer,152,Other identity only,501
737,2021,E02003323,2021 super output areas - middle layer,152,Other identity and at least one UK identity,78
738,2021,E02003323,2021 super output areas - middle layer,152,Non-UK identity only,534
739,2021,E02003323,2021 super output areas - middle layer,152,UK identity and non-UK identity,84
740,2021,E02003324,2021 super output areas - middle layer,152,Total: All usual residents,10082
741,2021,E02003324,2021 super output areas - middle layer,152,British only identity,5785
742,2021,E02003324,2021 super output areas - middle layer,152,English only identity,1816
743,2021,E02003324,2021 super output areas - middle layer,152,English and British only identity,1489
744,2021,E02003324,2021 super output areas - middle layer,152,Welsh only identity,5
745,2021,E02003324,2021 super output areas - middle layer,152,Welsh and British only identity,3
746,2021,E02003324,2021 super output areas - middle layer,152,Any other combination of only UK identities,66
747,2021,E02003324,2021 super output areas - middle layer,152,Scottish only identity,29
748,2021,E02003324,2021 super output areas - middle layer,152,Scottish and British only identity,15
749,2021,E02003324,2021 super output areas - middle layer,152,Northern Irish only identity,9
750,2021,E02003324,2021 super output areas - middle layer,152,Northern Irish and British only identity,3
751,2021,E02003324,2021 super output areas - middle layer,152,Cornish only identity,0
752,2021,E02003324,2021 super output areas - middle layer,152,Cornish and British only identity,0
753,2021,E02003324,2021 super output areas - middle layer,152,Any other combination of only UK identities ,10
754,2021,E02003324,2021 super output areas - middle layer,152,Irish only identity,48
755,2021,E02003324,2021 super output areas - middle layer,152,Irish and at least one UK identity,11
756,2021,E02003324,2021 super output areas - middle layer,152,Other identity only,748
757,2021,E02003324,2021 super output areas - middle layer,152,Other identity and at least one UK identity,111
758,2021,E02003324,2021 super output areas - middle layer,152,Non-UK identity only,796
759,2021,E02003324,2021 super output areas - middle layer,152,UK identity and non-UK identity,122
760,2021,E02003325,2021 super output areas - middle layer,152,Total: All usual residents,7362
761,2021,E02003325,2021 super output areas - middle layer,152,British only identity,3844
762,2021,E02003325,2021 super output areas - middle layer,152,English only identity,1056
763,2021,E02003325,2021 super output areas - middle layer,152,English and British only identity,920
764,2021,E02003325,2021 super output areas - middle layer,152,Welsh only identity,11
765,2021,E02003325,2021 super output areas - middle layer,152,Welsh and British only identity,6
766,2021,E02003325,2021 super output areas - middle layer,152,Any other combination of only UK identities,46
767,2021,E02003325,2021 super output areas - middle layer,152,Scottish only identity,33
768,2021,E02003325,2021 super output areas - middle layer,152,Scottish and British only identity,4
769,2021,E02003325,2021 super output areas - middle layer,152,Northern Irish only identity,3
770,2021,E02003325,2021 super output areas - middle layer,152,Northern Irish and British only identity,1
771,2021,E02003325,2021 super output areas - middle layer,152,Cornish only identity,0
772,2021,E02003325,2021 super output areas - middle layer,152,Cornish and British only identity,0
773,2021,E02003325,2021 super output areas - middle layer,152,Any other combination of only UK identities ,5
774,2021,E02003325,2021 super output areas - middle layer,152,Irish only identity,34
775,2021,E02003325,2021 super output areas - middle layer,152,Irish and at least one UK identity,4
776,2021,E02003325,2021 super output areas - middle layer,152,Other identity only,1287
777,2021,E02003325,2021 super output areas - middle layer,152,Other identity and at least one UK identity,154
778,2021,E02003325,2021 super output areas - middle layer,152,Non-UK identity only,1321
779,2021,E02003325,2021 super output areas - middle layer,152,UK identity and non-UK identity,158
780,2021,E02003326,2021 super output areas - middle layer,152,Total: All usual residents,7766
781,2021,E02003326,2021 super output areas - middle layer,152,British only identity,4398
782,2021,E02003326,2021 super output areas - middle layer,152,English only identity,1318
783,2021,E02003326,2021 super output areas - middle layer,152,English and British only identity,1057
784,2021,E02003326,2021 super output areas - middle layer,152,Welsh only identity,11
785,2021,E02003326,2021 super output areas - middle layer,152,Welsh and British only identity,5
786,2021,E02003326,2021 super output areas - middle layer,152,Any other combination of only UK identities,41
787,2021,E02003326,2021 super output areas - middle layer,152,Scottish only identity,16
788,2021,E02003326,2021 super output areas - middle layer,152,Scottish and British only identity,6
789,2021,E02003326,2021 super output areas - middle layer,152,Northern Irish only identity,11
790,2021,E02003326,2021 super output areas - middle layer,152,Northern Irish and British only identity,0
791,2021,E02003326,2021 super output areas - middle layer,152,Cornish only identity,2
792,2021,E02003326,2021 super output areas - middle layer,152,Cornish and British only identity,0
793,2021,E02003326,2021 super output areas - middle layer,152,Any other combination of only UK identities ,6
794,2021,E02003326,2021 super output areas - middle layer,152,Irish only identity,34
795,2021,E02003326,2021 super output areas - middle layer,152,Irish and at least one UK identity,1
796,2021,E02003326,2021 super output areas - middle layer,152,Other identity only,777
797,2021,E02003326,2021 super output areas - middle layer,152,Other identity and at least one UK identity,124
798,2021,E02003326,2021 super output areas - middle layer,152,Non-UK identity only,811
799,2021,E02003326,2021 super output areas - middle layer,152,UK identity and non-UK identity,125
800,2021,E02003327,2021 super output areas - middle layer,152,Total: All usual residents,7458
801,2021,E02003327,2021 super output areas - middle layer,152,British only identity,4265
802,2021,E02003327,2021 super output areas - middle layer,152,English only identity,1120
803,2021,E02003327,2021 super output areas - middle layer,152,English and British only identity,1081
804,2021,E02003327,2021 super output areas - middle layer,152,Welsh only identity,24
805,2021,E02003327,2021 super output areas - middle layer,152,Welsh and British only identity,8
806,2021,E02003327,2021 super output areas - middle layer,152,Any other combination of only UK identities,81
807,2021,E02003327,2021 super output areas - middle layer,152,Scottish only identity,36
808,2021,E02003327,2021 super output areas - middle layer,152,Scottish and British only identity,17
809,2021,E02003327,2021 super output areas - middle layer,152,Northern Irish only identity,17
810,2021,E02003327,2021 super output areas - middle layer,152,Northern Irish and British only identity,5
811,2021,E02003327,2021 super output areas - middle layer,152,Cornish only identity,0
812,2021,E02003327,2021 super output areas - middle layer,152,Cornish and British only identity,1
813,2021,E02003327,2021 super output areas - middle layer,152,Any other combination of only UK identities ,5
814,2021,E02003327,2021 super output areas - middle layer,152,Irish only identity,53
815,2021,E02003327,2021 super output areas - middle layer,152,Irish and at least one UK identity,15
816,2021,E02003327,2021 super output areas - middle layer,152,Other identity only,652
817,2021,E02003327,2021 super output areas - middle layer,152,Other identity and at least one UK identity,159
818,2021,E02003327,2021 super output areas - middle layer,152,Non-UK identity only,705
819,2021,E02003327,2021 super output areas - middle layer,152,UK identity and non-UK identity,174
820,2021,E02003328,2021 super output areas - middle layer,152,Total: All usual residents,9919
821,2021,E02003328,2021 super output areas - middle layer,152,British only identity,5153
822,2021,E02003328,2021 super output areas - middle layer,152,English only identity,1227
823,2021,E02003328,2021 super output areas - middle layer,152,English and British only identity,1239
824,2021,E02003328,2021 super output areas - middle layer,152,Welsh only identity,16
825,2021,E02003328,2021 super output areas - middle layer,152,Welsh and British only identity,8
826,2021,E02003328,2021 super output areas - middle layer,152,Any other combination of only UK identities,65
827,2021,E02003328,2021 super output areas - middle layer,152,Scottish only identity,24
828,2021,E02003328,2021 super output areas - middle layer,152,Scottish and British only identity,6
829,2021,E02003328,2021 super output areas - middle layer,152,Northern Irish only identity,10
830,2021,E02003328,2021 super output areas - middle layer,152,Northern Irish and British only identity,2
831,2021,E02003328,2021 super output areas - middle layer,152,Cornish only identity,1
832,2021,E02003328,2021 super output areas - middle layer,152,Cornish and British only identity,0
833,2021,E02003328,2021 super output areas - middle layer,152,Any other combination of only UK identities ,22
834,2021,E02003328,2021 super output areas - middle layer,152,Irish only identity,33
835,2021,E02003328,2021 super output areas - middle layer,152,Irish and at least one UK identity,12
836,2021,E02003328,2021 super output areas - middle layer,152,Other identity only,1881
837,2021,E02003328,2021 super output areas - middle layer,152,Other identity and at least one UK identity,285
838,2021,E02003328,2021 super output areas - middle layer,152,Non-UK identity only,1914
839,2021,E02003328,2021 super output areas - middle layer,152,UK identity and non-UK identity,297
840,2021,E02003329,2021 super output areas - middle layer,152,Total: All usual residents,6879
841,2021,E02003329,2021 super output areas - middle layer,152,British only identity,3691
842,2021,E02003329,2021 super output areas - middle layer,152,English only identity,1087
843,2021,E02003329,2021 super output areas - middle layer,152,English and British only identity,835
844,2021,E02003329,2021 super output areas - middle layer,152,Welsh only identity,8
845,2021,E02003329,2021 super output areas - middle layer,152,Welsh and British only identity,4
846,2021,E02003329,2021 super output areas - middle layer,152,Any other combination of only UK identities,27
847,2021,E02003329,2021 super output areas - middle layer,152,Scottish only identity,12
848,2021,E02003329,2021 super output areas - middle layer,152,Scottish and British only identity,5
849,2021,E02003329,2021 super output areas - middle layer,152,Northern Irish only identity,5
850,2021,E02003329,2021 super output areas - middle layer,152,Northern Irish and British only identity,1
851,2021,E02003329,2021 super output areas - middle layer,152,Cornish only identity,0
852,2021,E02003329,2021 super output areas - middle layer,152,Cornish and British only identity,0
853,2021,E02003329,2021 super output areas - middle layer,152,Any other combination of only UK identities ,4
854,2021,E02003329,2021 super output areas - middle layer,152,Irish only identity,18
855,2021,E02003329,2021 super output areas - middle layer,152,Irish and at least one UK identity,5
856,2021,E02003329,2021 super output areas - middle layer,152,Other identity only,1044
857,2021,E02003329,2021 super output areas - middle layer,152,Other identity and at least one UK identity,160
858,2021,E02003329,2021 super output areas - middle layer,152,Non-UK identity only,1062
859,2021,E02003329,2021 super output areas - middle layer,152,UK identity and non-UK identity,165
860,2021,E02003330,2021 super output areas - middle layer,152,Total: All usual residents,6781
861,2021,E02003330,2021 super output areas - middle layer,152,British only identity,3785
862,2021,E02003330,2021 super output areas - middle layer,152,English only identity,1082
863,2021,E02003330,2021 super output areas - middle layer,152,English and British only identity,1048
864,2021,E02003330,2021 super output areas - middle layer,152,Welsh only identity,11
865,2021,E02003330,2021 super output areas - middle layer,152,Welsh and British only identity,8
866,2021,E02003330,2021 super output areas - middle layer,152,Any other combination of only UK identities,80
867,2021,E02003330,2021 super output areas - middle layer,152,Scottish only identity,29
868,2021,E02003330,2021 super output areas - middle layer,152,Scottish and British only identity,9
869,2021,E02003330,2021 super output areas - middle layer,152,Northern Irish only identity,15
870,2021,E02003330,2021 super output areas - middle layer,152,Northern Irish and British only identity,6
871,2021,E02003330,2021 super output areas - middle layer,152,Cornish only identity,1
872,2021,E02003330,2021 super output areas - middle layer,152,Cornish and British only identity,0
873,2021,E02003330,2021 super output areas - middle layer,152,Any other combination of only UK identities ,20
874,2021,E02003330,2021 super output areas - middle layer,152,Irish only identity,43
875,2021,E02003330,2021 super output areas - middle layer,152,Irish and at least one UK identity,10
876,2021,E02003330,2021 super output areas - middle layer,152,Other identity only,565
877,2021,E02003330,2021 super output areas - middle layer,152,Other identity and at least one UK identity,149
878,2021,E02003330,2021 super output areas - middle layer,152,Non-UK identity only,608
879,2021,E02003330,2021 super output areas - middle layer,152,UK identity and non-UK identity,159
880,2021,E02003331,2021 super output areas - middle layer,152,Total: All usual residents,8857
881,2021,E02003331,2021 super output areas - middle layer,152,British only identity,5213
882,2021,E02003331,2021 super output areas - middle layer,152,English only identity,1754
883,2021,E02003331,2021 super output areas - middle layer,152,English and British only identity,1447
884,2021,E02003331,2021 super output areas - middle layer,152,Welsh only identity,17
885,2021,E02003331,2021 super output areas - middle layer,152,Welsh and British only identity,9
886,2021,E02003331,2021 super output areas - middle layer,152,Any other combination of only UK identities,42
887,2021,E02003331,2021 super output areas - middle layer,152,Scottish only identity,20
888,2021,E02003331,2021 super output areas - middle layer,152,Scottish and British only identity,5
889,2021,E02003331,2021 super output areas - middle layer,152,Northern Irish only identity,7
890,2021,E02003331,2021 super output areas - middle layer,152,Northern Irish and British only identity,3
891,2021,E02003331,2021 super output areas - middle layer,152,Cornish only identity,1
892,2021,E02003331,2021 super output areas - middle layer,152,Cornish and British only identity,0
893,2021,E02003331,2021 super output areas - middle layer,152,Any other combination of only UK identities ,6
894,2021,E02003331,2021 super output areas - middle layer,152,Irish only identity,33
895,2021,E02003331,2021 super output areas - middle layer,152,Irish and at least one UK identity,8
896,2021,E02003331,2021 super output areas - middle layer,152,Other identity only,268
897,2021,E02003331,2021 super output areas - middle layer,152,Other identity and at least one UK identity,66
898,2021,E02003331,2021 super output areas - middle layer,152,Non-UK identity only,301
899,2021,E02003331,2021 super output areas - middle layer,152,UK identity and non-UK identity,74
900,2021,E02003332,2021 super output areas - middle layer,152,Total: All usual residents,6283
901,2021,E02003332,2021 super output areas - middle layer,152,British only identity,3659
902,2021,E02003332,2021 super output areas - middle layer,152,English only identity,1092
903,2021,E02003332,2021 super output areas - middle layer,152,English and British only identity,964
904,2021,E02003332,2021 super output areas - middle layer,152,Welsh only identity,16
905,2021,E02003332,2021 super output areas - middle layer,152,Welsh and British only identity,1
906,2021,E02003332,2021 super output areas - middle layer,152,Any other combination of only UK identities,55
907,2021,E02003332,2021 super output areas - middle layer,152,Scottish only identity,23
908,2021,E02003332,2021 super output areas - middle layer,152,Scottish and British only identity,9
909,2021,E02003332,2021 super output areas - middle layer,152,Northern Irish only identity,11
910,2021,E02003332,2021 super output areas - middle layer,152,Northern Irish and British only identity,2
911,2021,E02003332,2021 super output areas - middle layer,152,Cornish only identity,2
912,2021,E02003332,2021 super output areas - middle layer,152,Cornish and British only identity,0
913,2021,E02003332,2021 super output areas - middle layer,152,Any other combination of only UK identities ,8
914,2021,E02003332,2021 super output areas - middle layer,152,Irish only identity,43
915,2021,E02003332,2021 super output areas - middle layer,152,Irish and at least one UK identity,5
916,2021,E02003332,2021 super output areas - middle layer,152,Other identity only,373
917,2021,E02003332,2021 super output areas - middle layer,152,Other identity and at least one UK identity,75
918,2021,E02003332,2021 super output areas - middle layer,152,Non-UK identity only,416
919,2021,E02003332,2021 super output areas - middle layer,152,UK identity and non-UK identity,80
920,2021,E02003333,2021 super output areas - middle layer,152,Total: All usual residents,6804
921,2021,E02003333,2021 super output areas - middle layer,152,British only identity,3468
922,2021,E02003333,2021 super output areas - middle layer,152,English only identity,1065
923,2021,E02003333,2021 super output areas - middle layer,152,English and British only identity,857
924,2021,E02003333,2021 super output areas - middle layer,152,Welsh only identity,3
925,2021,E02003333,2021 super output areas - middle layer,152,Welsh and British only identity,7
926,2021,E02003333,2021 super output areas - middle layer,152,Any other combination of only UK identities,43
927,2021,E02003333,2021 super output areas - middle layer,152,Scottish only identity,17
928,2021,E02003333,2021 super output areas - middle layer,152,Scottish and British only identity,7
929,2021,E02003333,2021 super output areas - middle layer,152,Northern Irish only identity,7
930,2021,E02003333,2021 super output areas - middle layer,152,Northern Irish and British only identity,2
931,2021,E02003333,2021 super output areas - middle layer,152,Cornish only identity,0
932,2021,E02003333,2021 super output areas - middle layer,152,Cornish and British only identity,1
933,2021,E02003333,2021 super output areas - middle layer,152,Any other combination of only UK identities ,9
934,2021,E02003333,2021 super output areas - middle layer,152,Irish only identity,33
935,2021,E02003333,2021 super output areas - middle layer,152,Irish and at least one UK identity,6
936,2021,E02003333,2021 super output areas - middle layer,152,Other identity only,1201
937,2021,E02003333,2021 super output areas - middle layer,152,Other identity and at least one UK identity,121
938,2021,E02003333,2021 super output areas - middle layer,152,Non-UK identity only,1234
939,2021,E02003333,2021 super output areas - middle layer,152,UK identity and non-UK identity,127
940,2021,E02003334,2021 super output areas - middle layer,152,Total: All usual residents,6216
941,2021,E02003334,2021 super output areas - middle layer,152,British only identity,3489
942,2021,E02003334,2021 super output areas - middle layer,152,English only identity,949
943,2021,E02003334,2021 super output areas - middle layer,152,English and British only identity,703
944,2021,E02003334,2021 super output areas - middle layer,152,Welsh only identity,5
945,2021,E02003334,2021 super output areas - middle layer,152,Welsh and British only identity,1
946,2021,E02003334,2021 super output areas - middle layer,152,Any other combination of only UK identities,29
947,2021,E02003334,2021 super output areas - middle layer,152,Scottish only identity,22
948,2021,E02003334,2021 super output areas - middle layer,152,Scottish and British only identity,1
949,2021,E02003334,2021 super output areas - middle layer,152,Northern Irish only identity,1
950,2021,E02003334,2021 super output areas - middle layer,152,Northern Irish and British only identity,0
951,2021,E02003334,2021 super output areas - middle layer,152,Cornish only identity,2
952,2021,E02003334,2021 super output areas - middle layer,152,Cornish and British only identity,0
953,2021,E02003334,2021 super output areas - middle layer,152,Any other combination of only UK identities ,3
954,2021,E02003334,2021 super output areas - middle layer,152,Irish only identity,29
955,2021,E02003334,2021 super output areas - middle layer,152,Irish and at least one UK identity,7
956,2021,E02003334,2021 super output areas - middle layer,152,Other identity only,846
957,2021,E02003334,2021 super output areas - middle layer,152,Other identity and at least one UK identity,158
958,2021,E02003334,2021 super output areas - middle layer,152,Non-UK identity only,875
959,2021,E02003334,2021 super output areas - middle layer,152,UK identity and non-UK identity,165
960,2021,E02003335,2021 super output areas - middle layer,152,Total: All usual residents,7430
961,2021,E02003335,2021 super output areas - middle layer,152,British only identity,4034
962,2021,E02003335,2021 super output areas - middle layer,152,English only identity,949
963,2021,E02003335,2021 super output areas - middle layer,152,English and British only identity,1091
964,2021,E02003335,2021 super output areas - middle layer,152,Welsh only identity,6
965,2021,E02003335,2021 super output areas - middle layer,152,Welsh and British only identity,2
966,2021,E02003335,2021 super output areas - middle layer,152,Any other combination of only UK identities,34
967,2021,E02003335,2021 super output areas - middle layer,152,Scottish only identity,13
968,2021,E02003335,2021 super output areas - middle layer,152,Scottish and British only identity,7
969,2021,E02003335,2021 super output areas - middle layer,152,Northern Irish only identity,7
970,2021,E02003335,2021 super output areas - middle layer,152,Northern Irish and British only identity,1
971,2021,E02003335,2021 super output areas - middle layer,152,Cornish only identity,0
972,2021,E02003335,2021 super output areas - middle layer,152,Cornish and British only identity,0
973,2021,E02003335,2021 super output areas - middle layer,152,Any other combination of only UK identities ,6
974,2021,E02003335,2021 super output areas - middle layer,152,Irish only identity,28
975,2021,E02003335,2021 super output areas - middle layer,152,Irish and at least one UK identity,3
976,2021,E02003335,2021 super output areas - middle layer,152,Other identity only,1154
977,2021,E02003335,2021 super output areas - middle layer,152,Other identity and at least one UK identity,129
978,2021,E02003335,2021 super output areas - middle layer,152,Non-UK identity only,1182
979,2021,E02003335,2021 super output areas - middle layer,152,UK identity and non-UK identity,132
980,2021,E02003336,2021 super output areas - middle layer,152,Total: All usual residents,6354
981,2021,E02003336,2021 super output areas - middle layer,152,British only identity,3598
982,2021,E02003336,2021 super output areas - middle layer,152,English only identity,1502
983,2021,E02003336,2021 super output areas - middle layer,152,English and British only identity,978
984,2021,E02003336,2021 super output areas - middle layer,152,Welsh only identity,14
985,2021,E02003336,2021 super output areas - middle layer,152,Welsh and British only identity,6
986,2021,E02003336,2021 super output areas - middle layer,152,Any other combination of only UK identities,41
987,2021,E02003336,2021 super output areas - middle layer,152,Scottish only identity,19
988,2021,E02003336,2021 super output areas - middle layer,152,Scottish and British only identity,7
989,2021,E02003336,2021 super output areas - middle layer,152,Northern Irish only identity,4
990,2021,E02003336,2021 super output areas - middle layer,152,Northern Irish and British only identity,7
991,2021,E02003336,2021 super output areas - middle layer,152,Cornish only identity,0
992,2021,E02003336,2021 super output areas - middle layer,152,Cornish and British only identity,0
993,2021,E02003336,2021 super output areas - middle layer,152,Any other combination of only UK identities ,4
994,2021,E02003336,2021 super output areas - middle layer,152,Irish only identity,30
995,2021,E02003336,2021 super output areas - middle layer,152,Irish and at least one UK identity,3
996,2021,E02003336,2021 super output areas - middle layer,152,Other identity only,158
997,2021,E02003336,2021 super output areas - middle layer,152,Other identity and at least one UK identity,24
998,2021,E02003336,2021 super output areas - middle layer,152,Non-UK identity only,188
999,2021,E02003336,2021 super output areas - middle layer,152,UK identity and non-UK identity,27
1000,2021,E02003337,2021 super output areas - middle layer,152,Total: All usual residents,7419
1001,2021,E02003337,2021 super output areas - middle layer,152,British only identity,4259
1002,2021,E02003337,2021 super output areas - middle layer,152,English only identity,1488
1003,2021,E02003337,2021 super output areas - middle layer,152,English and British only identity,1042
1004,2021,E02003337,2021 super output areas - middle layer,152,Welsh only identity,20
1005,2021,E02003337,2021 super output areas - middle layer,152,Welsh and British only identity,12
1006,2021,E02003337,2021 super output areas - middle layer,152,Any other combination of only UK identities,68
1007,2021,E02003337,2021 super output areas - middle layer,152,Scottish only identity,29
1008,2021,E02003337,2021 super output areas - middle layer,152,Scottish and British only identity,9
1009,2021,E02003337,2021 super output areas - middle layer,152,Northern Irish only identity,8
1010,2021,E02003337,2021 super output areas - middle layer,152,Northern Irish and British only identity,8
1011,2021,E02003337,2021 super output areas - middle layer,152,Cornish only identity,0
1012,2021,E02003337,2021 super output areas - middle layer,152,Cornish and British only identity,0
1013,2021,E02003337,2021 super output areas - middle layer,152,Any other combination of only UK identities ,14
1014,2021,E02003337,2021 super output areas - middle layer,152,Irish only identity,29
1015,2021,E02003337,2021 super output areas - middle layer,152,Irish and at least one UK identity,9
1016,2021,E02003337,2021 super output areas - middle layer,152,Other identity only,360
1017,2021,E02003337,2021 super output areas - middle layer,152,Other identity and at least one UK identity,132
1018,2021,E02003337,2021 super output areas - middle layer,152,Non-UK identity only,389
1019,2021,E02003337,2021 super output areas - middle layer,152,UK identity and non-UK identity,141
1020,2021,E02003338,2021 super output areas - middle layer,152,Total: All usual residents,7300
1021,2021,E02003338,2021 super output areas - middle layer,152,British only identity,4083
1022,2021,E02003338,2021 super output areas - middle layer,152,English only identity,1535
1023,2021,E02003338,2021 super output areas - middle layer,152,English and British only identity,1248
1024,2021,E02003338,2021 super output areas - middle layer,152,Welsh only identity,23
1025,2021,E02003338,2021 super output areas - middle layer,152,Welsh and British only identity,7
1026,2021,E02003338,2021 super output areas - middle layer,152,Any other combination of only UK identities,52
1027,2021,E02003338,2021 super output areas - middle layer,152,Scottish only identity,22
1028,2021,E02003338,2021 super output areas - middle layer,152,Scottish and British only identity,5
1029,2021,E02003338,2021 super output areas - middle layer,152,Northern Irish only identity,15
1030,2021,E02003338,2021 super output areas - middle layer,152,Northern Irish and British only identity,1
1031,2021,E02003338,2021 super output areas - middle layer,152,Cornish only identity,0
1032,2021,E02003338,2021 super output areas - middle layer,152,Cornish and British only identity,0
1033,2021,E02003338,2021 super output areas - middle layer,152,Any other combination of only UK identities ,9
1034,2021,E02003338,2021 super output areas - middle layer,152,Irish only identity,22
1035,2021,E02003338,2021 super output areas - middle layer,152,Irish and at least one UK identity,6
1036,2021,E02003338,2021 super output areas - middle layer,152,Other identity only,251
1037,2021,E02003338,2021 super output areas - middle layer,152,Other identity and at least one UK identity,73
1038,2021,E02003338,2021 super output areas - middle layer,152,Non-UK identity only,273
1039,2021,E02003338,2021 super output areas - middle layer,152,UK identity and non-UK identity,79
1040,2021,E02003339,2021 super output areas - middle layer,152,Total: All usual residents,6440
1041,2021,E02003339,2021 super output areas - middle layer,152,British only identity,3914
1042,2021,E02003339,2021 super output areas - middle layer,152,English only identity,1117
1043,2021,E02003339,2021 super output areas - middle layer,152,English and British only identity,881
1044,2021,E02003339,2021 super output areas - middle layer,152,Welsh only identity,5
1045,2021,E02003339,2021 super output areas - middle layer,152,Welsh and British only identity,7
1046,2021,E02003339,2021 super output areas - middle layer,152,Any other combination of only UK identities,36
1047,2021,E02003339,2021 super output areas - middle layer,152,Scottish only identity,17
1048,2021,E02003339,2021 super output areas - middle layer,152,Scottish and British only identity,9
1049,2021,E02003339,2021 super output areas - middle layer,152,Northern Irish only identity,0
1050,2021,E02003339,2021 super output areas - middle layer,152,Northern Irish and British only identity,3
1051,2021,E02003339,2021 super output areas - middle layer,152,Cornish only identity,0
1052,2021,E02003339,2021 super output areas - middle layer,152,Cornish and British only identity,0
1053,2021,E02003339,2021 super output areas - middle layer,152,Any other combination of only UK identities ,7
1054,2021,E02003339,2021 super output areas - middle layer,152,Irish only identity,48
1055,2021,E02003339,2021 super output areas - middle layer,152,Irish and at least one UK identity,3
1056,2021,E02003339,2021 super output areas - middle layer,152,Other identity only,321
1057,2021,E02003339,2021 super output areas - middle layer,152,Other identity and at least one UK identity,108
1058,2021,E02003339,2021 super output areas - middle layer,152,Non-UK identity only,369
1059,2021,E02003339,2021 super output areas - middle layer,152,UK identity and non-UK identity,111
1060,2021,E02003340,2021 super output areas - middle layer,152,Total: All usual residents,8091
1061,2021,E02003340,2021 super output areas - middle layer,152,British only identity,4662
1062,2021,E02003340,2021 super output areas - middle layer,152,English only identity,1505
1063,2021,E02003340,2021 super output areas - middle layer,152,English and British only identity,1310
1064,2021,E02003340,2021 super output areas - middle layer,152,Welsh only identity,16
1065,2021,E02003340,2021 super output areas - middle layer,152,Welsh and British only identity,2
1066,2021,E02003340,2021 super output areas - middle layer,152,Any other combination of only UK identities,47
1067,2021,E02003340,2021 super output areas - middle layer,152,Scottish only identity,15
1068,2021,E02003340,2021 super output areas - middle layer,152,Scottish and British only identity,12
1069,2021,E02003340,2021 super output areas - middle layer,152,Northern Irish only identity,9
1070,2021,E02003340,2021 super output areas - middle layer,152,Northern Irish and British only identity,2
1071,2021,E02003340,2021 super output areas - middle layer,152,Cornish only identity,0
1072,2021,E02003340,2021 super output areas - middle layer,152,Cornish and British only identity,0
1073,2021,E02003340,2021 super output areas - middle layer,152,Any other combination of only UK identities ,9
1074,2021,E02003340,2021 super output areas - middle layer,152,Irish only identity,32
1075,2021,E02003340,2021 super output areas - middle layer,152,Irish and at least one UK identity,7
1076,2021,E02003340,2021 super output areas - middle layer,152,Other identity only,419
1077,2021,E02003340,2021 super output areas - middle layer,152,Other identity and at least one UK identity,91
1078,2021,E02003340,2021 super output areas - middle layer,152,Non-UK identity only,451
1079,2021,E02003340,2021 super output areas - middle layer,152,UK identity and non-UK identity,98
1080,2021,E02003341,2021 super output areas - middle layer,152,Total: All usual residents,6600
1081,2021,E02003341,2021 super output areas - middle layer,152,British only identity,3653
1082,2021,E02003341,2021 super output areas - middle layer,152,English only identity,1535
1083,2021,E02003341,2021 super output areas - middle layer,152,English and British only identity,1063
1084,2021,E02003341,2021 super output areas - middle layer,152,Welsh only identity,27
1085,2021,E02003341,2021 super output areas - middle layer,152,Welsh and British only identity,8
1086,2021,E02003341,2021 super output areas - middle layer,152,Any other combination of only UK identities,36
1087,2021,E02003341,2021 super output areas - middle layer,152,Scottish only identity,13
1088,2021,E02003341,2021 super output areas - middle layer,152,Scottish and British only identity,10
1089,2021,E02003341,2021 super output areas - middle layer,152,Northern Irish only identity,0
1090,2021,E02003341,2021 super output areas - middle layer,152,Northern Irish and British only identity,3
1091,2021,E02003341,2021 super output areas - middle layer,152,Cornish only identity,1
1092,2021,E02003341,2021 super output areas - middle layer,152,Cornish and British only identity,0
1093,2021,E02003341,2021 super output areas - middle layer,152,Any other combination of only UK identities ,9
1094,2021,E02003341,2021 super output areas - middle layer,152,Irish only identity,20
1095,2021,E02003341,2021 super output areas - middle layer,152,Irish and at least one UK identity,3
1096,2021,E02003341,2021 super output areas - middle layer,152,Other identity only,198
1097,2021,E02003341,2021 super output areas - middle layer,152,Other identity and at least one UK identity,57
1098,2021,E02003341,2021 super output areas - middle layer,152,Non-UK identity only,218
1099,2021,E02003341,2021 super output areas - middle layer,152,UK identity and non-UK identity,60
1100,2021,E02003342,2021 super output areas - middle layer,152,Total: All usual residents,6421
1101,2021,E02003342,2021 super output areas - middle layer,152,British only identity,3602
1102,2021,E02003342,2021 super output areas - middle layer,152,English only identity,1409
1103,2021,E02003342,2021 super output areas - middle layer,152,English and British only identity,1081
1104,2021,E02003342,2021 super output areas - middle layer,152,Welsh only identity,12
1105,2021,E02003342,2021 super output areas - middle layer,152,Welsh and British only identity,4
1106,2021,E02003342,2021 super output areas - middle layer,152,Any other combination of only UK identities,58
1107,2021,E02003342,2021 super output areas - middle layer,152,Scottish only identity,27
1108,2021,E02003342,2021 super output areas - middle layer,152,Scottish and British only identity,17
1109,2021,E02003342,2021 super output areas - middle layer,152,Northern Irish only identity,7
1110,2021,E02003342,2021 super output areas - middle layer,152,Northern Irish and British only identity,2
1111,2021,E02003342,2021 super output areas - middle layer,152,Cornish only identity,1
1112,2021,E02003342,2021 super output areas - middle layer,152,Cornish and British only identity,0
1113,2021,E02003342,2021 super output areas - middle layer,152,Any other combination of only UK identities ,4
1114,2021,E02003342,2021 super output areas - middle layer,152,Irish only identity,21
1115,2021,E02003342,2021 super output areas - middle layer,152,Irish and at least one UK identity,6
1116,2021,E02003342,2021 super output areas - middle layer,152,Other identity only,203
1117,2021,E02003342,2021 super output areas - middle layer,152,Other identity and at least one UK identity,25
1118,2021,E02003342,2021 super output areas - middle layer,152,Non-UK identity only,224
1119,2021,E02003342,2021 super output areas - middle layer,152,UK identity and non-UK identity,31
1120,2021,E02003343,2021 super output areas - middle layer,152,Total: All usual residents,5976
1121,2021,E02003343,2021 super output areas - middle layer,152,British only identity,3534
1122,2021,E02003343,2021 super output areas - middle layer,152,English only identity,1287
1123,2021,E02003343,2021 super output areas - middle layer,152,English and British only identity,877
1124,2021,E02003343,2021 super output areas - middle layer,152,Welsh only identity,15
1125,2021,E02003343,2021 super output areas - middle layer,152,Welsh and British only identity,1
1126,2021,E02003343,2021 super output areas - middle layer,152,Any other combination of only UK identities,50
1127,2021,E02003343,2021 super output areas - middle layer,152,Scottish only identity,24
1128,2021,E02003343,2021 super output areas - middle layer,152,Scottish and British only identity,8
1129,2021,E02003343,2021 super output areas - middle layer,152,Northern Irish only identity,8
1130,2021,E02003343,2021 super output areas - middle layer,152,Northern Irish and British only identity,6
1131,2021,E02003343,2021 super output areas - middle layer,152,Cornish only identity,0
1132,2021,E02003343,2021 super output areas - middle layer,152,Cornish and British only identity,0
1133,2021,E02003343,2021 super output areas - middle layer,152,Any other combination of only UK identities ,4
1134,2021,E02003343,2021 super output areas - middle layer,152,Irish only identity,15
1135,2021,E02003343,2021 super output areas - middle layer,152,Irish and at least one UK identity,3
1136,2021,E02003343,2021 super output areas - middle layer,152,Other identity only,143
1137,2021,E02003343,2021 super output areas - middle layer,152,Other identity and at least one UK identity,51
1138,2021,E02003343,2021 super output areas - middle layer,152,Non-UK identity only,158
1139,2021,E02003343,2021 super output areas - middle layer,152,UK identity and non-UK identity,54
1140,2021,E02003344,2021 super output areas - middle layer,152,Total: All usual residents,6802
1141,2021,E02003344,2021 super output areas - middle layer,152,British only identity,4145
1142,2021,E02003344,2021 super output areas - middle layer,152,English only identity,1311
1143,2021,E02003344,2021 super output areas - middle layer,152,English and British only identity,943
1144,2021,E02003344,2021 super output areas - middle layer,152,Welsh only identity,8
1145,2021,E02003344,2021 super output areas - middle layer,152,Welsh and British only identity,2
1146,2021,E02003344,2021 super output areas - middle layer,152,Any other combination of only UK identities,35
1147,2021,E02003344,2021 super output areas - middle layer,152,Scottish only identity,14
1148,2021,E02003344,2021 super output areas - middle layer,152,Scottish and British only identity,6
1149,2021,E02003344,2021 super output areas - middle layer,152,Northern Irish only identity,5
1150,2021,E02003344,2021 super output areas - middle layer,152,Northern Irish and British only identity,1
1151,2021,E02003344,2021 super output areas - middle layer,152,Cornish only identity,0
1152,2021,E02003344,2021 super output areas - middle layer,152,Cornish and British only identity,0
1153,2021,E02003344,2021 super output areas - middle layer,152,Any other combination of only UK identities ,9
1154,2021,E02003344,2021 super output areas - middle layer,152,Irish only identity,51
1155,2021,E02003344,2021 super output areas - middle layer,152,Irish and at least one UK identity,1
1156,2021,E02003344,2021 super output areas - middle layer,152,Other identity only,242
1157,2021,E02003344,2021 super output areas - middle layer,152,Other identity and at least one UK identity,64
1158,2021,E02003344,2021 super output areas - middle layer,152,Non-UK identity only,293
1159,2021,E02003344,2021 super output areas - middle layer,152,UK identity and non-UK identity,65
1160,2021,E02003345,2021 super output areas - middle layer,152,Total: All usual residents,6253
1161,2021,E02003345,2021 super output areas - middle layer,152,British only identity,3456
1162,2021,E02003345,2021 super output areas - middle layer,152,English only identity,1328
1163,2021,E02003345,2021 super output areas - middle layer,152,English and British only identity,1177
1164,2021,E02003345,2021 super output areas - middle layer,152,Welsh only identity,11
1165,2021,E02003345,2021 super output areas - middle layer,152,Welsh and British only identity,5
1166,2021,E02003345,2021 super output areas - middle layer,152,Any other combination of only UK identities,51
1167,2021,E02003345,2021 super output areas - middle layer,152,Scottish only identity,23
1168,2021,E02003345,2021 super output areas - middle layer,152,Scottish and British only identity,13
1169,2021,E02003345,2021 super output areas - middle layer,152,Northern Irish only identity,5
1170,2021,E02003345,2021 super output areas - middle layer,152,Northern Irish and British only identity,4
1171,2021,E02003345,2021 super output areas - middle layer,152,Cornish only identity,0
1172,2021,E02003345,2021 super output areas - middle layer,152,Cornish and British only identity,0
1173,2021,E02003345,2021 super output areas - middle layer,152,Any other combination of only UK identities ,6
1174,2021,E02003345,2021 super output areas - middle layer,152,Irish only identity,26
1175,2021,E02003345,2021 super output areas - middle layer,152,Irish and at least one UK identity,1
1176,2021,E02003345,2021 super output areas - middle layer,152,Other identity only,137
1177,2021,E02003345,2021 super output areas - middle layer,152,Other identity and at least one UK identity,61
1178,2021,E02003345,2021 super output areas - middle layer,152,Non-UK identity only,163
1179,2021,E02003345,2021 super output areas - middle layer,152,UK identity and non-UK identity,62
1180,2021,E02003346,2021 super output areas - middle layer,152,Total: All usual residents,7086
1181,2021,E02003346,2021 super output areas - middle layer,152,British only identity,4002
1182,2021,E02003346,2021 super output areas - middle layer,152,English only identity,1525
1183,2021,E02003346,2021 super output areas - middle layer,152,English and British only identity,1024
1184,2021,E02003346,2021 super output areas - middle layer,152,Welsh only identity,7
1185,2021,E02003346,2021 super output areas - middle layer,152,Welsh and British only identity,4
1186,2021,E02003346,2021 super output areas - middle layer,152,Any other combination of only UK identities,45
1187,2021,E02003346,2021 super output areas - middle layer,152,Scottish only identity,23
1188,2021,E02003346,2021 super output areas - middle layer,152,Scottish and British only identity,10
1189,2021,E02003346,2021 super output areas - middle layer,152,Northern Irish only identity,4
1190,2021,E02003346,2021 super output areas - middle layer,152,Northern Irish and British only identity,2
1191,2021,E02003346,2021 super output areas - middle layer,152,Cornish only identity,1
1192,2021,E02003346,2021 super output areas - middle layer,152,Cornish and British only identity,0
1193,2021,E02003346,2021 super output areas - middle layer,152,Any other combination of only UK identities ,5
1194,2021,E02003346,2021 super output areas - middle layer,152,Irish only identity,29
1195,2021,E02003346,2021 super output areas - middle layer,152,Irish and at least one UK identity,0
1196,2021,E02003346,2021 super output areas - middle layer,152,Other identity only,348
1197,2021,E02003346,2021 super output areas - middle layer,152,Other identity and at least one UK identity,102
1198,2021,E02003346,2021 super output areas - middle layer,152,Non-UK identity only,377
1199,2021,E02003346,2021 super output areas - middle layer,152,UK identity and non-UK identity,102
1200,2021,E02003347,2021 super output areas - middle layer,152,Total: All usual residents,6092
1201,2021,E02003347,2021 super output areas - middle layer,152,British only identity,3505
1202,2021,E02003347,2021 super output areas - middle layer,152,English only identity,1237
1203,2021,E02003347,2021 super output areas - middle layer,152,English and British only identity,982
1204,2021,E02003347,2021 super output areas - middle layer,152,Welsh only identity,13
1205,2021,E02003347,2021 super output areas - middle layer,152,Welsh and British only identity,5
1206,2021,E02003347,2021 super output areas - middle layer,152,Any other combination of only UK identities,19
1207,2021,E02003347,2021 super output areas - middle layer,152,Scottish only identity,12
1208,2021,E02003347,2021 super output areas - middle layer,152,Scottish and British only identity,1
1209,2021,E02003347,2021 super output areas - middle layer,152,Northern Irish only identity,3
1210,2021,E02003347,2021 super output areas - middle layer,152,Northern Irish and British only identity,0
1211,2021,E02003347,2021 super output areas - middle layer,152,Cornish only identity,0
1212,2021,E02003347,2021 super output areas - middle layer,152,Cornish and British only identity,0
1213,2021,E02003347,2021 super output areas - middle layer,152,Any other combination of only UK identities ,3
1214,2021,E02003347,2021 super output areas - middle layer,152,Irish only identity,27
1215,2021,E02003347,2021 super output areas - middle layer,152,Irish and at least one UK identity,2
1216,2021,E02003347,2021 super output areas - middle layer,152,Other identity only,256
1217,2021,E02003347,2021 super output areas - middle layer,152,Other identity and at least one UK identity,46
1218,2021,E02003347,2021 super output areas - middle layer,152,Non-UK identity only,283
1219,2021,E02003347,2021 super output areas - middle layer,152,UK identity and non-UK identity,48
1220,2021,E02003348,2021 super output areas - middle layer,152,Total: All usual residents,8094
1221,2021,E02003348,2021 super output areas - middle layer,152,British only identity,4851
1222,2021,E02003348,2021 super output areas - middle layer,152,English only identity,1560
1223,2021,E02003348,2021 super output areas - middle layer,152,English and British only identity,1304
1224,2021,E02003348,2021 super output areas - middle layer,152,Welsh only identity,18
1225,2021,E02003348,2021 super output areas - middle layer,152,Welsh and British only identity,6
1226,2021,E02003348,2021 super output areas - middle layer,152,Any other combination of only UK identities,60
1227,2021,E02003348,2021 super output areas - middle layer,152,Scottish only identity,22
1228,2021,E02003348,2021 super output areas - middle layer,152,Scottish and British only identity,18
1229,2021,E02003348,2021 super output areas - middle layer,152,Northern Irish only identity,6
1230,2021,E02003348,2021 super output areas - middle layer,152,Northern Irish and British only identity,0
1231,2021,E02003348,2021 super output areas - middle layer,152,Cornish only identity,0
1232,2021,E02003348,2021 super output areas - middle layer,152,Cornish and British only identity,0
1233,2021,E02003348,2021 super output areas - middle layer,152,Any other combination of only UK identities ,14
1234,2021,E02003348,2021 super output areas - middle layer,152,Irish only identity,34
1235,2021,E02003348,2021 super output areas - middle layer,152,Irish and at least one UK identity,3
1236,2021,E02003348,2021 super output areas - middle layer,152,Other identity only,185
1237,2021,E02003348,2021 super output areas - middle layer,152,Other identity and at least one UK identity,73
1238,2021,E02003348,2021 super output areas - middle layer,152,Non-UK identity only,219
1239,2021,E02003348,2021 super output areas - middle layer,152,UK identity and non-UK identity,76
1240,2021,E02003349,2021 super output areas - middle layer,152,Total: All usual residents,7390
1241,2021,E02003349,2021 super output areas - middle layer,152,British only identity,4169
1242,2021,E02003349,2021 super output areas - middle layer,152,English only identity,1645
1243,2021,E02003349,2021 super output areas - middle layer,152,English and British only identity,1259
1244,2021,E02003349,2021 super output areas - middle layer,152,Welsh only identity,25
1245,2021,E02003349,2021 super output areas - middle layer,152,Welsh and British only identity,12
1246,2021,E02003349,2021 super output areas - middle layer,152,Any other combination of only UK identities,53
1247,2021,E02003349,2021 super output areas - middle layer,152,Scottish only identity,27
1248,2021,E02003349,2021 super output areas - middle layer,152,Scottish and British only identity,9
1249,2021,E02003349,2021 super output areas - middle layer,152,Northern Irish only identity,6
1250,2021,E02003349,2021 super output areas - middle layer,152,Northern Irish and British only identity,3
1251,2021,E02003349,2021 super output areas - middle layer,152,Cornish only identity,0
1252,2021,E02003349,2021 super output areas - middle layer,152,Cornish and British only identity,0
1253,2021,E02003349,2021 super output areas - middle layer,152,Any other combination of only UK identities ,8
1254,2021,E02003349,2021 super output areas - middle layer,152,Irish only identity,30
1255,2021,E02003349,2021 super output areas - middle layer,152,Irish and at least one UK identity,5
1256,2021,E02003349,2021 super output areas - middle layer,152,Other identity only,137
1257,2021,E02003349,2021 super output areas - middle layer,152,Other identity and at least one UK identity,55
1258,2021,E02003349,2021 super output areas - middle layer,152,Non-UK identity only,167
1259,2021,E02003349,2021 super output areas - middle layer,152,UK identity and non-UK identity,60
1260,2021,E02003350,2021 super output areas - middle layer,152,Total: All usual residents,6458
1261,2021,E02003350,2021 super output areas - middle layer,152,British only identity,3661
1262,2021,E02003350,2021 super output areas - middle layer,152,English only identity,1350
1263,2021,E02003350,2021 super output areas - middle layer,152,English and British only identity,1101
1264,2021,E02003350,2021 super output areas - middle layer,152,Welsh only identity,11
1265,2021,E02003350,2021 super output areas - middle layer,152,Welsh and British only identity,2
1266,2021,E02003350,2021 super output areas - middle layer,152,Any other combination of only UK identities,39
1267,2021,E02003350,2021 super output areas - middle layer,152,Scottish only identity,20
1268,2021,E02003350,2021 super output areas - middle layer,152,Scottish and British only identity,2
1269,2021,E02003350,2021 super output areas - middle layer,152,Northern Irish only identity,10
1270,2021,E02003350,2021 super output areas - middle layer,152,Northern Irish and British only identity,0
1271,2021,E02003350,2021 super output areas - middle layer,152,Cornish only identity,0
1272,2021,E02003350,2021 super output areas - middle layer,152,Cornish and British only identity,0
1273,2021,E02003350,2021 super output areas - middle layer,152,Any other combination of only UK identities ,7
1274,2021,E02003350,2021 super output areas - middle layer,152,Irish only identity,17
1275,2021,E02003350,2021 super output areas - middle layer,152,Irish and at least one UK identity,5
1276,2021,E02003350,2021 super output areas - middle layer,152,Other identity only,198
1277,2021,E02003350,2021 super output areas - middle layer,152,Other identity and at least one UK identity,74
1278,2021,E02003350,2021 super output areas - middle layer,152,Non-UK identity only,215
1279,2021,E02003350,2021 super output areas - middle layer,152,UK identity and non-UK identity,79
1280,2021,E02003351,2021 super output areas - middle layer,152,Total: All usual residents,7916
1281,2021,E02003351,2021 super output areas - middle layer,152,British only identity,4489
1282,2021,E02003351,2021 super output areas - middle layer,152,English only identity,1753
1283,2021,E02003351,2021 super output areas - middle layer,152,English and British only identity,1324
1284,2021,E02003351,2021 super output areas - middle layer,152,Welsh only identity,14
1285,2021,E02003351,2021 super output areas - middle layer,152,Welsh and British only identity,8
1286,2021,E02003351,2021 super output areas - middle layer,152,Any other combination of only UK identities,50
1287,2021,E02003351,2021 super output areas - middle layer,152,Scottish only identity,19
1288,2021,E02003351,2021 super output areas - middle layer,152,Scottish and British only identity,9
1289,2021,E02003351,2021 super output areas - middle layer,152,Northern Irish only identity,9
1290,2021,E02003351,2021 super output areas - middle layer,152,Northern Irish and British only identity,2
1291,2021,E02003351,2021 super output areas - middle layer,152,Cornish only identity,0
1292,2021,E02003351,2021 super output areas - middle layer,152,Cornish and British only identity,0
1293,2021,E02003351,2021 super output areas - middle layer,152,Any other combination of only UK identities ,11
1294,2021,E02003351,2021 super output areas - middle layer,152,Irish only identity,28
1295,2021,E02003351,2021 super output areas - middle layer,152,Irish and at least one UK identity,2
1296,2021,E02003351,2021 super output areas - middle layer,152,Other identity only,200
1297,2021,E02003351,2021 super output areas - middle layer,152,Other identity and at least one UK identity,48
1298,2021,E02003351,2021 super output areas - middle layer,152,Non-UK identity only,228
1299,2021,E02003351,2021 super output areas - middle layer,152,UK identity and non-UK identity,50
1300,2021,E02003352,2021 super output areas - middle layer,152,Total: All usual residents,5774
1301,2021,E02003352,2021 super output areas - middle layer,152,British only identity,3388
1302,2021,E02003352,2021 super output areas - middle layer,152,English only identity,1041
1303,2021,E02003352,2021 super output areas - middle layer,152,English and British only identity,810
1304,2021,E02003352,2021 super output areas - middle layer,152,Welsh only identity,24
1305,2021,E02003352,2021 super output areas - middle layer,152,Welsh and British only identity,10
1306,2021,E02003352,2021 super output areas - middle layer,152,Any other combination of only UK identities,79
1307,2021,E02003352,2021 super output areas - middle layer,152,Scottish only identity,44
1308,2021,E02003352,2021 super output areas - middle layer,152,Scottish and British only identity,10
1309,2021,E02003352,2021 super output areas - middle layer,152,Northern Irish only identity,10
1310,2021,E02003352,2021 super output areas - middle layer,152,Northern Irish and British only identity,2
1311,2021,E02003352,2021 super output areas - middle layer,152,Cornish only identity,3
1312,2021,E02003352,2021 super output areas - middle layer,152,Cornish and British only identity,0
1313,2021,E02003352,2021 super output areas - middle layer,152,Any other combination of only UK identities ,10
1314,2021,E02003352,2021 super output areas - middle layer,152,Irish only identity,30
1315,2021,E02003352,2021 super output areas - middle layer,152,Irish and at least one UK identity,10
1316,2021,E02003352,2021 super output areas - middle layer,152,Other identity only,268
1317,2021,E02003352,2021 super output areas - middle layer,152,Other identity and at least one UK identity,114
1318,2021,E02003352,2021 super output areas - middle layer,152,Non-UK identity only,298
1319,2021,E02003352,2021 super output areas - middle layer,152,UK identity and non-UK identity,124
1320,2021,E02003353,2021 super output areas - middle layer,152,Total: All usual residents,12094
1321,2021,E02003353,2021 super output areas - middle layer,152,British only identity,7043
1322,2021,E02003353,2021 super output areas - middle layer,152,English only identity,1774
1323,2021,E02003353,2021 super output areas - middle layer,152,English and British only identity,1803
1324,2021,E02003353,2021 super output areas - middle layer,152,Welsh only identity,62
1325,2021,E02003353,2021 super output areas - middle layer,152,Welsh and British only identity,30
1326,2021,E02003353,2021 super output areas - middle layer,152,Any other combination of only UK identities,164
1327,2021,E02003353,2021 super output areas - middle layer,152,Scottish only identity,67
1328,2021,E02003353,2021 super output areas - middle layer,152,Scottish and British only identity,39
1329,2021,E02003353,2021 super output areas - middle layer,152,Northern Irish only identity,11
1330,2021,E02003353,2021 super output areas - middle layer,152,Northern Irish and British only identity,10
1331,2021,E02003353,2021 super output areas - middle layer,152,Cornish only identity,2
1332,2021,E02003353,2021 super output areas - middle layer,152,Cornish and British only identity,0
1333,2021,E02003353,2021 super output areas - middle layer,152,Any other combination of only UK identities ,35
1334,2021,E02003353,2021 super output areas - middle layer,152,Irish only identity,58
1335,2021,E02003353,2021 super output areas - middle layer,152,Irish and at least one UK identity,7
1336,2021,E02003353,2021 super output areas - middle layer,152,Other identity only,870
1337,2021,E02003353,2021 super output areas - middle layer,152,Other identity and at least one UK identity,283
1338,2021,E02003353,2021 super output areas - middle layer,152,Non-UK identity only,928
1339,2021,E02003353,2021 super output areas - middle layer,152,UK identity and non-UK identity,290
1340,2021,E02003354,2021 super output areas - middle layer,152,Total: All usual residents,10265
1341,2021,E02003354,2021 super output areas - middle layer,152,British only identity,5795
1342,2021,E02003354,2021 super output areas - middle layer,152,English only identity,1536
1343,2021,E02003354,2021 super output areas - middle layer,152,English and British only identity,1726
1344,2021,E02003354,2021 super output areas - middle layer,152,Welsh only identity,37
1345,2021,E02003354,2021 super output areas - middle layer,152,Welsh and British only identity,20
1346,2021,E02003354,2021 super output areas - middle layer,152,Any other combination of only UK identities,143
1347,2021,E02003354,2021 super output areas - middle layer,152,Scottish only identity,73
1348,2021,E02003354,2021 super output areas - middle layer,152,Scottish and British only identity,30
1349,2021,E02003354,2021 super output areas - middle layer,152,Northern Irish only identity,13
1350,2021,E02003354,2021 super output areas - middle layer,152,Northern Irish and British only identity,3
1351,2021,E02003354,2021 super output areas - middle layer,152,Cornish only identity,0
1352,2021,E02003354,2021 super output areas - middle layer,152,Cornish and British only identity,0
1353,2021,E02003354,2021 super output areas - middle layer,152,Any other combination of only UK identities ,24
1354,2021,E02003354,2021 super output areas - middle layer,152,Irish only identity,46
1355,2021,E02003354,2021 super output areas - middle layer,152,Irish and at least one UK identity,13
1356,2021,E02003354,2021 super output areas - middle layer,152,Other identity only,732
1357,2021,E02003354,2021 super output areas - middle layer,152,Other identity and at least one UK identity,217
1358,2021,E02003354,2021 super output areas - middle layer,152,Non-UK identity only,778
1359,2021,E02003354,2021 super output areas - middle layer,152,UK identity and non-UK identity,230
1360,2021,E02003355,2021 super output areas - middle layer,152,Total: All usual residents,6954
1361,2021,E02003355,2021 super output areas - middle layer,152,British only identity,3738
1362,2021,E02003355,2021 super output areas - middle layer,152,English only identity,1240
1363,2021,E02003355,2021 super output areas - middle layer,152,English and British only identity,1125
1364,2021,E02003355,2021 super output areas - middle layer,152,Welsh only identity,23
1365,2021,E02003355,2021 super output areas - middle layer,152,Welsh and British only identity,7
1366,2021,E02003355,2021 super output areas - middle layer,152,Any other combination of only UK identities,62
1367,2021,E02003355,2021 super output areas - middle layer,152,Scottish only identity,27
1368,2021,E02003355,2021 super output areas - middle layer,152,Scottish and British only identity,10
1369,2021,E02003355,2021 super output areas - middle layer,152,Northern Irish only identity,9
1370,2021,E02003355,2021 super output areas - middle layer,152,Northern Irish and British only identity,3
1371,2021,E02003355,2021 super output areas - middle layer,152,Cornish only identity,1
1372,2021,E02003355,2021 super output areas - middle layer,152,Cornish and British only identity,0
1373,2021,E02003355,2021 super output areas - middle layer,152,Any other combination of only UK identities ,12
1374,2021,E02003355,2021 super output areas - middle layer,152,Irish only identity,31
1375,2021,E02003355,2021 super output areas - middle layer,152,Irish and at least one UK identity,10
1376,2021,E02003355,2021 super output areas - middle layer,152,Other identity only,555
1377,2021,E02003355,2021 super output areas - middle layer,152,Other identity and at least one UK identity,163
1378,2021,E02003355,2021 super output areas - middle layer,152,Non-UK identity only,586
1379,2021,E02003355,2021 super output areas - middle layer,152,UK identity and non-UK identity,173
1380,2021,E02003356,2021 super output areas - middle layer,152,Total: All usual residents,7167
1381,2021,E02003356,2021 super output areas - middle layer,152,British only identity,4177
1382,2021,E02003356,2021 super output areas - middle layer,152,English only identity,1115
1383,2021,E02003356,2021 super output areas - middle layer,152,English and British only identity,920
1384,2021,E02003356,2021 super output areas - middle layer,152,Welsh only identity,32
1385,2021,E02003356,2021 super output areas - middle layer,152,Welsh and British only identity,19
1386,2021,E02003356,2021 super output areas - middle layer,152,Any other combination of only UK identities,113
1387,2021,E02003356,2021 super output areas - middle layer,152,Scottish only identity,35
1388,2021,E02003356,2021 super output areas - middle layer,152,Scottish and British only identity,33
1389,2021,E02003356,2021 super output areas - middle layer,152,Northern Irish only identity,16
1390,2021,E02003356,2021 super output areas - middle layer,152,Northern Irish and British only identity,5
1391,2021,E02003356,2021 super output areas - middle layer,152,Cornish only identity,2
1392,2021,E02003356,2021 super output areas - middle layer,152,Cornish and British only identity,0
1393,2021,E02003356,2021 super output areas - middle layer,152,Any other combination of only UK identities ,22
1394,2021,E02003356,2021 super output areas - middle layer,152,Irish only identity,63
1395,2021,E02003356,2021 super output areas - middle layer,152,Irish and at least one UK identity,13
1396,2021,E02003356,2021 super output areas - middle layer,152,Other identity only,528
1397,2021,E02003356,2021 super output areas - middle layer,152,Other identity and at least one UK identity,187
1398,2021,E02003356,2021 super output areas - middle layer,152,Non-UK identity only,591
1399,2021,E02003356,2021 super output areas - middle layer,152,UK identity and non-UK identity,200
1400,2021,E02003357,2021 super output areas - middle layer,152,Total: All usual residents,10195
1401,2021,E02003357,2021 super output areas - middle layer,152,British only identity,5348
1402,2021,E02003357,2021 super output areas - middle layer,152,English only identity,1555
1403,2021,E02003357,2021 super output areas - middle layer,152,English and British only identity,1406
1404,2021,E02003357,2021 super output areas - middle layer,152,Welsh only identity,30
1405,2021,E02003357,2021 super output areas - middle layer,152,Welsh and British only identity,18
1406,2021,E02003357,2021 super output areas - middle layer,152,Any other combination of only UK identities,88
1407,2021,E02003357,2021 super output areas - middle layer,152,Scottish only identity,41
1408,2021,E02003357,2021 super output areas - middle layer,152,Scottish and British only identity,19
1409,2021,E02003357,2021 super output areas - middle layer,152,Northern Irish only identity,9
1410,2021,E02003357,2021 super output areas - middle layer,152,Northern Irish and British only identity,3
1411,2021,E02003357,2021 super output areas - middle layer,152,Cornish only identity,0
1412,2021,E02003357,2021 super output areas - middle layer,152,Cornish and British only identity,0
1413,2021,E02003357,2021 super output areas - middle layer,152,Any other combination of only UK identities ,16
1414,2021,E02003357,2021 super output areas - middle layer,152,Irish only identity,45
1415,2021,E02003357,2021 super output areas - middle layer,152,Irish and at least one UK identity,7
1416,2021,E02003357,2021 super output areas - middle layer,152,Other identity only,1441
1417,2021,E02003357,2021 super output areas - middle layer,152,Other identity and at least one UK identity,257
1418,2021,E02003357,2021 super output areas - middle layer,152,Non-UK identity only,1486
1419,2021,E02003357,2021 super output areas - middle layer,152,UK identity and non-UK identity,264
1420,2021,E02003358,2021 super output areas - middle layer,152,Total: All usual residents,11872
1421,2021,E02003358,2021 super output areas - middle layer,152,British only identity,6321
1422,2021,E02003358,2021 super output areas - middle layer,152,English only identity,1671
1423,2021,E02003358,2021 super output areas - middle layer,152,English and British only identity,1712
1424,2021,E02003358,2021 super output areas - middle layer,152,Welsh only identity,48
1425,2021,E02003358,2021 super output areas - middle layer,152,Welsh and British only identity,18
1426,2021,E02003358,2021 super output areas - middle layer,152,Any other combination of only UK identities,102
1427,2021,E02003358,2021 super output areas - middle layer,152,Scottish only identity,32
1428,2021,E02003358,2021 super output areas - middle layer,152,Scottish and British only identity,28
1429,2021,E02003358,2021 super output areas - middle layer,152,Northern Irish only identity,14
1430,2021,E02003358,2021 super output areas - middle layer,152,Northern Irish and British only identity,9
1431,2021,E02003358,2021 super output areas - middle layer,152,Cornish only identity,0
1432,2021,E02003358,2021 super output areas - middle layer,152,Cornish and British only identity,0
1433,2021,E02003358,2021 super output areas - middle layer,152,Any other combination of only UK identities ,19
1434,2021,E02003358,2021 super output areas - middle layer,152,Irish only identity,42
1435,2021,E02003358,2021 super output areas - middle layer,152,Irish and at least one UK identity,8
1436,2021,E02003358,2021 super output areas - middle layer,152,Other identity only,1632
1437,2021,E02003358,2021 super output areas - middle layer,152,Other identity and at least one UK identity,318
1438,2021,E02003358,2021 super output areas - middle layer,152,Non-UK identity only,1674
1439,2021,E02003358,2021 super output areas - middle layer,152,UK identity and non-UK identity,326
1440,2021,E02003359,2021 super output areas - middle layer,152,Total: All usual residents,6325
1441,2021,E02003359,2021 super output areas - middle layer,152,British only identity,3277
1442,2021,E02003359,2021 super output areas - middle layer,152,English only identity,1106
1443,2021,E02003359,2021 super output areas - middle layer,152,English and British only identity,1116
1444,2021,E02003359,2021 super output areas - middle layer,152,Welsh only identity,27
1445,2021,E02003359,2021 super output areas - middle layer,152,Welsh and British only identity,11
1446,2021,E02003359,2021 super output areas - middle layer,152,Any other combination of only UK identities,64
1447,2021,E02003359,2021 super output areas - middle layer,152,Scottish only identity,35
1448,2021,E02003359,2021 super output areas - middle layer,152,Scottish and British only identity,10
1449,2021,E02003359,2021 super output areas - middle layer,152,Northern Irish only identity,2
1450,2021,E02003359,2021 super output areas - middle layer,152,Northern Irish and British only identity,3
1451,2021,E02003359,2021 super output areas - middle layer,152,Cornish only identity,1
1452,2021,E02003359,2021 super output areas - middle layer,152,Cornish and British only identity,0
1453,2021,E02003359,2021 super output areas - middle layer,152,Any other combination of only UK identities ,13
1454,2021,E02003359,2021 super output areas - middle layer,152,Irish only identity,37
1455,2021,E02003359,2021 super output areas - middle layer,152,Irish and at least one UK identity,4
1456,2021,E02003359,2021 super output areas - middle layer,152,Other identity only,546
1457,2021,E02003359,2021 super output areas - middle layer,152,Other identity and at least one UK identity,137
1458,2021,E02003359,2021 super output areas - middle layer,152,Non-UK identity only,583
1459,2021,E02003359,2021 super output areas - middle layer,152,UK identity and non-UK identity,141
1460,2021,E02003360,2021 super output areas - middle layer,152,Total: All usual residents,11621
1461,2021,E02003360,2021 super output areas - middle layer,152,British only identity,6597
1462,2021,E02003360,2021 super output areas - middle layer,152,English only identity,1899
1463,2021,E02003360,2021 super output areas - middle layer,152,English and British only identity,1773
1464,2021,E02003360,2021 super output areas - middle layer,152,Welsh only identity,43
1465,2021,E02003360,2021 super output areas - middle layer,152,Welsh and British only identity,15
1466,2021,E02003360,2021 super output areas - middle layer,152,Any other combination of only UK identities,97
1467,2021,E02003360,2021 super output areas - middle layer,152,Scottish only identity,44
1468,2021,E02003360,2021 super output areas - middle layer,152,Scottish and British only identity,16
1469,2021,E02003360,2021 super output areas - middle layer,152,Northern Irish only identity,12
1470,2021,E02003360,2021 super output areas - middle layer,152,Northern Irish and British only identity,6
1471,2021,E02003360,2021 super output areas - middle layer,152,Cornish only identity,1
1472,2021,E02003360,2021 super output areas - middle layer,152,Cornish and British only identity,1
1473,2021,E02003360,2021 super output areas - middle layer,152,Any other combination of only UK identities ,17
1474,2021,E02003360,2021 super output areas - middle layer,152,Irish only identity,49
1475,2021,E02003360,2021 super output areas - middle layer,152,Irish and at least one UK identity,10
1476,2021,E02003360,2021 super output areas - middle layer,152,Other identity only,919
1477,2021,E02003360,2021 super output areas - middle layer,152,Other identity and at least one UK identity,219
1478,2021,E02003360,2021 super output areas - middle layer,152,Non-UK identity only,968
1479,2021,E02003360,2021 super output areas - middle layer,152,UK identity and non-UK identity,229
1480,2021,E02003361,2021 super output areas - middle layer,152,Total: All usual residents,7440
1481,2021,E02003361,2021 super output areas - middle layer,152,British only identity,4015
1482,2021,E02003361,2021 super output areas - middle layer,152,English only identity,1368
1483,2021,E02003361,2021 super output areas - middle layer,152,English and British only identity,1113
1484,2021,E02003361,2021 super output areas - middle layer,152,Welsh only identity,21
1485,2021,E02003361,2021 super output areas - middle layer,152,Welsh and British only identity,10
1486,2021,E02003361,2021 super output areas - middle layer,152,Any other combination of only UK identities,81
1487,2021,E02003361,2021 super output areas - middle layer,152,Scottish only identity,41
1488,2021,E02003361,2021 super output areas - middle layer,152,Scottish and British only identity,13
1489,2021,E02003361,2021 super output areas - middle layer,152,Northern Irish only identity,9
1490,2021,E02003361,2021 super output areas - middle layer,152,Northern Irish and British only identity,3
1491,2021,E02003361,2021 super output areas - middle layer,152,Cornish only identity,3
1492,2021,E02003361,2021 super output areas - middle layer,152,Cornish and British only identity,0
1493,2021,E02003361,2021 super output areas - middle layer,152,Any other combination of only UK identities ,12
1494,2021,E02003361,2021 super output areas - middle layer,152,Irish only identity,38
1495,2021,E02003361,2021 super output areas - middle layer,152,Irish and at least one UK identity,15
1496,2021,E02003361,2021 super output areas - middle layer,152,Other identity only,630
1497,2021,E02003361,2021 super output areas - middle layer,152,Other identity and at least one UK identity,149
1498,2021,E02003361,2021 super output areas - middle layer,152,Non-UK identity only,668
1499,2021,E02003361,2021 super output areas - middle layer,152,UK identity and non-UK identity,164
1500,2021,E02003362,2021 super output areas - middle layer,152,Total: All usual residents,6717
1501,2021,E02003362,2021 super output areas - middle layer,152,British only identity,3650
1502,2021,E02003362,2021 super output areas - middle layer,152,English only identity,1212
1503,2021,E02003362,2021 super output areas - middle layer,152,English and British only identity,977
1504,2021,E02003362,2021 super output areas - middle layer,152,Welsh only identity,23
1505,2021,E02003362,2021 super output areas - middle layer,152,Welsh and British only identity,5
1506,2021,E02003362,2021 super output areas - middle layer,152,Any other combination of only UK identities,42
1507,2021,E02003362,2021 super output areas - middle layer,152,Scottish only identity,20
1508,2021,E02003362,2021 super output areas - middle layer,152,Scottish and British only identity,8
1509,2021,E02003362,2021 super output areas - middle layer,152,Northern Irish only identity,5
1510,2021,E02003362,2021 super output areas - middle layer,152,Northern Irish and British only identity,1
1511,2021,E02003362,2021 super output areas - middle layer,152,Cornish only identity,0
1512,2021,E02003362,2021 super output areas - middle layer,152,Cornish and British only identity,0
1513,2021,E02003362,2021 super output areas - middle layer,152,Any other combination of only UK identities ,8
1514,2021,E02003362,2021 super output areas - middle layer,152,Irish only identity,26
1515,2021,E02003362,2021 super output areas - middle layer,152,Irish and at least one UK identity,3
1516,2021,E02003362,2021 super output areas - middle layer,152,Other identity only,637
1517,2021,E02003362,2021 super output areas - middle layer,152,Other identity and at least one UK identity,142
1518,2021,E02003362,2021 super output areas - middle layer,152,Non-UK identity only,663
1519,2021,E02003362,2021 super output areas - middle layer,152,UK identity and non-UK identity,145
1520,2021,E02003363,2021 super output areas - middle layer,152,Total: All usual residents,7100
1521,2021,E02003363,2021 super output areas - middle layer,152,British only identity,3863
1522,2021,E02003363,2021 super output areas - middle layer,152,English only identity,1200
1523,2021,E02003363,2021 super output areas - middle layer,152,English and British only identity,1212
1524,2021,E02003363,2021 super output areas - middle layer,152,Welsh only identity,30
1525,2021,E02003363,2021 super output areas - middle layer,152,Welsh and British only identity,28
1526,2021,E02003363,2021 super output areas - middle layer,152,Any other combination of only UK identities,131
1527,2021,E02003363,2021 super output areas - middle layer,152,Scottish only identity,36
1528,2021,E02003363,2021 super output areas - middle layer,152,Scottish and British only identity,31
1529,2021,E02003363,2021 super output areas - middle layer,152,Northern Irish only identity,8
1530,2021,E02003363,2021 super output areas - middle layer,152,Northern Irish and British only identity,14
1531,2021,E02003363,2021 super output areas - middle layer,152,Cornish only identity,1
1532,2021,E02003363,2021 super output areas - middle layer,152,Cornish and British only identity,0
1533,2021,E02003363,2021 super output areas - middle layer,152,Any other combination of only UK identities ,41
1534,2021,E02003363,2021 super output areas - middle layer,152,Irish only identity,45
1535,2021,E02003363,2021 super output areas - middle layer,152,Irish and at least one UK identity,14
1536,2021,E02003363,2021 super output areas - middle layer,152,Other identity only,396
1537,2021,E02003363,2021 super output areas - middle layer,152,Other identity and at least one UK identity,181
1538,2021,E02003363,2021 super output areas - middle layer,152,Non-UK identity only,441
1539,2021,E02003363,2021 super output areas - middle layer,152,UK identity and non-UK identity,195
1540,2021,E02003364,2021 super output areas - middle layer,152,Total: All usual residents,7011
1541,2021,E02003364,2021 super output areas - middle layer,152,British only identity,3991
1542,2021,E02003364,2021 super output areas - middle layer,152,English only identity,1207
1543,2021,E02003364,2021 super output areas - middle layer,152,English and British only identity,1097
1544,2021,E02003364,2021 super output areas - middle layer,152,Welsh only identity,22
1545,2021,E02003364,2021 super output areas - middle layer,152,Welsh and British only identity,11
1546,2021,E02003364,2021 super output areas - middle layer,152,Any other combination of only UK identities,72
1547,2021,E02003364,2021 super output areas - middle layer,152,Scottish only identity,26
1548,2021,E02003364,2021 super output areas - middle layer,152,Scottish and British only identity,19
1549,2021,E02003364,2021 super output areas - middle layer,152,Northern Irish only identity,13
1550,2021,E02003364,2021 super output areas - middle layer,152,Northern Irish and British only identity,0
1551,2021,E02003364,2021 super output areas - middle layer,152,Cornish only identity,1
1552,2021,E02003364,2021 super output areas - middle layer,152,Cornish and British only identity,1
1553,2021,E02003364,2021 super output areas - middle layer,152,Any other combination of only UK identities ,12
1554,2021,E02003364,2021 super output areas - middle layer,152,Irish only identity,29
1555,2021,E02003364,2021 super output areas - middle layer,152,Irish and at least one UK identity,7
1556,2021,E02003364,2021 super output areas - middle layer,152,Other identity only,439
1557,2021,E02003364,2021 super output areas - middle layer,152,Other identity and at least one UK identity,136
1558,2021,E02003364,2021 super output areas - middle layer,152,Non-UK identity only,468
1559,2021,E02003364,2021 super output areas - middle layer,152,UK identity and non-UK identity,143
1560,2021,E02003365,2021 super output areas - middle layer,152,Total: All usual residents,6938
1561,2021,E02003365,2021 super output areas - middle layer,152,British only identity,4063
1562,2021,E02003365,2021 super output areas - middle layer,152,English only identity,1226
1563,2021,E02003365,2021 super output areas - middle layer,152,English and British only identity,1110
1564,2021,E02003365,2021 super output areas - middle layer,152,Welsh only identity,25
1565,2021,E02003365,2021 super output areas - middle layer,152,Welsh and British only identity,19
1566,2021,E02003365,2021 super output areas - middle layer,152,Any other combination of only UK identities,85
1567,2021,E02003365,2021 super output areas - middle layer,152,Scottish only identity,44
1568,2021,E02003365,2021 super output areas - middle layer,152,Scottish and British only identity,13
1569,2021,E02003365,2021 super output areas - middle layer,152,Northern Irish only identity,13
1570,2021,E02003365,2021 super output areas - middle layer,152,Northern Irish and British only identity,1
1571,2021,E02003365,2021 super output areas - middle layer,152,Cornish only identity,0
1572,2021,E02003365,2021 super output areas - middle layer,152,Cornish and British only identity,0
1573,2021,E02003365,2021 super output areas - middle layer,152,Any other combination of only UK identities ,14
1574,2021,E02003365,2021 super output areas - middle layer,152,Irish only identity,41
1575,2021,E02003365,2021 super output areas - middle layer,152,Irish and at least one UK identity,2
1576,2021,E02003365,2021 super output areas - middle layer,152,Other identity only,259
1577,2021,E02003365,2021 super output areas - middle layer,152,Other identity and at least one UK identity,108
1578,2021,E02003365,2021 super output areas - middle layer,152,Non-UK identity only,300
1579,2021,E02003365,2021 super output areas - middle layer,152,UK identity and non-UK identity,110
1580,2021,E02003366,2021 super output areas - middle layer,152,Total: All usual residents,7133
1581,2021,E02003366,2021 super output areas - middle layer,152,British only identity,3754
1582,2021,E02003366,2021 super output areas - middle layer,152,English only identity,1142
1583,2021,E02003366,2021 super output areas - middle layer,152,English and British only identity,1052
1584,2021,E02003366,2021 super output areas - middle layer,152,Welsh only identity,40
1585,2021,E02003366,2021 super output areas - middle layer,152,Welsh and British only identity,23
1586,2021,E02003366,2021 super output areas - middle layer,152,Any other combination of only UK identities,77
1587,2021,E02003366,2021 super output areas - middle layer,152,Scottish only identity,26
1588,2021,E02003366,2021 super output areas - middle layer,152,Scottish and British only identity,25
1589,2021,E02003366,2021 super output areas - middle layer,152,Northern Irish only identity,3
1590,2021,E02003366,2021 super output areas - middle layer,152,Northern Irish and British only identity,11
1591,2021,E02003366,2021 super output areas - middle layer,152,Cornish only identity,0
1592,2021,E02003366,2021 super output areas - middle layer,152,Cornish and British only identity,0
1593,2021,E02003366,2021 super output areas - middle layer,152,Any other combination of only UK identities ,12
1594,2021,E02003366,2021 super output areas - middle layer,152,Irish only identity,19
1595,2021,E02003366,2021 super output areas - middle layer,152,Irish and at least one UK identity,9
1596,2021,E02003366,2021 super output areas - middle layer,152,Other identity only,910
1597,2021,E02003366,2021 super output areas - middle layer,152,Other identity and at least one UK identity,107
1598,2021,E02003366,2021 super output areas - middle layer,152,Non-UK identity only,929
1599,2021,E02003366,2021 super output areas - middle layer,152,UK identity and non-UK identity,116
1600,2021,E02003367,2021 super output areas - middle layer,152,Total: All usual residents,6532
1601,2021,E02003367,2021 super output areas - middle layer,152,British only identity,3863
1602,2021,E02003367,2021 super output areas - middle layer,152,English only identity,985
1603,2021,E02003367,2021 super output areas - middle layer,152,English and British only identity,1174
1604,2021,E02003367,2021 super output areas - middle layer,152,Welsh only identity,48
1605,2021,E02003367,2021 super output areas - middle layer,152,Welsh and British only identity,16
1606,2021,E02003367,2021 super output areas - middle layer,152,Any other combination of only UK identities,92
1607,2021,E02003367,2021 super output areas - middle layer,152,Scottish only identity,24
1608,2021,E02003367,2021 super output areas - middle layer,152,Scottish and British only identity,38
1609,2021,E02003367,2021 super output areas - middle layer,152,Northern Irish only identity,7
1610,2021,E02003367,2021 super output areas - middle layer,152,Northern Irish and British only identity,4
1611,2021,E02003367,2021 super output areas - middle layer,152,Cornish only identity,0
1612,2021,E02003367,2021 super output areas - middle layer,152,Cornish and British only identity,0
1613,2021,E02003367,2021 super output areas - middle layer,152,Any other combination of only UK identities ,19
1614,2021,E02003367,2021 super output areas - middle layer,152,Irish only identity,38
1615,2021,E02003367,2021 super output areas - middle layer,152,Irish and at least one UK identity,12
1616,2021,E02003367,2021 super output areas - middle layer,152,Other identity only,213
1617,2021,E02003367,2021 super output areas - middle layer,152,Other identity and at least one UK identity,91
1618,2021,E02003367,2021 super output areas - middle layer,152,Non-UK identity only,251
1619,2021,E02003367,2021 super output areas - middle layer,152,UK identity and non-UK identity,103
1620,2021,E02003368,2021 super output areas - middle layer,152,Total: All usual residents,5694
1621,2021,E02003368,2021 super output areas - middle layer,152,British only identity,3235
1622,2021,E02003368,2021 super output areas - middle layer,152,English only identity,1001
1623,2021,E02003368,2021 super output areas - middle layer,152,English and British only identity,931
1624,2021,E02003368,2021 super output areas - middle layer,152,Welsh only identity,45
1625,2021,E02003368,2021 super output areas - middle layer,152,Welsh and British only identity,25
1626,2021,E02003368,2021 super output areas - middle layer,152,Any other combination of only UK identities,99
1627,2021,E02003368,2021 super output areas - middle layer,152,Scottish only identity,41
1628,2021,E02003368,2021 super output areas - middle layer,152,Scottish and British only identity,21
1629,2021,E02003368,2021 super output areas - middle layer,152,Northern Irish only identity,14
1630,2021,E02003368,2021 super output areas - middle layer,152,Northern Irish and British only identity,2
1631,2021,E02003368,2021 super output areas - middle layer,152,Cornish only identity,0
1632,2021,E02003368,2021 super output areas - middle layer,152,Cornish and British only identity,0
1633,2021,E02003368,2021 super output areas - middle layer,152,Any other combination of only UK identities ,21
1634,2021,E02003368,2021 super output areas - middle layer,152,Irish only identity,70
1635,2021,E02003368,2021 super output areas - middle layer,152,Irish and at least one UK identity,15
1636,2021,E02003368,2021 super output areas - middle layer,152,Other identity only,202
1637,2021,E02003368,2021 super output areas - middle layer,152,Other identity and at least one UK identity,71
1638,2021,E02003368,2021 super output areas - middle layer,152,Non-UK identity only,272
1639,2021,E02003368,2021 super output areas - middle layer,152,UK identity and non-UK identity,86
1640,2021,E02003369,2021 super output areas - middle layer,152,Total: All usual residents,6400
1641,2021,E02003369,2021 super output areas - middle layer,152,British only identity,3819
1642,2021,E02003369,2021 super output areas - middle layer,152,English only identity,913
1643,2021,E02003369,2021 super output areas - middle layer,152,English and British only identity,930
1644,2021,E02003369,2021 super output areas - middle layer,152,Welsh only identity,37
1645,2021,E02003369,2021 super output areas - middle layer,152,Welsh and British only identity,21
1646,2021,E02003369,2021 super output areas - middle layer,152,Any other combination of only UK identities,140
1647,2021,E02003369,2021 super output areas - middle layer,152,Scottish only identity,43
1648,2021,E02003369,2021 super output areas - middle layer,152,Scottish and British only identity,26
1649,2021,E02003369,2021 super output areas - middle layer,152,Northern Irish only identity,15
1650,2021,E02003369,2021 super output areas - middle layer,152,Northern Irish and British only identity,14
1651,2021,E02003369,2021 super output areas - middle layer,152,Cornish only identity,1
1652,2021,E02003369,2021 super output areas - middle layer,152,Cornish and British only identity,2
1653,2021,E02003369,2021 super output areas - middle layer,152,Any other combination of only UK identities ,39
1654,2021,E02003369,2021 super output areas - middle layer,152,Irish only identity,39
1655,2021,E02003369,2021 super output areas - middle layer,152,Irish and at least one UK identity,12
1656,2021,E02003369,2021 super output areas - middle layer,152,Other identity only,340
1657,2021,E02003369,2021 super output areas - middle layer,152,Other identity and at least one UK identity,149
1658,2021,E02003369,2021 super output areas - middle layer,152,Non-UK identity only,379
1659,2021,E02003369,2021 super output areas - middle layer,152,UK identity and non-UK identity,161
1660,2021,E02003370,2021 super output areas - middle layer,152,Total: All usual residents,6732
1661,2021,E02003370,2021 super output areas - middle layer,152,British only identity,3805
1662,2021,E02003370,2021 super output areas - middle layer,152,English only identity,1186
1663,2021,E02003370,2021 super output areas - middle layer,152,English and British only identity,1102
1664,2021,E02003370,2021 super output areas - middle layer,152,Welsh only identity,24
1665,2021,E02003370,2021 super output areas - middle layer,152,Welsh and British only identity,22
1666,2021,E02003370,2021 super output areas - middle layer,152,Any other combination of only UK identities,66
1667,2021,E02003370,2021 super output areas - middle layer,152,Scottish only identity,25
1668,2021,E02003370,2021 super output areas - middle layer,152,Scottish and British only identity,20
1669,2021,E02003370,2021 super output areas - middle layer,152,Northern Irish only identity,7
1670,2021,E02003370,2021 super output areas - middle layer,152,Northern Irish and British only identity,3
1671,2021,E02003370,2021 super output areas - middle layer,152,Cornish only identity,1
1672,2021,E02003370,2021 super output areas - middle layer,152,Cornish and British only identity,0
1673,2021,E02003370,2021 super output areas - middle layer,152,Any other combination of only UK identities ,10
1674,2021,E02003370,2021 super output areas - middle layer,152,Irish only identity,37
1675,2021,E02003370,2021 super output areas - middle layer,152,Irish and at least one UK identity,8
1676,2021,E02003370,2021 super output areas - middle layer,152,Other identity only,327
1677,2021,E02003370,2021 super output areas - middle layer,152,Other identity and at least one UK identity,155
1678,2021,E02003370,2021 super output areas - middle layer,152,Non-UK identity only,364
1679,2021,E02003370,2021 super output areas - middle layer,152,UK identity and non-UK identity,163
1680,2021,E02003371,2021 super output areas - middle layer,152,Total: All usual residents,5947
1681,2021,E02003371,2021 super output areas - middle layer,152,British only identity,3320
1682,2021,E02003371,2021 super output areas - middle layer,152,English only identity,1240
1683,2021,E02003371,2021 super output areas - middle layer,152,English and British only identity,1005
1684,2021,E02003371,2021 super output areas - middle layer,152,Welsh only identity,23
1685,2021,E02003371,2021 super output areas - middle layer,152,Welsh and British only identity,9
1686,2021,E02003371,2021 super output areas - middle layer,152,Any other combination of only UK identities,51
1687,2021,E02003371,2021 super output areas - middle layer,152,Scottish only identity,22
1688,2021,E02003371,2021 super output areas - middle layer,152,Scottish and British only identity,9
1689,2021,E02003371,2021 super output areas - middle layer,152,Northern Irish only identity,6
1690,2021,E02003371,2021 super output areas - middle layer,152,Northern Irish and British only identity,2
1691,2021,E02003371,2021 super output areas - middle layer,152,Cornish only identity,1
1692,2021,E02003371,2021 super output areas - middle layer,152,Cornish and British only identity,2
1693,2021,E02003371,2021 super output areas - middle layer,152,Any other combination of only UK identities ,9
1694,2021,E02003371,2021 super output areas - middle layer,152,Irish only identity,25
1695,2021,E02003371,2021 super output areas - middle layer,152,Irish and at least one UK identity,7
1696,2021,E02003371,2021 super output areas - middle layer,152,Other identity only,174
1697,2021,E02003371,2021 super output areas - middle layer,152,Other identity and at least one UK identity,93
1698,2021,E02003371,2021 super output areas - middle layer,152,Non-UK identity only,199
1699,2021,E02003371,2021 super output areas - middle layer,152,UK identity and non-UK identity,100
1700,2021,E02003372,2021 super output areas - middle layer,152,Total: All usual residents,7845
1701,2021,E02003372,2021 super output areas - middle layer,152,British only identity,4417
1702,2021,E02003372,2021 super output areas - middle layer,152,English only identity,1366
1703,2021,E02003372,2021 super output areas - middle layer,152,English and British only identity,1291
1704,2021,E02003372,2021 super output areas - middle layer,152,Welsh only identity,40
1705,2021,E02003372,2021 super output areas - middle layer,152,Welsh and British only identity,14
1706,2021,E02003372,2021 super output areas - middle layer,152,Any other combination of only UK identities,62
1707,2021,E02003372,2021 super output areas - middle layer,152,Scottish only identity,25
1708,2021,E02003372,2021 super output areas - middle layer,152,Scottish and British only identity,15
1709,2021,E02003372,2021 super output areas - middle layer,152,Northern Irish only identity,6
1710,2021,E02003372,2021 super output areas - middle layer,152,Northern Irish and British only identity,8
1711,2021,E02003372,2021 super output areas - middle layer,152,Cornish only identity,1
1712,2021,E02003372,2021 super output areas - middle layer,152,Cornish and British only identity,0
1713,2021,E02003372,2021 super output areas - middle layer,152,Any other combination of only UK identities ,7
1714,2021,E02003372,2021 super output areas - middle layer,152,Irish only identity,52
1715,2021,E02003372,2021 super output areas - middle layer,152,Irish and at least one UK identity,13
1716,2021,E02003372,2021 super output areas - middle layer,152,Other identity only,405
1717,2021,E02003372,2021 super output areas - middle layer,152,Other identity and at least one UK identity,185
1718,2021,E02003372,2021 super output areas - middle layer,152,Non-UK identity only,457
1719,2021,E02003372,2021 super output areas - middle layer,152,UK identity and non-UK identity,198
1720,2021,E02003373,2021 super output areas - middle layer,152,Total: All usual residents,8655
1721,2021,E02003373,2021 super output areas - middle layer,152,British only identity,5125
1722,2021,E02003373,2021 super output areas - middle layer,152,English only identity,1283
1723,2021,E02003373,2021 super output areas - middle layer,152,English and British only identity,1437
1724,2021,E02003373,2021 super output areas - middle layer,152,Welsh only identity,64
1725,2021,E02003373,2021 super output areas - middle layer,152,Welsh and British only identity,41
1726,2021,E02003373,2021 super output areas - middle layer,152,Any other combination of only UK identities,145
1727,2021,E02003373,2021 super output areas - middle layer,152,Scottish only identity,57
1728,2021,E02003373,2021 super output areas - middle layer,152,Scottish and British only identity,40
1729,2021,E02003373,2021 super output areas - middle layer,152,Northern Irish only identity,7
1730,2021,E02003373,2021 super output areas - middle layer,152,Northern Irish and British only identity,7
1731,2021,E02003373,2021 super output areas - middle layer,152,Cornish only identity,2
1732,2021,E02003373,2021 super output areas - middle layer,152,Cornish and British only identity,0
1733,2021,E02003373,2021 super output areas - middle layer,152,Any other combination of only UK identities ,32
1734,2021,E02003373,2021 super output areas - middle layer,152,Irish only identity,26
1735,2021,E02003373,2021 super output areas - middle layer,152,Irish and at least one UK identity,14
1736,2021,E02003373,2021 super output areas - middle layer,152,Other identity only,358
1737,2021,E02003373,2021 super output areas - middle layer,152,Other identity and at least one UK identity,162
1738,2021,E02003373,2021 super output areas - middle layer,152,Non-UK identity only,384
1739,2021,E02003373,2021 super output areas - middle layer,152,UK identity and non-UK identity,176
1740,2021,E02003374,2021 super output areas - middle layer,152,Total: All usual residents,5866
1741,2021,E02003374,2021 super output areas - middle layer,152,British only identity,3345
1742,2021,E02003374,2021 super output areas - middle layer,152,English only identity,964
1743,2021,E02003374,2021 super output areas - middle layer,152,English and British only identity,893
1744,2021,E02003374,2021 super output areas - middle layer,152,Welsh only identity,28
1745,2021,E02003374,2021 super output areas - middle layer,152,Welsh and British only identity,11
1746,2021,E02003374,2021 super output areas - middle layer,152,Any other combination of only UK identities,50
1747,2021,E02003374,2021 super output areas - middle layer,152,Scottish only identity,9
1748,2021,E02003374,2021 super output areas - middle layer,152,Scottish and British only identity,18
1749,2021,E02003374,2021 super output areas - middle layer,152,Northern Irish only identity,8
1750,2021,E02003374,2021 super output areas - middle layer,152,Northern Irish and British only identity,4
1751,2021,E02003374,2021 super output areas - middle layer,152,Cornish only identity,3
1752,2021,E02003374,2021 super output areas - middle layer,152,Cornish and British only identity,0
1753,2021,E02003374,2021 super output areas - middle layer,152,Any other combination of only UK identities ,8
1754,2021,E02003374,2021 super output areas - middle layer,152,Irish only identity,40
1755,2021,E02003374,2021 super output areas - middle layer,152,Irish and at least one UK identity,8
1756,2021,E02003374,2021 super output areas - middle layer,152,Other identity only,390
1757,2021,E02003374,2021 super output areas - middle layer,152,Other identity and at least one UK identity,137
1758,2021,E02003374,2021 super output areas - middle layer,152,Non-UK identity only,430
1759,2021,E02003374,2021 super output areas - middle layer,152,UK identity and non-UK identity,145
1760,2021,E02003375,2021 super output areas - middle layer,152,Total: All usual residents,6195
1761,2021,E02003375,2021 super output areas - middle layer,152,British only identity,3448
1762,2021,E02003375,2021 super output areas - middle layer,152,English only identity,1052
1763,2021,E02003375,2021 super output areas - middle layer,152,English and British only identity,1087
1764,2021,E02003375,2021 super output areas - middle layer,152,Welsh only identity,37
1765,2021,E02003375,2021 super output areas - middle layer,152,Welsh and British only identity,17
1766,2021,E02003375,2021 super output areas - middle layer,152,Any other combination of only UK identities,83
1767,2021,E02003375,2021 super output areas - middle layer,152,Scottish only identity,33
1768,2021,E02003375,2021 super output areas - middle layer,152,Scottish and British only identity,16
1769,2021,E02003375,2021 super output areas - middle layer,152,Northern Irish only identity,10
1770,2021,E02003375,2021 super output areas - middle layer,152,Northern Irish and British only identity,4
1771,2021,E02003375,2021 super output areas - middle layer,152,Cornish only identity,0
1772,2021,E02003375,2021 super output areas - middle layer,152,Cornish and British only identity,0
1773,2021,E02003375,2021 super output areas - middle layer,152,Any other combination of only UK identities ,20
1774,2021,E02003375,2021 super output areas - middle layer,152,Irish only identity,31
1775,2021,E02003375,2021 super output areas - middle layer,152,Irish and at least one UK identity,5
1776,2021,E02003375,2021 super output areas - middle layer,152,Other identity only,333
1777,2021,E02003375,2021 super output areas - middle layer,152,Other identity and at least one UK identity,102
1778,2021,E02003375,2021 super output areas - middle layer,152,Non-UK identity only,364
1779,2021,E02003375,2021 super output areas - middle layer,152,UK identity and non-UK identity,107
1780,2021,E02003376,2021 super output areas - middle layer,152,Total: All usual residents,5866
1781,2021,E02003376,2021 super output areas - middle layer,152,British only identity,3324
1782,2021,E02003376,2021 super output areas - middle layer,152,English only identity,1069
1783,2021,E02003376,2021 super output areas - middle layer,152,English and British only identity,957
1784,2021,E02003376,2021 super output areas - middle layer,152,Welsh only identity,34
1785,2021,E02003376,2021 super output areas - middle layer,152,Welsh and British only identity,15
1786,2021,E02003376,2021 super output areas - middle layer,152,Any other combination of only UK identities,85
1787,2021,E02003376,2021 super output areas - middle layer,152,Scottish only identity,33
1788,2021,E02003376,2021 super output areas - middle layer,152,Scottish and British only identity,16
1789,2021,E02003376,2021 super output areas - middle layer,152,Northern Irish only identity,8
1790,2021,E02003376,2021 super output areas - middle layer,152,Northern Irish and British only identity,8
1791,2021,E02003376,2021 super output areas - middle layer,152,Cornish only identity,3
1792,2021,E02003376,2021 super output areas - middle layer,152,Cornish and British only identity,1
1793,2021,E02003376,2021 super output areas - middle layer,152,Any other combination of only UK identities ,16
1794,2021,E02003376,2021 super output areas - middle layer,152,Irish only identity,32
1795,2021,E02003376,2021 super output areas - middle layer,152,Irish and at least one UK identity,3
1796,2021,E02003376,2021 super output areas - middle layer,152,Other identity only,266
1797,2021,E02003376,2021 super output areas - middle layer,152,Other identity and at least one UK identity,81
1798,2021,E02003376,2021 super output areas - middle layer,152,Non-UK identity only,298
1799,2021,E02003376,2021 super output areas - middle layer,152,UK identity and non-UK identity,84
1800,2021,E02003377,2021 super output areas - middle layer,152,Total: All usual residents,10413
1801,2021,E02003377,2021 super output areas - middle layer,152,British only identity,6031
1802,2021,E02003377,2021 super output areas - middle layer,152,English only identity,1700
1803,2021,E02003377,2021 super output areas - middle layer,152,English and British only identity,1677
1804,2021,E02003377,2021 super output areas - middle layer,152,Welsh only identity,62
1805,2021,E02003377,2021 super output areas - middle layer,152,Welsh and British only identity,31
1806,2021,E02003377,2021 super output areas - middle layer,152,Any other combination of only UK identities,181
1807,2021,E02003377,2021 super output areas - middle layer,152,Scottish only identity,74
1808,2021,E02003377,2021 super output areas - middle layer,152,Scottish and British only identity,34
1809,2021,E02003377,2021 super output areas - middle layer,152,Northern Irish only identity,14
1810,2021,E02003377,2021 super output areas - middle layer,152,Northern Irish and British only identity,8
1811,2021,E02003377,2021 super output areas - middle layer,152,Cornish only identity,1
1812,2021,E02003377,2021 super output areas - middle layer,152,Cornish and British only identity,0
1813,2021,E02003377,2021 super output areas - middle layer,152,Any other combination of only UK identities ,50
1814,2021,E02003377,2021 super output areas - middle layer,152,Irish only identity,56
1815,2021,E02003377,2021 super output areas - middle layer,152,Irish and at least one UK identity,29
1816,2021,E02003377,2021 super output areas - middle layer,152,Other identity only,428
1817,2021,E02003377,2021 super output areas - middle layer,152,Other identity and at least one UK identity,218
1818,2021,E02003377,2021 super output areas - middle layer,152,Non-UK identity only,484
1819,2021,E02003377,2021 super output areas - middle layer,152,UK identity and non-UK identity,247
1820,2021,E02003378,2021 super output areas - middle layer,152,Total: All usual residents,8009
1821,2021,E02003378,2021 super output areas - middle layer,152,British only identity,4290
1822,2021,E02003378,2021 super output areas - middle layer,152,English only identity,1282
1823,2021,E02003378,2021 super output areas - middle layer,152,English and British only identity,1277
1824,2021,E02003378,2021 super output areas - middle layer,152,Welsh only identity,54
1825,2021,E02003378,2021 super output areas - middle layer,152,Welsh and British only identity,26
1826,2021,E02003378,2021 super output areas - middle layer,152,Any other combination of only UK identities,101
1827,2021,E02003378,2021 super output areas - middle layer,152,Scottish only identity,52
1828,2021,E02003378,2021 super output areas - middle layer,152,Scottish and British only identity,18
1829,2021,E02003378,2021 super output areas - middle layer,152,Northern Irish only identity,10
1830,2021,E02003378,2021 super output areas - middle layer,152,Northern Irish and British only identity,3
1831,2021,E02003378,2021 super output areas - middle layer,152,Cornish only identity,0
1832,2021,E02003378,2021 super output areas - middle layer,152,Cornish and British only identity,0
1833,2021,E02003378,2021 super output areas - middle layer,152,Any other combination of only UK identities ,18
1834,2021,E02003378,2021 super output areas - middle layer,152,Irish only identity,39
1835,2021,E02003378,2021 super output areas - middle layer,152,Irish and at least one UK identity,6
1836,2021,E02003378,2021 super output areas - middle layer,152,Other identity only,742
1837,2021,E02003378,2021 super output areas - middle layer,152,Other identity and at least one UK identity,192
1838,2021,E02003378,2021 super output areas - middle layer,152,Non-UK identity only,781
1839,2021,E02003378,2021 super output areas - middle layer,152,UK identity and non-UK identity,198
1840,2021,E02003379,2021 super output areas - middle layer,152,Total: All usual residents,6978
1841,2021,E02003379,2021 super output areas - middle layer,152,British only identity,3622
1842,2021,E02003379,2021 super output areas - middle layer,152,English only identity,1054
1843,2021,E02003379,2021 super output areas - middle layer,152,English and British only identity,1132
1844,2021,E02003379,2021 super output areas - middle layer,152,Welsh only identity,35
1845,2021,E02003379,2021 super output areas - middle layer,152,Welsh and British only identity,15
1846,2021,E02003379,2021 super output areas - middle layer,152,Any other combination of only UK identities,64
1847,2021,E02003379,2021 super output areas - middle layer,152,Scottish only identity,28
1848,2021,E02003379,2021 super output areas - middle layer,152,Scottish and British only identity,14
1849,2021,E02003379,2021 super output areas - middle layer,152,Northern Irish only identity,4
1850,2021,E02003379,2021 super output areas - middle layer,152,Northern Irish and British only identity,4
1851,2021,E02003379,2021 super output areas - middle layer,152,Cornish only identity,0
1852,2021,E02003379,2021 super output areas - middle layer,152,Cornish and British only identity,1
1853,2021,E02003379,2021 super output areas - middle layer,152,Any other combination of only UK identities ,13
1854,2021,E02003379,2021 super output areas - middle layer,152,Irish only identity,34
1855,2021,E02003379,2021 super output areas - middle layer,152,Irish and at least one UK identity,8
1856,2021,E02003379,2021 super output areas - middle layer,152,Other identity only,815
1857,2021,E02003379,2021 super output areas - middle layer,152,Other identity and at least one UK identity,199
1858,2021,E02003379,2021 super output areas - middle layer,152,Non-UK identity only,849
1859,2021,E02003379,2021 super output areas - middle layer,152,UK identity and non-UK identity,207
1860,2021,E02003380,2021 super output areas - middle layer,152,Total: All usual residents,8149
1861,2021,E02003380,2021 super output areas - middle layer,152,British only identity,4411
1862,2021,E02003380,2021 super output areas - middle layer,152,English only identity,1579
1863,2021,E02003380,2021 super output areas - middle layer,152,English and British only identity,1504
1864,2021,E02003380,2021 super output areas - middle layer,152,Welsh only identity,25
1865,2021,E02003380,2021 super output areas - middle layer,152,Welsh and British only identity,16
1866,2021,E02003380,2021 super output areas - middle layer,152,Any other combination of only UK identities,98
1867,2021,E02003380,2021 super output areas - middle layer,152,Scottish only identity,43
1868,2021,E02003380,2021 super output areas - middle layer,152,Scottish and British only identity,19
1869,2021,E02003380,2021 super output areas - middle layer,152,Northern Irish only identity,13
1870,2021,E02003380,2021 super output areas - middle layer,152,Northern Irish and British only identity,5
1871,2021,E02003380,2021 super output areas - middle layer,152,Cornish only identity,1
1872,2021,E02003380,2021 super output areas - middle layer,152,Cornish and British only identity,0
1873,2021,E02003380,2021 super output areas - middle layer,152,Any other combination of only UK identities ,17
1874,2021,E02003380,2021 super output areas - middle layer,152,Irish only identity,33
1875,2021,E02003380,2021 super output areas - middle layer,152,Irish and at least one UK identity,8
1876,2021,E02003380,2021 super output areas - middle layer,152,Other identity only,368
1877,2021,E02003380,2021 super output areas - middle layer,152,Other identity and at least one UK identity,107
1878,2021,E02003380,2021 super output areas - middle layer,152,Non-UK identity only,401
1879,2021,E02003380,2021 super output areas - middle layer,152,UK identity and non-UK identity,115
1880,2021,E02003381,2021 super output areas - middle layer,152,Total: All usual residents,6114
1881,2021,E02003381,2021 super output areas - middle layer,152,British only identity,3602
1882,2021,E02003381,2021 super output areas - middle layer,152,English only identity,900
1883,2021,E02003381,2021 super output areas - middle layer,152,English and British only identity,1046
1884,2021,E02003381,2021 super output areas - middle layer,152,Welsh only identity,47
1885,2021,E02003381,2021 super output areas - middle layer,152,Welsh and British only identity,27
1886,2021,E02003381,2021 super output areas - middle layer,152,Any other combination of only UK identities,94
1887,2021,E02003381,2021 super output areas - middle layer,152,Scottish only identity,36
1888,2021,E02003381,2021 super output areas - middle layer,152,Scottish and British only identity,22
1889,2021,E02003381,2021 super output areas - middle layer,152,Northern Irish only identity,12
1890,2021,E02003381,2021 super output areas - middle layer,152,Northern Irish and British only identity,4
1891,2021,E02003381,2021 super output areas - middle layer,152,Cornish only identity,5
1892,2021,E02003381,2021 super output areas - middle layer,152,Cornish and British only identity,0
1893,2021,E02003381,2021 super output areas - middle layer,152,Any other combination of only UK identities ,15
1894,2021,E02003381,2021 super output areas - middle layer,152,Irish only identity,24
1895,2021,E02003381,2021 super output areas - middle layer,152,Irish and at least one UK identity,2
1896,2021,E02003381,2021 super output areas - middle layer,152,Other identity only,259
1897,2021,E02003381,2021 super output areas - middle layer,152,Other identity and at least one UK identity,113
1898,2021,E02003381,2021 super output areas - middle layer,152,Non-UK identity only,283
1899,2021,E02003381,2021 super output areas - middle layer,152,UK identity and non-UK identity,115
1900,2021,E02003382,2021 super output areas - middle layer,152,Total: All usual residents,7546
1901,2021,E02003382,2021 super output areas - middle layer,152,British only identity,4266
1902,2021,E02003382,2021 super output areas - middle layer,152,English only identity,1345
1903,2021,E02003382,2021 super output areas - middle layer,152,English and British only identity,1303
1904,2021,E02003382,2021 super output areas - middle layer,152,Welsh only identity,21
1905,2021,E02003382,2021 super output areas - middle layer,152,Welsh and British only identity,18
1906,2021,E02003382,2021 super output areas - middle layer,152,Any other combination of only UK identities,81
1907,2021,E02003382,2021 super output areas - middle layer,152,Scottish only identity,37
1908,2021,E02003382,2021 super output areas - middle layer,152,Scottish and British only identity,14
1909,2021,E02003382,2021 super output areas - middle layer,152,Northern Irish only identity,9
1910,2021,E02003382,2021 super output areas - middle layer,152,Northern Irish and British only identity,1
1911,2021,E02003382,2021 super output areas - middle layer,152,Cornish only identity,2
1912,2021,E02003382,2021 super output areas - middle layer,152,Cornish and British only identity,1
1913,2021,E02003382,2021 super output areas - middle layer,152,Any other combination of only UK identities ,17
1914,2021,E02003382,2021 super output areas - middle layer,152,Irish only identity,29
1915,2021,E02003382,2021 super output areas - middle layer,152,Irish and at least one UK identity,12
1916,2021,E02003382,2021 super output areas - middle layer,152,Other identity only,381
1917,2021,E02003382,2021 super output areas - middle layer,152,Other identity and at least one UK identity,90
1918,2021,E02003382,2021 super output areas - middle layer,152,Non-UK identity only,410
1919,2021,E02003382,2021 super output areas - middle layer,152,UK identity and non-UK identity,102
1920,2021,E02003383,2021 super output areas - middle layer,152,Total: All usual residents,6920
1921,2021,E02003383,2021 super output areas - middle layer,152,British only identity,3923
1922,2021,E02003383,2021 super output areas - middle layer,152,English only identity,1143
1923,2021,E02003383,2021 super output areas - middle layer,152,English and British only identity,1308
1924,2021,E02003383,2021 super output areas - middle layer,152,Welsh only identity,27
1925,2021,E02003383,2021 super output areas - middle layer,152,Welsh and British only identity,24
1926,2021,E02003383,2021 super output areas - middle layer,152,Any other combination of only UK identities,82
1927,2021,E02003383,2021 super output areas - middle layer,152,Scottish only identity,36
1928,2021,E02003383,2021 super output areas - middle layer,152,Scottish and British only identity,11
1929,2021,E02003383,2021 super output areas - middle layer,152,Northern Irish only identity,9
1930,2021,E02003383,2021 super output areas - middle layer,152,Northern Irish and British only identity,3
1931,2021,E02003383,2021 super output areas - middle layer,152,Cornish only identity,0
1932,2021,E02003383,2021 super output areas - middle layer,152,Cornish and British only identity,0
1933,2021,E02003383,2021 super output areas - middle layer,152,Any other combination of only UK identities ,23
1934,2021,E02003383,2021 super output areas - middle layer,152,Irish only identity,22
1935,2021,E02003383,2021 super output areas - middle layer,152,Irish and at least one UK identity,7
1936,2021,E02003383,2021 super output areas - middle layer,152,Other identity only,304
1937,2021,E02003383,2021 super output areas - middle layer,152,Other identity and at least one UK identity,80
1938,2021,E02003383,2021 super output areas - middle layer,152,Non-UK identity only,326
1939,2021,E02003383,2021 super output areas - middle layer,152,UK identity and non-UK identity,87
1940,2021,E02003384,2021 super output areas - middle layer,152,Total: All usual residents,6481
1941,2021,E02003384,2021 super output areas - middle layer,152,British only identity,3851
1942,2021,E02003384,2021 super output areas - middle layer,152,English only identity,1039
1943,2021,E02003384,2021 super output areas - middle layer,152,English and British only identity,1099
1944,2021,E02003384,2021 super output areas - middle layer,152,Welsh only identity,36
1945,2021,E02003384,2021 super output areas - middle layer,152,Welsh and British only identity,17
1946,2021,E02003384,2021 super output areas - middle layer,152,Any other combination of only UK identities,91
1947,2021,E02003384,2021 super output areas - middle layer,152,Scottish only identity,31
1948,2021,E02003384,2021 super output areas - middle layer,152,Scottish and British only identity,24
1949,2021,E02003384,2021 super output areas - middle layer,152,Northern Irish only identity,6
1950,2021,E02003384,2021 super output areas - middle layer,152,Northern Irish and British only identity,5
1951,2021,E02003384,2021 super output areas - middle layer,152,Cornish only identity,2
1952,2021,E02003384,2021 super output areas - middle layer,152,Cornish and British only identity,0
1953,2021,E02003384,2021 super output areas - middle layer,152,Any other combination of only UK identities ,23
1954,2021,E02003384,2021 super output areas - middle layer,152,Irish only identity,23
1955,2021,E02003384,2021 super output areas - middle layer,152,Irish and at least one UK identity,2
1956,2021,E02003384,2021 super output areas - middle layer,152,Other identity only,229
1957,2021,E02003384,2021 super output areas - middle layer,152,Other identity and at least one UK identity,94
1958,2021,E02003384,2021 super output areas - middle layer,152,Non-UK identity only,252
1959,2021,E02003384,2021 super output areas - middle layer,152,UK identity and non-UK identity,96
1960,2021,E02003385,2021 super output areas - middle layer,152,Total: All usual residents,11183
1961,2021,E02003385,2021 super output areas - middle layer,152,British only identity,5851
1962,2021,E02003385,2021 super output areas - middle layer,152,English only identity,1433
1963,2021,E02003385,2021 super output areas - middle layer,152,English and British only identity,1687
1964,2021,E02003385,2021 super output areas - middle layer,152,Welsh only identity,48
1965,2021,E02003385,2021 super output areas - middle layer,152,Welsh and British only identity,27
1966,2021,E02003385,2021 super output areas - middle layer,152,Any other combination of only UK identities,126
1967,2021,E02003385,2021 super output areas - middle layer,152,Scottish only identity,47
1968,2021,E02003385,2021 super output areas - middle layer,152,Scottish and British only identity,28
1969,2021,E02003385,2021 super output areas - middle layer,152,Northern Irish only identity,12
1970,2021,E02003385,2021 super output areas - middle layer,152,Northern Irish and British only identity,8
1971,2021,E02003385,2021 super output areas - middle layer,152,Cornish only identity,6
1972,2021,E02003385,2021 super output areas - middle layer,152,Cornish and British only identity,0
1973,2021,E02003385,2021 super output areas - middle layer,152,Any other combination of only UK identities ,25
1974,2021,E02003385,2021 super output areas - middle layer,152,Irish only identity,50
1975,2021,E02003385,2021 super output areas - middle layer,152,Irish and at least one UK identity,16
1976,2021,E02003385,2021 super output areas - middle layer,152,Other identity only,1637
1977,2021,E02003385,2021 super output areas - middle layer,152,Other identity and at least one UK identity,308
1978,2021,E02003385,2021 super output areas - middle layer,152,Non-UK identity only,1687
1979,2021,E02003385,2021 super output areas - middle layer,152,UK identity and non-UK identity,324
1980,2021,E02003386,2021 super output areas - middle layer,152,Total: All usual residents,8307
1981,2021,E02003386,2021 super output areas - middle layer,152,British only identity,4582
1982,2021,E02003386,2021 super output areas - middle layer,152,English only identity,1171
1983,2021,E02003386,2021 super output areas - middle layer,152,English and British only identity,1433
1984,2021,E02003386,2021 super output areas - middle layer,152,Welsh only identity,44
1985,2021,E02003386,2021 super output areas - middle layer,152,Welsh and British only identity,24
1986,2021,E02003386,2021 super output areas - middle layer,152,Any other combination of only UK identities,99
1987,2021,E02003386,2021 super output areas - middle layer,152,Scottish only identity,43
1988,2021,E02003386,2021 super output areas - middle layer,152,Scottish and British only identity,25
1989,2021,E02003386,2021 super output areas - middle layer,152,Northern Irish only identity,9
1990,2021,E02003386,2021 super output areas - middle layer,152,Northern Irish and British only identity,3
1991,2021,E02003386,2021 super output areas - middle layer,152,Cornish only identity,1
1992,2021,E02003386,2021 super output areas - middle layer,152,Cornish and British only identity,1
1993,2021,E02003386,2021 super output areas - middle layer,152,Any other combination of only UK identities ,17
1994,2021,E02003386,2021 super output areas - middle layer,152,Irish only identity,45
1995,2021,E02003386,2021 super output areas - middle layer,152,Irish and at least one UK identity,5
1996,2021,E02003386,2021 super output areas - middle layer,152,Other identity only,680
1997,2021,E02003386,2021 super output areas - middle layer,152,Other identity and at least one UK identity,224
1998,2021,E02003386,2021 super output areas - middle layer,152,Non-UK identity only,725
1999,2021,E02003386,2021 super output areas - middle layer,152,UK identity and non-UK identity,229
2000,2021,E02003387,2021 super output areas - middle layer,152,Total: All usual residents,9586
2001,2021,E02003387,2021 super output areas - middle layer,152,British only identity,5395
2002,2021,E02003387,2021 super output areas - middle layer,152,English only identity,1546
2003,2021,E02003387,2021 super output areas - middle layer,152,English and British only identity,1579
2004,2021,E02003387,2021 super output areas - middle layer,152,Welsh only identity,71
2005,2021,E02003387,2021 super output areas - middle layer,152,Welsh and British only identity,34
2006,2021,E02003387,2021 super output areas - middle layer,152,Any other combination of only UK identities,160
2007,2021,E02003387,2021 super output areas - middle layer,152,Scottish only identity,65
2008,2021,E02003387,2021 super output areas - middle layer,152,Scottish and British only identity,42
2009,2021,E02003387,2021 super output areas - middle layer,152,Northern Irish only identity,8
2010,2021,E02003387,2021 super output areas - middle layer,152,Northern Irish and British only identity,8
2011,2021,E02003387,2021 super output areas - middle layer,152,Cornish only identity,1
2012,2021,E02003387,2021 super output areas - middle layer,152,Cornish and British only identity,1
2013,2021,E02003387,2021 super output areas - middle layer,152,Any other combination of only UK identities ,35
2014,2021,E02003387,2021 super output areas - middle layer,152,Irish only identity,46
2015,2021,E02003387,2021 super output areas - middle layer,152,Irish and at least one UK identity,19
2016,2021,E02003387,2021 super output areas - middle layer,152,Other identity only,499
2017,2021,E02003387,2021 super output areas - middle layer,152,Other identity and at least one UK identity,237
2018,2021,E02003387,2021 super output areas - middle layer,152,Non-UK identity only,545
2019,2021,E02003387,2021 super output areas - middle layer,152,UK identity and non-UK identity,256
2020,2021,E02003388,2021 super output areas - middle layer,152,Total: All usual residents,6038
2021,2021,E02003388,2021 super output areas - middle layer,152,British only identity,3480
2022,2021,E02003388,2021 super output areas - middle layer,152,English only identity,963
2023,2021,E02003388,2021 super output areas - middle layer,152,English and British only identity,1029
2024,2021,E02003388,2021 super output areas - middle layer,152,Welsh only identity,46
2025,2021,E02003388,2021 super output areas - middle layer,152,Welsh and British only identity,23
2026,2021,E02003388,2021 super output areas - middle layer,152,Any other combination of only UK identities,64
2027,2021,E02003388,2021 super output areas - middle layer,152,Scottish only identity,32
2028,2021,E02003388,2021 super output areas - middle layer,152,Scottish and British only identity,10
2029,2021,E02003388,2021 super output areas - middle layer,152,Northern Irish only identity,6
2030,2021,E02003388,2021 super output areas - middle layer,152,Northern Irish and British only identity,5
2031,2021,E02003388,2021 super output areas - middle layer,152,Cornish only identity,0
2032,2021,E02003388,2021 super output areas - middle layer,152,Cornish and British only identity,0
2033,2021,E02003388,2021 super output areas - middle layer,152,Any other combination of only UK identities ,11
2034,2021,E02003388,2021 super output areas - middle layer,152,Irish only identity,29
2035,2021,E02003388,2021 super output areas - middle layer,152,Irish and at least one UK identity,7
2036,2021,E02003388,2021 super output areas - middle layer,152,Other identity only,272
2037,2021,E02003388,2021 super output areas - middle layer,152,Other identity and at least one UK identity,125
2038,2021,E02003388,2021 super output areas - middle layer,152,Non-UK identity only,301
2039,2021,E02003388,2021 super output areas - middle layer,152,UK identity and non-UK identity,132
2040,2021,E02003389,2021 super output areas - middle layer,152,Total: All usual residents,7991
2041,2021,E02003389,2021 super output areas - middle layer,152,British only identity,4476
2042,2021,E02003389,2021 super output areas - middle layer,152,English only identity,1219
2043,2021,E02003389,2021 super output areas - middle layer,152,English and British only identity,1155
2044,2021,E02003389,2021 super output areas - middle layer,152,Welsh only identity,49
2045,2021,E02003389,2021 super output areas - middle layer,152,Welsh and British only identity,17
2046,2021,E02003389,2021 super output areas - middle layer,152,Any other combination of only UK identities,103
2047,2021,E02003389,2021 super output areas - middle layer,152,Scottish only identity,35
2048,2021,E02003389,2021 super output areas - middle layer,152,Scottish and British only identity,26
2049,2021,E02003389,2021 super output areas - middle layer,152,Northern Irish only identity,15
2050,2021,E02003389,2021 super output areas - middle layer,152,Northern Irish and British only identity,4
2051,2021,E02003389,2021 super output areas - middle layer,152,Cornish only identity,1
2052,2021,E02003389,2021 super output areas - middle layer,152,Cornish and British only identity,1
2053,2021,E02003389,2021 super output areas - middle layer,152,Any other combination of only UK identities ,21
2054,2021,E02003389,2021 super output areas - middle layer,152,Irish only identity,62
2055,2021,E02003389,2021 super output areas - middle layer,152,Irish and at least one UK identity,20
2056,2021,E02003389,2021 super output areas - middle layer,152,Other identity only,633
2057,2021,E02003389,2021 super output areas - middle layer,152,Other identity and at least one UK identity,257
2058,2021,E02003389,2021 super output areas - middle layer,152,Non-UK identity only,695
2059,2021,E02003389,2021 super output areas - middle layer,152,UK identity and non-UK identity,277
2060,2021,E02003390,2021 super output areas - middle layer,152,Total: All usual residents,7752
2061,2021,E02003390,2021 super output areas - middle layer,152,British only identity,4519
2062,2021,E02003390,2021 super output areas - middle layer,152,English only identity,1000
2063,2021,E02003390,2021 super output areas - middle layer,152,English and British only identity,1150
2064,2021,E02003390,2021 super output areas - middle layer,152,Welsh only identity,58
2065,2021,E02003390,2021 super output areas - middle layer,152,Welsh and British only identity,55
2066,2021,E02003390,2021 super output areas - middle layer,152,Any other combination of only UK identities,141
2067,2021,E02003390,2021 super output areas - middle layer,152,Scottish only identity,52
2068,2021,E02003390,2021 super output areas - middle layer,152,Scottish and British only identity,30
2069,2021,E02003390,2021 super output areas - middle layer,152,Northern Irish only identity,15
2070,2021,E02003390,2021 super output areas - middle layer,152,Northern Irish and British only identity,7
2071,2021,E02003390,2021 super output areas - middle layer,152,Cornish only identity,2
2072,2021,E02003390,2021 super output areas - middle layer,152,Cornish and British only identity,0
2073,2021,E02003390,2021 super output areas - middle layer,152,Any other combination of only UK identities ,35
2074,2021,E02003390,2021 super output areas - middle layer,152,Irish only identity,60
2075,2021,E02003390,2021 super output areas - middle layer,152,Irish and at least one UK identity,17
2076,2021,E02003390,2021 super output areas - middle layer,152,Other identity only,533
2077,2021,E02003390,2021 super output areas - middle layer,152,Other identity and at least one UK identity,219
2078,2021,E02003390,2021 super output areas - middle layer,152,Non-UK identity only,593
2079,2021,E02003390,2021 super output areas - middle layer,152,UK identity and non-UK identity,236
2080,2021,E02003391,2021 super output areas - middle layer,152,Total: All usual residents,8588
2081,2021,E02003391,2021 super output areas - middle layer,152,British only identity,4823
2082,2021,E02003391,2021 super output areas - middle layer,152,English only identity,1205
2083,2021,E02003391,2021 super output areas - middle layer,152,English and British only identity,1163
2084,2021,E02003391,2021 super output areas - middle layer,152,Welsh only identity,47
2085,2021,E02003391,2021 super output areas - middle layer,152,Welsh and British only identity,25
2086,2021,E02003391,2021 super output areas - middle layer,152,Any other combination of only UK identities,110
2087,2021,E02003391,2021 super output areas - middle layer,152,Scottish only identity,41
2088,2021,E02003391,2021 super output areas - middle layer,152,Scottish and British only identity,16
2089,2021,E02003391,2021 super output areas - middle layer,152,Northern Irish only identity,15
2090,2021,E02003391,2021 super output areas - middle layer,152,Northern Irish and British only identity,9
2091,2021,E02003391,2021 super output areas - middle layer,152,Cornish only identity,1
2092,2021,E02003391,2021 super output areas - middle layer,152,Cornish and British only identity,0
2093,2021,E02003391,2021 super output areas - middle layer,152,Any other combination of only UK identities ,28
2094,2021,E02003391,2021 super output areas - middle layer,152,Irish only identity,77
2095,2021,E02003391,2021 super output areas - middle layer,152,Irish and at least one UK identity,10
2096,2021,E02003391,2021 super output areas - middle layer,152,Other identity only,810
2097,2021,E02003391,2021 super output areas - middle layer,152,Other identity and at least one UK identity,318
2098,2021,E02003391,2021 super output areas - middle layer,152,Non-UK identity only,887
2099,2021,E02003391,2021 super output areas - middle layer,152,UK identity and non-UK identity,328
2100,2021,E02003392,2021 super output areas - middle layer,152,Total: All usual residents,8701
2101,2021,E02003392,2021 super output areas - middle layer,152,British only identity,4560
2102,2021,E02003392,2021 super output areas - middle layer,152,English only identity,1083
2103,2021,E02003392,2021 super output areas - middle layer,152,English and British only identity,1089
2104,2021,E02003392,2021 super output areas - middle layer,152,Welsh only identity,51
2105,2021,E02003392,2021 super output areas - middle layer,152,Welsh and British only identity,30
2106,2021,E02003392,2021 super output areas - middle layer,152,Any other combination of only UK identities,119
2107,2021,E02003392,2021 super output areas - middle layer,152,Scottish only identity,38
2108,2021,E02003392,2021 super output areas - middle layer,152,Scottish and British only identity,24
2109,2021,E02003392,2021 super output areas - middle layer,152,Northern Irish only identity,19
2110,2021,E02003392,2021 super output areas - middle layer,152,Northern Irish and British only identity,6
2111,2021,E02003392,2021 super output areas - middle layer,152,Cornish only identity,0
2112,2021,E02003392,2021 super output areas - middle layer,152,Cornish and British only identity,0
2113,2021,E02003392,2021 super output areas - middle layer,152,Any other combination of only UK identities ,32
2114,2021,E02003392,2021 super output areas - middle layer,152,Irish only identity,94
2115,2021,E02003392,2021 super output areas - middle layer,152,Irish and at least one UK identity,13
2116,2021,E02003392,2021 super output areas - middle layer,152,Other identity only,1291
2117,2021,E02003392,2021 super output areas - middle layer,152,Other identity and at least one UK identity,371
2118,2021,E02003392,2021 super output areas - middle layer,152,Non-UK identity only,1385
2119,2021,E02003392,2021 super output areas - middle layer,152,UK identity and non-UK identity,384
2120,2021,E02003393,2021 super output areas - middle layer,152,Total: All usual residents,8161
2121,2021,E02003393,2021 super output areas - middle layer,152,British only identity,4636
2122,2021,E02003393,2021 super output areas - middle layer,152,English only identity,1442
2123,2021,E02003393,2021 super output areas - middle layer,152,English and British only identity,1184
2124,2021,E02003393,2021 super output areas - middle layer,152,Welsh only identity,39
2125,2021,E02003393,2021 super output areas - middle layer,152,Welsh and British only identity,39
2126,2021,E02003393,2021 super output areas - middle layer,152,Any other combination of only UK identities,91
2127,2021,E02003393,2021 super output areas - middle layer,152,Scottish only identity,24
2128,2021,E02003393,2021 super output areas - middle layer,152,Scottish and British only identity,21
2129,2021,E02003393,2021 super output areas - middle layer,152,Northern Irish only identity,13
2130,2021,E02003393,2021 super output areas - middle layer,152,Northern Irish and British only identity,2
2131,2021,E02003393,2021 super output areas - middle layer,152,Cornish only identity,3
2132,2021,E02003393,2021 super output areas - middle layer,152,Cornish and British only identity,0
2133,2021,E02003393,2021 super output areas - middle layer,152,Any other combination of only UK identities ,28
2134,2021,E02003393,2021 super output areas - middle layer,152,Irish only identity,57
2135,2021,E02003393,2021 super output areas - middle layer,152,Irish and at least one UK identity,5
2136,2021,E02003393,2021 super output areas - middle layer,152,Other identity only,483
2137,2021,E02003393,2021 super output areas - middle layer,152,Other identity and at least one UK identity,185
2138,2021,E02003393,2021 super output areas - middle layer,152,Non-UK identity only,540
2139,2021,E02003393,2021 super output areas - middle layer,152,UK identity and non-UK identity,190
2140,2021,E02003394,2021 super output areas - middle layer,152,Total: All usual residents,8656
2141,2021,E02003394,2021 super output areas - middle layer,152,British only identity,4810
2142,2021,E02003394,2021 super output areas - middle layer,152,English only identity,1085
2143,2021,E02003394,2021 super output areas - middle layer,152,English and British only identity,1069
2144,2021,E02003394,2021 super output areas - middle layer,152,Welsh only identity,19
2145,2021,E02003394,2021 super output areas - middle layer,152,Welsh and British only identity,8
2146,2021,E02003394,2021 super output areas - middle layer,152,Any other combination of only UK identities,50
2147,2021,E02003394,2021 super output areas - middle layer,152,Scottish only identity,14
2148,2021,E02003394,2021 super output areas - middle layer,152,Scottish and British only identity,13
2149,2021,E02003394,2021 super output areas - middle layer,152,Northern Irish only identity,6
2150,2021,E02003394,2021 super output areas - middle layer,152,Northern Irish and British only identity,4
2151,2021,E02003394,2021 super output areas - middle layer,152,Cornish only identity,0
2152,2021,E02003394,2021 super output areas - middle layer,152,Cornish and British only identity,0
2153,2021,E02003394,2021 super output areas - middle layer,152,Any other combination of only UK identities ,13
2154,2021,E02003394,2021 super output areas - middle layer,152,Irish only identity,71
2155,2021,E02003394,2021 super output areas - middle layer,152,Irish and at least one UK identity,9
2156,2021,E02003394,2021 super output areas - middle layer,152,Other identity only,1265
2157,2021,E02003394,2021 super output areas - middle layer,152,Other identity and at least one UK identity,270
2158,2021,E02003394,2021 super output areas - middle layer,152,Non-UK identity only,1336
2159,2021,E02003394,2021 super output areas - middle layer,152,UK identity and non-UK identity,279
2160,2021,E02003395,2021 super output areas - middle layer,152,Total: All usual residents,11276
2161,2021,E02003395,2021 super output areas - middle layer,152,British only identity,5223
2162,2021,E02003395,2021 super output areas - middle layer,152,English only identity,770
2163,2021,E02003395,2021 super output areas - middle layer,152,English and British only identity,796
2164,2021,E02003395,2021 super output areas - middle layer,152,Welsh only identity,28
2165,2021,E02003395,2021 super output areas - middle layer,152,Welsh and British only identity,13
2166,2021,E02003395,2021 super output areas - middle layer,152,Any other combination of only UK identities,93
2167,2021,E02003395,2021 super output areas - middle layer,152,Scottish only identity,31
2168,2021,E02003395,2021 super output areas - middle layer,152,Scottish and British only identity,17
2169,2021,E02003395,2021 super output areas - middle layer,152,Northern Irish only identity,12
2170,2021,E02003395,2021 super output areas - middle layer,152,Northern Irish and British only identity,1
2171,2021,E02003395,2021 super output areas - middle layer,152,Cornish only identity,8
2172,2021,E02003395,2021 super output areas - middle layer,152,Cornish and British only identity,1
2173,2021,E02003395,2021 super output areas - middle layer,152,Any other combination of only UK identities ,23
2174,2021,E02003395,2021 super output areas - middle layer,152,Irish only identity,95
2175,2021,E02003395,2021 super output areas - middle layer,152,Irish and at least one UK identity,13
2176,2021,E02003395,2021 super output areas - middle layer,152,Other identity only,3733
2177,2021,E02003395,2021 super output areas - middle layer,152,Other identity and at least one UK identity,512
2178,2021,E02003395,2021 super output areas - middle layer,152,Non-UK identity only,3828
2179,2021,E02003395,2021 super output areas - middle layer,152,UK identity and non-UK identity,525
2180,2021,E02003396,2021 super output areas - middle layer,152,Total: All usual residents,9839
2181,2021,E02003396,2021 super output areas - middle layer,152,British only identity,4954
2182,2021,E02003396,2021 super output areas - middle layer,152,English only identity,1036
2183,2021,E02003396,2021 super output areas - middle layer,152,English and British only identity,927
2184,2021,E02003396,2021 super output areas - middle layer,152,Welsh only identity,26
2185,2021,E02003396,2021 super output areas - middle layer,152,Welsh and British only identity,16
2186,2021,E02003396,2021 super output areas - middle layer,152,Any other combination of only UK identities,93
2187,2021,E02003396,2021 super output areas - middle layer,152,Scottish only identity,41
2188,2021,E02003396,2021 super output areas - middle layer,152,Scottish and British only identity,12
2189,2021,E02003396,2021 super output areas - middle layer,152,Northern Irish only identity,16
2190,2021,E02003396,2021 super output areas - middle layer,152,Northern Irish and British only identity,7
2191,2021,E02003396,2021 super output areas - middle layer,152,Cornish only identity,3
2192,2021,E02003396,2021 super output areas - middle layer,152,Cornish and British only identity,0
2193,2021,E02003396,2021 super output areas - middle layer,152,Any other combination of only UK identities ,14
2194,2021,E02003396,2021 super output areas - middle layer,152,Irish only identity,92
2195,2021,E02003396,2021 super output areas - middle layer,152,Irish and at least one UK identity,14
2196,2021,E02003396,2021 super output areas - middle layer,152,Other identity only,2274
2197,2021,E02003396,2021 super output areas - middle layer,152,Other identity and at least one UK identity,407
2198,2021,E02003396,2021 super output areas - middle layer,152,Non-UK identity only,2366
2199,2021,E02003396,2021 super output areas - middle layer,152,UK identity and non-UK identity,421
2200,2021,E02003397,2021 super output areas - middle layer,152,Total: All usual residents,8221
2201,2021,E02003397,2021 super output areas - middle layer,152,British only identity,4643
2202,2021,E02003397,2021 super output areas - middle layer,152,English only identity,1352
2203,2021,E02003397,2021 super output areas - middle layer,152,English and British only identity,1192
2204,2021,E02003397,2021 super output areas - middle layer,152,Welsh only identity,21
2205,2021,E02003397,2021 super output areas - middle layer,152,Welsh and British only identity,11
2206,2021,E02003397,2021 super output areas - middle layer,152,Any other combination of only UK identities,68
2207,2021,E02003397,2021 super output areas - middle layer,152,Scottish only identity,30
2208,2021,E02003397,2021 super output areas - middle layer,152,Scottish and British only identity,12
2209,2021,E02003397,2021 super output areas - middle layer,152,Northern Irish only identity,10
2210,2021,E02003397,2021 super output areas - middle layer,152,Northern Irish and British only identity,0
2211,2021,E02003397,2021 super output areas - middle layer,152,Cornish only identity,0
2212,2021,E02003397,2021 super output areas - middle layer,152,Cornish and British only identity,0
2213,2021,E02003397,2021 super output areas - middle layer,152,Any other combination of only UK identities ,16
2214,2021,E02003397,2021 super output areas - middle layer,152,Irish only identity,70
2215,2021,E02003397,2021 super output areas - middle layer,152,Irish and at least one UK identity,11
2216,2021,E02003397,2021 super output areas - middle layer,152,Other identity only,679
2217,2021,E02003397,2021 super output areas - middle layer,152,Other identity and at least one UK identity,174
2218,2021,E02003397,2021 super output areas - middle layer,152,Non-UK identity only,749
2219,2021,E02003397,2021 super output areas - middle layer,152,UK identity and non-UK identity,185
2220,2021,E02003398,2021 super output areas - middle layer,152,Total: All usual residents,11532
2221,2021,E02003398,2021 super output areas - middle layer,152,British only identity,5427
2222,2021,E02003398,2021 super output areas - middle layer,152,English only identity,674
2223,2021,E02003398,2021 super output areas - middle layer,152,English and British only identity,895
2224,2021,E02003398,2021 super output areas - middle layer,152,Welsh only identity,72
2225,2021,E02003398,2021 super output areas - middle layer,152,Welsh and British only identity,24
2226,2021,E02003398,2021 super output areas - middle layer,152,Any other combination of only UK identities,85
2227,2021,E02003398,2021 super output areas - middle layer,152,Scottish only identity,38
2228,2021,E02003398,2021 super output areas - middle layer,152,Scottish and British only identity,17
2229,2021,E02003398,2021 super output areas - middle layer,152,Northern Irish only identity,4
2230,2021,E02003398,2021 super output areas - middle layer,152,Northern Irish and British only identity,5
2231,2021,E02003398,2021 super output areas - middle layer,152,Cornish only identity,1
2232,2021,E02003398,2021 super output areas - middle layer,152,Cornish and British only identity,1
2233,2021,E02003398,2021 super output areas - middle layer,152,Any other combination of only UK identities ,19
2234,2021,E02003398,2021 super output areas - middle layer,152,Irish only identity,87
2235,2021,E02003398,2021 super output areas - middle layer,152,Irish and at least one UK identity,16
2236,2021,E02003398,2021 super output areas - middle layer,152,Other identity only,3702
2237,2021,E02003398,2021 super output areas - middle layer,152,Other identity and at least one UK identity,550
2238,2021,E02003398,2021 super output areas - middle layer,152,Non-UK identity only,3789
2239,2021,E02003398,2021 super output areas - middle layer,152,UK identity and non-UK identity,566
2240,2021,E02003400,2021 super output areas - middle layer,152,Total: All usual residents,8970
2241,2021,E02003400,2021 super output areas - middle layer,152,British only identity,4541
2242,2021,E02003400,2021 super output areas - middle layer,152,English only identity,774
2243,2021,E02003400,2021 super output areas - middle layer,152,English and British only identity,1160
2244,2021,E02003400,2021 super output areas - middle layer,152,Welsh only identity,126
2245,2021,E02003400,2021 super output areas - middle layer,152,Welsh and British only identity,46
2246,2021,E02003400,2021 super output areas - middle layer,152,Any other combination of only UK identities,102
2247,2021,E02003400,2021 super output areas - middle layer,152,Scottish only identity,26
2248,2021,E02003400,2021 super output areas - middle layer,152,Scottish and British only identity,14
2249,2021,E02003400,2021 super output areas - middle layer,152,Northern Irish only identity,13
2250,2021,E02003400,2021 super output areas - middle layer,152,Northern Irish and British only identity,5
2251,2021,E02003400,2021 super output areas - middle layer,152,Cornish only identity,4
2252,2021,E02003400,2021 super output areas - middle layer,152,Cornish and British only identity,2
2253,2021,E02003400,2021 super output areas - middle layer,152,Any other combination of only UK identities ,38
2254,2021,E02003400,2021 super output areas - middle layer,152,Irish only identity,61
2255,2021,E02003400,2021 super output areas - middle layer,152,Irish and at least one UK identity,15
2256,2021,E02003400,2021 super output areas - middle layer,152,Other identity only,1716
2257,2021,E02003400,2021 super output areas - middle layer,152,Other identity and at least one UK identity,429
2258,2021,E02003400,2021 super output areas - middle layer,152,Non-UK identity only,1777
2259,2021,E02003400,2021 super output areas - middle layer,152,UK identity and non-UK identity,444
2260,2021,E02003401,2021 super output areas - middle layer,152,Total: All usual residents,9169
2261,2021,E02003401,2021 super output areas - middle layer,152,British only identity,4654
2262,2021,E02003401,2021 super output areas - middle layer,152,English only identity,862
2263,2021,E02003401,2021 super output areas - middle layer,152,English and British only identity,917
2264,2021,E02003401,2021 super output areas - middle layer,152,Welsh only identity,29
2265,2021,E02003401,2021 super output areas - middle layer,152,Welsh and British only identity,15
2266,2021,E02003401,2021 super output areas - middle layer,152,Any other combination of only UK identities,110
2267,2021,E02003401,2021 super output areas - middle layer,152,Scottish only identity,45
2268,2021,E02003401,2021 super output areas - middle layer,152,Scottish and British only identity,22
2269,2021,E02003401,2021 super output areas - middle layer,152,Northern Irish only identity,10
2270,2021,E02003401,2021 super output areas - middle layer,152,Northern Irish and British only identity,4
2271,2021,E02003401,2021 super output areas - middle layer,152,Cornish only identity,5
2272,2021,E02003401,2021 super output areas - middle layer,152,Cornish and British only identity,0
2273,2021,E02003401,2021 super output areas - middle layer,152,Any other combination of only UK identities ,24
2274,2021,E02003401,2021 super output areas - middle layer,152,Irish only identity,58
2275,2021,E02003401,2021 super output areas - middle layer,152,Irish and at least one UK identity,13
2276,2021,E02003401,2021 super output areas - middle layer,152,Other identity only,2096
2277,2021,E02003401,2021 super output areas - middle layer,152,Other identity and at least one UK identity,415
2278,2021,E02003401,2021 super output areas - middle layer,152,Non-UK identity only,2154
2279,2021,E02003401,2021 super output areas - middle layer,152,UK identity and non-UK identity,428
2280,2021,E02003402,2021 super output areas - middle layer,152,Total: All usual residents,10708
2281,2021,E02003402,2021 super output areas - middle layer,152,British only identity,4228
2282,2021,E02003402,2021 super output areas - middle layer,152,English only identity,818
2283,2021,E02003402,2021 super output areas - middle layer,152,English and British only identity,975
2284,2021,E02003402,2021 super output areas - middle layer,152,Welsh only identity,61
2285,2021,E02003402,2021 super output areas - middle layer,152,Welsh and British only identity,23
2286,2021,E02003402,2021 super output areas - middle layer,152,Any other combination of only UK identities,134
2287,2021,E02003402,2021 super output areas - middle layer,152,Scottish only identity,37
2288,2021,E02003402,2021 super output areas - middle layer,152,Scottish and British only identity,25
2289,2021,E02003402,2021 super output areas - middle layer,152,Northern Irish only identity,24
2290,2021,E02003402,2021 super output areas - middle layer,152,Northern Irish and British only identity,9
2291,2021,E02003402,2021 super output areas - middle layer,152,Cornish only identity,6
2292,2021,E02003402,2021 super output areas - middle layer,152,Cornish and British only identity,0
2293,2021,E02003402,2021 super output areas - middle layer,152,Any other combination of only UK identities ,33
2294,2021,E02003402,2021 super output areas - middle layer,152,Irish only identity,110
2295,2021,E02003402,2021 super output areas - middle layer,152,Irish and at least one UK identity,21
2296,2021,E02003402,2021 super output areas - middle layer,152,Other identity only,3815
2297,2021,E02003402,2021 super output areas - middle layer,152,Other identity and at least one UK identity,523
2298,2021,E02003402,2021 super output areas - middle layer,152,Non-UK identity only,3925
2299,2021,E02003402,2021 super output areas - middle layer,152,UK identity and non-UK identity,544
2300,2021,E02003403,2021 super output areas - middle layer,152,Total: All usual residents,9382
2301,2021,E02003403,2021 super output areas - middle layer,152,British only identity,5253
2302,2021,E02003403,2021 super output areas - middle layer,152,English only identity,1326
2303,2021,E02003403,2021 super output areas - middle layer,152,English and British only identity,1092
2304,2021,E02003403,2021 super output areas - middle layer,152,Welsh only identity,33
2305,2021,E02003403,2021 super output areas - middle layer,152,Welsh and British only identity,14
2306,2021,E02003403,2021 super output areas - middle layer,152,Any other combination of only UK identities,90
2307,2021,E02003403,2021 super output areas - middle layer,152,Scottish only identity,38
2308,2021,E02003403,2021 super output areas - middle layer,152,Scottish and British only identity,19
2309,2021,E02003403,2021 super output areas - middle layer,152,Northern Irish only identity,16
2310,2021,E02003403,2021 super output areas - middle layer,152,Northern Irish and British only identity,2
2311,2021,E02003403,2021 super output areas - middle layer,152,Cornish only identity,0
2312,2021,E02003403,2021 super output areas - middle layer,152,Cornish and British only identity,0
2313,2021,E02003403,2021 super output areas - middle layer,152,Any other combination of only UK identities ,15
2314,2021,E02003403,2021 super output areas - middle layer,152,Irish only identity,99
2315,2021,E02003403,2021 super output areas - middle layer,152,Irish and at least one UK identity,7
2316,2021,E02003403,2021 super output areas - middle layer,152,Other identity only,1184
2317,2021,E02003403,2021 super output areas - middle layer,152,Other identity and at least one UK identity,284
2318,2021,E02003403,2021 super output areas - middle layer,152,Non-UK identity only,1283
2319,2021,E02003403,2021 super output areas - middle layer,152,UK identity and non-UK identity,291
2320,2021,E02003404,2021 super output areas - middle layer,152,Total: All usual residents,8641
2321,2021,E02003404,2021 super output areas - middle layer,152,British only identity,4295
2322,2021,E02003404,2021 super output areas - middle layer,152,English only identity,706
2323,2021,E02003404,2021 super output areas - middle layer,152,English and British only identity,1227
2324,2021,E02003404,2021 super output areas - middle layer,152,Welsh only identity,82
2325,2021,E02003404,2021 super output areas - middle layer,152,Welsh and British only identity,38
2326,2021,E02003404,2021 super output areas - middle layer,152,Any other combination of only UK identities,114
2327,2021,E02003404,2021 super output areas - middle layer,152,Scottish only identity,27
2328,2021,E02003404,2021 super output areas - middle layer,152,Scottish and British only identity,24
2329,2021,E02003404,2021 super output areas - middle layer,152,Northern Irish only identity,18
2330,2021,E02003404,2021 super output areas - middle layer,152,Northern Irish and British only identity,9
2331,2021,E02003404,2021 super output areas - middle layer,152,Cornish only identity,1
2332,2021,E02003404,2021 super output areas - middle layer,152,Cornish and British only identity,1
2333,2021,E02003404,2021 super output areas - middle layer,152,Any other combination of only UK identities ,34
2334,2021,E02003404,2021 super output areas - middle layer,152,Irish only identity,62
2335,2021,E02003404,2021 super output areas - middle layer,152,Irish and at least one UK identity,17
2336,2021,E02003404,2021 super output areas - middle layer,152,Other identity only,1719
2337,2021,E02003404,2021 super output areas - middle layer,152,Other identity and at least one UK identity,381
2338,2021,E02003404,2021 super output areas - middle layer,152,Non-UK identity only,1781
2339,2021,E02003404,2021 super output areas - middle layer,152,UK identity and non-UK identity,398
2340,2021,E02003405,2021 super output areas - middle layer,152,Total: All usual residents,13070
2341,2021,E02003405,2021 super output areas - middle layer,152,British only identity,6977
2342,2021,E02003405,2021 super output areas - middle layer,152,English only identity,1215
2343,2021,E02003405,2021 super output areas - middle layer,152,English and British only identity,1466
2344,2021,E02003405,2021 super output areas - middle layer,152,Welsh only identity,32
2345,2021,E02003405,2021 super output areas - middle layer,152,Welsh and British only identity,15
2346,2021,E02003405,2021 super output areas - middle layer,152,Any other combination of only UK identities,113
2347,2021,E02003405,2021 super output areas - middle layer,152,Scottish only identity,41
2348,2021,E02003405,2021 super output areas - middle layer,152,Scottish and British only identity,25
2349,2021,E02003405,2021 super output areas - middle layer,152,Northern Irish only identity,14
2350,2021,E02003405,2021 super output areas - middle layer,152,Northern Irish and British only identity,3
2351,2021,E02003405,2021 super output areas - middle layer,152,Cornish only identity,6
2352,2021,E02003405,2021 super output areas - middle layer,152,Cornish and British only identity,0
2353,2021,E02003405,2021 super output areas - middle layer,152,Any other combination of only UK identities ,24
2354,2021,E02003405,2021 super output areas - middle layer,152,Irish only identity,57
2355,2021,E02003405,2021 super output areas - middle layer,152,Irish and at least one UK identity,5
2356,2021,E02003405,2021 super output areas - middle layer,152,Other identity only,2789
2357,2021,E02003405,2021 super output areas - middle layer,152,Other identity and at least one UK identity,401
2358,2021,E02003405,2021 super output areas - middle layer,152,Non-UK identity only,2846
2359,2021,E02003405,2021 super output areas - middle layer,152,UK identity and non-UK identity,406
2360,2021,E02003406,2021 super output areas - middle layer,152,Total: All usual residents,8243
2361,2021,E02003406,2021 super output areas - middle layer,152,British only identity,4567
2362,2021,E02003406,2021 super output areas - middle layer,152,English only identity,1072
2363,2021,E02003406,2021 super output areas - middle layer,152,English and British only identity,1053
2364,2021,E02003406,2021 super output areas - middle layer,152,Welsh only identity,9
2365,2021,E02003406,2021 super output areas - middle layer,152,Welsh and British only identity,12
2366,2021,E02003406,2021 super output areas - middle layer,152,Any other combination of only UK identities,50
2367,2021,E02003406,2021 super output areas - middle layer,152,Scottish only identity,26
2368,2021,E02003406,2021 super output areas - middle layer,152,Scottish and British only identity,6
2369,2021,E02003406,2021 super output areas - middle layer,152,Northern Irish only identity,10
2370,2021,E02003406,2021 super output areas - middle layer,152,Northern Irish and British only identity,2
2371,2021,E02003406,2021 super output areas - middle layer,152,Cornish only identity,0
2372,2021,E02003406,2021 super output areas - middle layer,152,Cornish and British only identity,0
2373,2021,E02003406,2021 super output areas - middle layer,152,Any other combination of only UK identities ,6
2374,2021,E02003406,2021 super output areas - middle layer,152,Irish only identity,39
2375,2021,E02003406,2021 super output areas - middle layer,152,Irish and at least one UK identity,1
2376,2021,E02003406,2021 super output areas - middle layer,152,Other identity only,1179
2377,2021,E02003406,2021 super output areas - middle layer,152,Other identity and at least one UK identity,261
2378,2021,E02003406,2021 super output areas - middle layer,152,Non-UK identity only,1218
2379,2021,E02003406,2021 super output areas - middle layer,152,UK identity and non-UK identity,262
2380,2021,E02006939,2021 super output areas - middle layer,152,Total: All usual residents,7080
2381,2021,E02006939,2021 super output areas - middle layer,152,British only identity,2422
2382,2021,E02006939,2021 super output areas - middle layer,152,English only identity,361
2383,2021,E02006939,2021 super output areas - middle layer,152,English and British only identity,439
2384,2021,E02006939,2021 super output areas - middle layer,152,Welsh only identity,26
2385,2021,E02006939,2021 super output areas - middle layer,152,Welsh and British only identity,5
2386,2021,E02006939,2021 super output areas - middle layer,152,Any other combination of only UK identities,55
2387,2021,E02006939,2021 super output areas - middle layer,152,Scottish only identity,19
2388,2021,E02006939,2021 super output areas - middle layer,152,Scottish and British only identity,9
2389,2021,E02006939,2021 super output areas - middle layer,152,Northern Irish only identity,15
2390,2021,E02006939,2021 super output areas - middle layer,152,Northern Irish and British only identity,5
2391,2021,E02006939,2021 super output areas - middle layer,152,Cornish only identity,1
2392,2021,E02006939,2021 super output areas - middle layer,152,Cornish and British only identity,0
2393,2021,E02006939,2021 super output areas - middle layer,152,Any other combination of only UK identities ,6
2394,2021,E02006939,2021 super output areas - middle layer,152,Irish only identity,73
2395,2021,E02006939,2021 super output areas - middle layer,152,Irish and at least one UK identity,8
2396,2021,E02006939,2021 super output areas - middle layer,152,Other identity only,3354
2397,2021,E02006939,2021 super output areas - middle layer,152,Other identity and at least one UK identity,337
2398,2021,E02006939,2021 super output areas - middle layer,152,Non-UK identity only,3427
2399,2021,E02006939,2021 super output areas - middle layer,152,UK identity and non-UK identity,345
2400,2021,E02006940,2021 super output areas - middle layer,152,Total: All usual residents,8241
2401,2021,E02006940,2021 super output areas - middle layer,152,British only identity,3041
2402,2021,E02006940,2021 super output areas - middle layer,152,English only identity,525
2403,2021,E02006940,2021 super output areas - middle layer,152,English and British only identity,690
2404,2021,E02006940,2021 super output areas - middle layer,152,Welsh only identity,27
2405,2021,E02006940,2021 super output areas - middle layer,152,Welsh and British only identity,22
2406,2021,E02006940,2021 super output areas - middle layer,152,Any other combination of only UK identities,66
2407,2021,E02006940,2021 super output areas - middle layer,152,Scottish only identity,24
2408,2021,E02006940,2021 super output areas - middle layer,152,Scottish and British only identity,13
2409,2021,E02006940,2021 super output areas - middle layer,152,Northern Irish only identity,6
2410,2021,E02006940,2021 super output areas - middle layer,152,Northern Irish and British only identity,5
2411,2021,E02006940,2021 super output areas - middle layer,152,Cornish only identity,4
2412,2021,E02006940,2021 super output areas - middle layer,152,Cornish and British only identity,1
2413,2021,E02006940,2021 super output areas - middle layer,152,Any other combination of only UK identities ,13
2414,2021,E02006940,2021 super output areas - middle layer,152,Irish only identity,58
2415,2021,E02006940,2021 super output areas - middle layer,152,Irish and at least one UK identity,10
2416,2021,E02006940,2021 super output areas - middle layer,152,Other identity only,3379
2417,2021,E02006940,2021 super output areas - middle layer,152,Other identity and at least one UK identity,423
2418,2021,E02006940,2021 super output areas - middle layer,152,Non-UK identity only,3437
2419,2021,E02006940,2021 super output areas - middle layer,152,UK identity and non-UK identity,433
2420,2021,E02003407,2021 super output areas - middle layer,152,Total: All usual residents,10912
2421,2021,E02003407,2021 super output areas - middle layer,152,British only identity,6480
2422,2021,E02003407,2021 super output areas - middle layer,152,English only identity,1336
2423,2021,E02003407,2021 super output areas - middle layer,152,English and British only identity,886
2424,2021,E02003407,2021 super output areas - middle layer,152,Welsh only identity,17
2425,2021,E02003407,2021 super output areas - middle layer,152,Welsh and British only identity,14
2426,2021,E02003407,2021 super output areas - middle layer,152,Any other combination of only UK identities,59
2427,2021,E02003407,2021 super output areas - middle layer,152,Scottish only identity,32
2428,2021,E02003407,2021 super output areas - middle layer,152,Scottish and British only identity,6
2429,2021,E02003407,2021 super output areas - middle layer,152,Northern Irish only identity,8
2430,2021,E02003407,2021 super output areas - middle layer,152,Northern Irish and British only identity,3
2431,2021,E02003407,2021 super output areas - middle layer,152,Cornish only identity,0
2432,2021,E02003407,2021 super output areas - middle layer,152,Cornish and British only identity,0
2433,2021,E02003407,2021 super output areas - middle layer,152,Any other combination of only UK identities ,10
2434,2021,E02003407,2021 super output areas - middle layer,152,Irish only identity,51
2435,2021,E02003407,2021 super output areas - middle layer,152,Irish and at least one UK identity,6
2436,2021,E02003407,2021 super output areas - middle layer,152,Other identity only,1752
2437,2021,E02003407,2021 super output areas - middle layer,152,Other identity and at least one UK identity,311
2438,2021,E02003407,2021 super output areas - middle layer,152,Non-UK identity only,1803
2439,2021,E02003407,2021 super output areas - middle layer,152,UK identity and non-UK identity,317
2440,2021,E02003408,2021 super output areas - middle layer,152,Total: All usual residents,11291
2441,2021,E02003408,2021 super output areas - middle layer,152,British only identity,6603
2442,2021,E02003408,2021 super output areas - middle layer,152,English only identity,578
2443,2021,E02003408,2021 super output areas - middle layer,152,English and British only identity,443
2444,2021,E02003408,2021 super output areas - middle layer,152,Welsh only identity,6
2445,2021,E02003408,2021 super output areas - middle layer,152,Welsh and British only identity,2
2446,2021,E02003408,2021 super output areas - middle layer,152,Any other combination of only UK identities,36
2447,2021,E02003408,2021 super output areas - middle layer,152,Scottish only identity,13
2448,2021,E02003408,2021 super output areas - middle layer,152,Scottish and British only identity,10
2449,2021,E02003408,2021 super output areas - middle layer,152,Northern Irish only identity,6
2450,2021,E02003408,2021 super output areas - middle layer,152,Northern Irish and British only identity,2
2451,2021,E02003408,2021 super output areas - middle layer,152,Cornish only identity,3
2452,2021,E02003408,2021 super output areas - middle layer,152,Cornish and British only identity,0
2453,2021,E02003408,2021 super output areas - middle layer,152,Any other combination of only UK identities ,2
2454,2021,E02003408,2021 super output areas - middle layer,152,Irish only identity,51
2455,2021,E02003408,2021 super output areas - middle layer,152,Irish and at least one UK identity,7
2456,2021,E02003408,2021 super output areas - middle layer,152,Other identity only,3189
2457,2021,E02003408,2021 super output areas - middle layer,152,Other identity and at least one UK identity,376
2458,2021,E02003408,2021 super output areas - middle layer,152,Non-UK identity only,3240
2459,2021,E02003408,2021 super output areas - middle layer,152,UK identity and non-UK identity,383
2460,2021,E02003409,2021 super output areas - middle layer,152,Total: All usual residents,10444
2461,2021,E02003409,2021 super output areas - middle layer,152,British only identity,6190
2462,2021,E02003409,2021 super output areas - middle layer,152,English only identity,1216
2463,2021,E02003409,2021 super output areas - middle layer,152,English and British only identity,914
2464,2021,E02003409,2021 super output areas - middle layer,152,Welsh only identity,26
2465,2021,E02003409,2021 super output areas - middle layer,152,Welsh and British only identity,12
2466,2021,E02003409,2021 super output areas - middle layer,152,Any other combination of only UK identities,60
2467,2021,E02003409,2021 super output areas - middle layer,152,Scottish only identity,30
2468,2021,E02003409,2021 super output areas - middle layer,152,Scottish and British only identity,11
2469,2021,E02003409,2021 super output areas - middle layer,152,Northern Irish only identity,9
2470,2021,E02003409,2021 super output areas - middle layer,152,Northern Irish and British only identity,3
2471,2021,E02003409,2021 super output areas - middle layer,152,Cornish only identity,2
2472,2021,E02003409,2021 super output areas - middle layer,152,Cornish and British only identity,0
2473,2021,E02003409,2021 super output areas - middle layer,152,Any other combination of only UK identities ,5
2474,2021,E02003409,2021 super output areas - middle layer,152,Irish only identity,62
2475,2021,E02003409,2021 super output areas - middle layer,152,Irish and at least one UK identity,16
2476,2021,E02003409,2021 super output areas - middle layer,152,Other identity only,1624
2477,2021,E02003409,2021 super output areas - middle layer,152,Other identity and at least one UK identity,324
2478,2021,E02003409,2021 super output areas - middle layer,152,Non-UK identity only,1686
2479,2021,E02003409,2021 super output areas - middle layer,152,UK identity and non-UK identity,340
2480,2021,E02003410,2021 super output areas - middle layer,152,Total: All usual residents,12243
2481,2021,E02003410,2021 super output areas - middle layer,152,British only identity,8323
2482,2021,E02003410,2021 super output areas - middle layer,152,English only identity,467
2483,2021,E02003410,2021 super output areas - middle layer,152,English and British only identity,383
2484,2021,E02003410,2021 super output areas - middle layer,152,Welsh only identity,7
2485,2021,E02003410,2021 super output areas - middle layer,152,Welsh and British only identity,3
2486,2021,E02003410,2021 super output areas - middle layer,152,Any other combination of only UK identities,20
2487,2021,E02003410,2021 super output areas - middle layer,152,Scottish only identity,7
2488,2021,E02003410,2021 super output areas - middle layer,152,Scottish and British only identity,3
2489,2021,E02003410,2021 super output areas - middle layer,152,Northern Irish only identity,4
2490,2021,E02003410,2021 super output areas - middle layer,152,Northern Irish and British only identity,1
2491,2021,E02003410,2021 super output areas - middle layer,152,Cornish only identity,0
2492,2021,E02003410,2021 super output areas - middle layer,152,Cornish and British only identity,0
2493,2021,E02003410,2021 super output areas - middle layer,152,Any other combination of only UK identities ,5
2494,2021,E02003410,2021 super output areas - middle layer,152,Irish only identity,38
2495,2021,E02003410,2021 super output areas - middle layer,152,Irish and at least one UK identity,2
2496,2021,E02003410,2021 super output areas - middle layer,152,Other identity only,2604
2497,2021,E02003410,2021 super output areas - middle layer,152,Other identity and at least one UK identity,396
2498,2021,E02003410,2021 super output areas - middle layer,152,Non-UK identity only,2642
2499,2021,E02003410,2021 super output areas - middle layer,152,UK identity and non-UK identity,398
2500,2021,E02003411,2021 super output areas - middle layer,152,Total: All usual residents,12506
2501,2021,E02003411,2021 super output areas - middle layer,152,British only identity,7950
2502,2021,E02003411,2021 super output areas - middle layer,152,English only identity,732
2503,2021,E02003411,2021 super output areas - middle layer,152,English and British only identity,513
2504,2021,E02003411,2021 super output areas - middle layer,152,Welsh only identity,10
2505,2021,E02003411,2021 super output areas - middle layer,152,Welsh and British only identity,4
2506,2021,E02003411,2021 super output areas - middle layer,152,Any other combination of only UK identities,41
2507,2021,E02003411,2021 super output areas - middle layer,152,Scottish only identity,12
2508,2021,E02003411,2021 super output areas - middle layer,152,Scottish and British only identity,14
2509,2021,E02003411,2021 super output areas - middle layer,152,Northern Irish only identity,6
2510,2021,E02003411,2021 super output areas - middle layer,152,Northern Irish and British only identity,1
2511,2021,E02003411,2021 super output areas - middle layer,152,Cornish only identity,0
2512,2021,E02003411,2021 super output areas - middle layer,152,Cornish and British only identity,0
2513,2021,E02003411,2021 super output areas - middle layer,152,Any other combination of only UK identities ,8
2514,2021,E02003411,2021 super output areas - middle layer,152,Irish only identity,62
2515,2021,E02003411,2021 super output areas - middle layer,152,Irish and at least one UK identity,11
2516,2021,E02003411,2021 super output areas - middle layer,152,Other identity only,2814
2517,2021,E02003411,2021 super output areas - middle layer,152,Other identity and at least one UK identity,369
2518,2021,E02003411,2021 super output areas - middle layer,152,Non-UK identity only,2876
2519,2021,E02003411,2021 super output areas - middle layer,152,UK identity and non-UK identity,380
2520,2021,E02003412,2021 super output areas - middle layer,152,Total: All usual residents,10405
2521,2021,E02003412,2021 super output areas - middle layer,152,British only identity,6284
2522,2021,E02003412,2021 super output areas - middle layer,152,English only identity,1169
2523,2021,E02003412,2021 super output areas - middle layer,152,English and British only identity,867
2524,2021,E02003412,2021 super output areas - middle layer,152,Welsh only identity,23
2525,2021,E02003412,2021 super output areas - middle layer,152,Welsh and British only identity,8
2526,2021,E02003412,2021 super output areas - middle layer,152,Any other combination of only UK identities,72
2527,2021,E02003412,2021 super output areas - middle layer,152,Scottish only identity,27
2528,2021,E02003412,2021 super output areas - middle layer,152,Scottish and British only identity,20
2529,2021,E02003412,2021 super output areas - middle layer,152,Northern Irish only identity,10
2530,2021,E02003412,2021 super output areas - middle layer,152,Northern Irish and British only identity,0
2531,2021,E02003412,2021 super output areas - middle layer,152,Cornish only identity,0
2532,2021,E02003412,2021 super output areas - middle layer,152,Cornish and British only identity,0
2533,2021,E02003412,2021 super output areas - middle layer,152,Any other combination of only UK identities ,15
2534,2021,E02003412,2021 super output areas - middle layer,152,Irish only identity,89
2535,2021,E02003412,2021 super output areas - middle layer,152,Irish and at least one UK identity,7
2536,2021,E02003412,2021 super output areas - middle layer,152,Other identity only,1634
2537,2021,E02003412,2021 super output areas - middle layer,152,Other identity and at least one UK identity,252
2538,2021,E02003412,2021 super output areas - middle layer,152,Non-UK identity only,1723
2539,2021,E02003412,2021 super output areas - middle layer,152,UK identity and non-UK identity,259
2540,2021,E02003414,2021 super output areas - middle layer,152,Total: All usual residents,13750
2541,2021,E02003414,2021 super output areas - middle layer,152,British only identity,8593
2542,2021,E02003414,2021 super output areas - middle layer,152,English only identity,909
2543,2021,E02003414,2021 super output areas - middle layer,152,English and British only identity,731
2544,2021,E02003414,2021 super output areas - middle layer,152,Welsh only identity,17
2545,2021,E02003414,2021 super output areas - middle layer,152,Welsh and British only identity,4
2546,2021,E02003414,2021 super output areas - middle layer,152,Any other combination of only UK identities,42
2547,2021,E02003414,2021 super output areas - middle layer,152,Scottish only identity,20
2548,2021,E02003414,2021 super output areas - middle layer,152,Scottish and British only identity,6
2549,2021,E02003414,2021 super output areas - middle layer,152,Northern Irish only identity,7
2550,2021,E02003414,2021 super output areas - middle layer,152,Northern Irish and British only identity,2
2551,2021,E02003414,2021 super output areas - middle layer,152,Cornish only identity,0
2552,2021,E02003414,2021 super output areas - middle layer,152,Cornish and British only identity,0
2553,2021,E02003414,2021 super output areas - middle layer,152,Any other combination of only UK identities ,7
2554,2021,E02003414,2021 super output areas - middle layer,152,Irish only identity,62
2555,2021,E02003414,2021 super output areas - middle layer,152,Irish and at least one UK identity,7
2556,2021,E02003414,2021 super output areas - middle layer,152,Other identity only,2876
2557,2021,E02003414,2021 super output areas - middle layer,152,Other identity and at least one UK identity,509
2558,2021,E02003414,2021 super output areas - middle layer,152,Non-UK identity only,2938
2559,2021,E02003414,2021 super output areas - middle layer,152,UK identity and non-UK identity,516
2560,2021,E02003415,2021 super output areas - middle layer,152,Total: All usual residents,13510
2561,2021,E02003415,2021 super output areas - middle layer,152,British only identity,7449
2562,2021,E02003415,2021 super output areas - middle layer,152,English only identity,516
2563,2021,E02003415,2021 super output areas - middle layer,152,English and British only identity,401
2564,2021,E02003415,2021 super output areas - middle layer,152,Welsh only identity,7
2565,2021,E02003415,2021 super output areas - middle layer,152,Welsh and British only identity,9
2566,2021,E02003415,2021 super output areas - middle layer,152,Any other combination of only UK identities,40
2567,2021,E02003415,2021 super output areas - middle layer,152,Scottish only identity,17
2568,2021,E02003415,2021 super output areas - middle layer,152,Scottish and British only identity,7
2569,2021,E02003415,2021 super output areas - middle layer,152,Northern Irish only identity,8
2570,2021,E02003415,2021 super output areas - middle layer,152,Northern Irish and British only identity,0
2571,2021,E02003415,2021 super output areas - middle layer,152,Cornish only identity,0
2572,2021,E02003415,2021 super output areas - middle layer,152,Cornish and British only identity,0
2573,2021,E02003415,2021 super output areas - middle layer,152,Any other combination of only UK identities ,8
2574,2021,E02003415,2021 super output areas - middle layer,152,Irish only identity,44
2575,2021,E02003415,2021 super output areas - middle layer,152,Irish and at least one UK identity,2
2576,2021,E02003415,2021 super output areas - middle layer,152,Other identity only,4507
2577,2021,E02003415,2021 super output areas - middle layer,152,Other identity and at least one UK identity,535
2578,2021,E02003415,2021 super output areas - middle layer,152,Non-UK identity only,4551
2579,2021,E02003415,2021 super output areas - middle layer,152,UK identity and non-UK identity,537
2580,2021,E02003416,2021 super output areas - middle layer,152,Total: All usual residents,9813
2581,2021,E02003416,2021 super output areas - middle layer,152,British only identity,6159
2582,2021,E02003416,2021 super output areas - middle layer,152,English only identity,754
2583,2021,E02003416,2021 super output areas - middle layer,152,English and British only identity,576
2584,2021,E02003416,2021 super output areas - middle layer,152,Welsh only identity,19
2585,2021,E02003416,2021 super output areas - middle layer,152,Welsh and British only identity,5
2586,2021,E02003416,2021 super output areas - middle layer,152,Any other combination of only UK identities,45
2587,2021,E02003416,2021 super output areas - middle layer,152,Scottish only identity,20
2588,2021,E02003416,2021 super output areas - middle layer,152,Scottish and British only identity,5
2589,2021,E02003416,2021 super output areas - middle layer,152,Northern Irish only identity,12
2590,2021,E02003416,2021 super output areas - middle layer,152,Northern Irish and British only identity,3
2591,2021,E02003416,2021 super output areas - middle layer,152,Cornish only identity,1
2592,2021,E02003416,2021 super output areas - middle layer,152,Cornish and British only identity,0
2593,2021,E02003416,2021 super output areas - middle layer,152,Any other combination of only UK identities ,4
2594,2021,E02003416,2021 super output areas - middle layer,152,Irish only identity,45
2595,2021,E02003416,2021 super output areas - middle layer,152,Irish and at least one UK identity,8
2596,2021,E02003416,2021 super output areas - middle layer,152,Other identity only,1778
2597,2021,E02003416,2021 super output areas - middle layer,152,Other identity and at least one UK identity,424
2598,2021,E02003416,2021 super output areas - middle layer,152,Non-UK identity only,1823
2599,2021,E02003416,2021 super output areas - middle layer,152,UK identity and non-UK identity,432
2600,2021,E02003417,2021 super output areas - middle layer,152,Total: All usual residents,12807
2601,2021,E02003417,2021 super output areas - middle layer,152,British only identity,7484
2602,2021,E02003417,2021 super output areas - middle layer,152,English only identity,577
2603,2021,E02003417,2021 super output areas - middle layer,152,English and British only identity,485
2604,2021,E02003417,2021 super output areas - middle layer,152,Welsh only identity,9
2605,2021,E02003417,2021 super output areas - middle layer,152,Welsh and British only identity,6
2606,2021,E02003417,2021 super output areas - middle layer,152,Any other combination of only UK identities,65
2607,2021,E02003417,2021 super output areas - middle layer,152,Scottish only identity,31
2608,2021,E02003417,2021 super output areas - middle layer,152,Scottish and British only identity,13
2609,2021,E02003417,2021 super output areas - middle layer,152,Northern Irish only identity,10
2610,2021,E02003417,2021 super output areas - middle layer,152,Northern Irish and British only identity,2
2611,2021,E02003417,2021 super output areas - middle layer,152,Cornish only identity,1
2612,2021,E02003417,2021 super output areas - middle layer,152,Cornish and British only identity,0
2613,2021,E02003417,2021 super output areas - middle layer,152,Any other combination of only UK identities ,8
2614,2021,E02003417,2021 super output areas - middle layer,152,Irish only identity,53
2615,2021,E02003417,2021 super output areas - middle layer,152,Irish and at least one UK identity,12
2616,2021,E02003417,2021 super output areas - middle layer,152,Other identity only,3605
2617,2021,E02003417,2021 super output areas - middle layer,152,Other identity and at least one UK identity,511
2618,2021,E02003417,2021 super output areas - middle layer,152,Non-UK identity only,3658
2619,2021,E02003417,2021 super output areas - middle layer,152,UK identity and non-UK identity,523
2620,2021,E02003418,2021 super output areas - middle layer,152,Total: All usual residents,10322
2621,2021,E02003418,2021 super output areas - middle layer,152,British only identity,6696
2622,2021,E02003418,2021 super output areas - middle layer,152,English only identity,811
2623,2021,E02003418,2021 super output areas - middle layer,152,English and British only identity,637
2624,2021,E02003418,2021 super output areas - middle layer,152,Welsh only identity,8
2625,2021,E02003418,2021 super output areas - middle layer,152,Welsh and British only identity,7
2626,2021,E02003418,2021 super output areas - middle layer,152,Any other combination of only UK identities,36
2627,2021,E02003418,2021 super output areas - middle layer,152,Scottish only identity,13
2628,2021,E02003418,2021 super output areas - middle layer,152,Scottish and British only identity,7
2629,2021,E02003418,2021 super output areas - middle layer,152,Northern Irish only identity,4
2630,2021,E02003418,2021 super output areas - middle layer,152,Northern Irish and British only identity,1
2631,2021,E02003418,2021 super output areas - middle layer,152,Cornish only identity,0
2632,2021,E02003418,2021 super output areas - middle layer,152,Cornish and British only identity,0
2633,2021,E02003418,2021 super output areas - middle layer,152,Any other combination of only UK identities ,11
2634,2021,E02003418,2021 super output areas - middle layer,152,Irish only identity,63
2635,2021,E02003418,2021 super output areas - middle layer,152,Irish and at least one UK identity,8
2636,2021,E02003418,2021 super output areas - middle layer,152,Other identity only,1699
2637,2021,E02003418,2021 super output areas - middle layer,152,Other identity and at least one UK identity,357
2638,2021,E02003418,2021 super output areas - middle layer,152,Non-UK identity only,1762
2639,2021,E02003418,2021 super output areas - middle layer,152,UK identity and non-UK identity,365
2640,2021,E02003419,2021 super output areas - middle layer,152,Total: All usual residents,8982
2641,2021,E02003419,2021 super output areas - middle layer,152,British only identity,5707
2642,2021,E02003419,2021 super output areas - middle layer,152,English only identity,770
2643,2021,E02003419,2021 super output areas - middle layer,152,English and British only identity,560
2644,2021,E02003419,2021 super output areas - middle layer,152,Welsh only identity,12
2645,2021,E02003419,2021 super output areas - middle layer,152,Welsh and British only identity,6
2646,2021,E02003419,2021 super output areas - middle layer,152,Any other combination of only UK identities,52
2647,2021,E02003419,2021 super output areas - middle layer,152,Scottish only identity,29
2648,2021,E02003419,2021 super output areas - middle layer,152,Scottish and British only identity,12
2649,2021,E02003419,2021 super output areas - middle layer,152,Northern Irish only identity,5
2650,2021,E02003419,2021 super output areas - middle layer,152,Northern Irish and British only identity,1
2651,2021,E02003419,2021 super output areas - middle layer,152,Cornish only identity,0
2652,2021,E02003419,2021 super output areas - middle layer,152,Cornish and British only identity,0
2653,2021,E02003419,2021 super output areas - middle layer,152,Any other combination of only UK identities ,5
2654,2021,E02003419,2021 super output areas - middle layer,152,Irish only identity,40
2655,2021,E02003419,2021 super output areas - middle layer,152,Irish and at least one UK identity,4
2656,2021,E02003419,2021 super output areas - middle layer,152,Other identity only,1543
2657,2021,E02003419,2021 super output areas - middle layer,152,Other identity and at least one UK identity,288
2658,2021,E02003419,2021 super output areas - middle layer,152,Non-UK identity only,1583
2659,2021,E02003419,2021 super output areas - middle layer,152,UK identity and non-UK identity,292
2660,2021,E02003420,2021 super output areas - middle layer,152,Total: All usual residents,6417
2661,2021,E02003420,2021 super output areas - middle layer,152,British only identity,3611
2662,2021,E02003420,2021 super output areas - middle layer,152,English only identity,665
2663,2021,E02003420,2021 super output areas - middle layer,152,English and British only identity,422
2664,2021,E02003420,2021 super output areas - middle layer,152,Welsh only identity,10
2665,2021,E02003420,2021 super output areas - middle layer,152,Welsh and British only identity,5
2666,2021,E02003420,2021 super output areas - middle layer,152,Any other combination of only UK identities,37
2667,2021,E02003420,2021 super output areas - middle layer,152,Scottish only identity,19
2668,2021,E02003420,2021 super output areas - middle layer,152,Scottish and British only identity,6
2669,2021,E02003420,2021 super output areas - middle layer,152,Northern Irish only identity,5
2670,2021,E02003420,2021 super output areas - middle layer,152,Northern Irish and British only identity,2
2671,2021,E02003420,2021 super output areas - middle layer,152,Cornish only identity,2
2672,2021,E02003420,2021 super output areas - middle layer,152,Cornish and British only identity,0
2673,2021,E02003420,2021 super output areas - middle layer,152,Any other combination of only UK identities ,3
2674,2021,E02003420,2021 super output areas - middle layer,152,Irish only identity,26
2675,2021,E02003420,2021 super output areas - middle layer,152,Irish and at least one UK identity,6
2676,2021,E02003420,2021 super output areas - middle layer,152,Other identity only,1447
2677,2021,E02003420,2021 super output areas - middle layer,152,Other identity and at least one UK identity,188
2678,2021,E02003420,2021 super output areas - middle layer,152,Non-UK identity only,1473
2679,2021,E02003420,2021 super output areas - middle layer,152,UK identity and non-UK identity,194
2680,2021,E02007068,2021 super output areas - middle layer,152,Total: All usual residents,7017
2681,2021,E02007068,2021 super output areas - middle layer,152,British only identity,3816
2682,2021,E02007068,2021 super output areas - middle layer,152,English only identity,305
2683,2021,E02007068,2021 super output areas - middle layer,152,English and British only identity,252
2684,2021,E02007068,2021 super output areas - middle layer,152,Welsh only identity,8
2685,2021,E02007068,2021 super output areas - middle layer,152,Welsh and British only identity,3
2686,2021,E02007068,2021 super output areas - middle layer,152,Any other combination of only UK identities,17
2687,2021,E02007068,2021 super output areas - middle layer,152,Scottish only identity,3
2688,2021,E02007068,2021 super output areas - middle layer,152,Scottish and British only identity,7
2689,2021,E02007068,2021 super output areas - middle layer,152,Northern Irish only identity,3
2690,2021,E02007068,2021 super output areas - middle layer,152,Northern Irish and British only identity,1
2691,2021,E02007068,2021 super output areas - middle layer,152,Cornish only identity,0
2692,2021,E02007068,2021 super output areas - middle layer,152,Cornish and British only identity,0
2693,2021,E02007068,2021 super output areas - middle layer,152,Any other combination of only UK identities ,3
2694,2021,E02007068,2021 super output areas - middle layer,152,Irish only identity,31
2695,2021,E02007068,2021 super output areas - middle layer,152,Irish and at least one UK identity,2
2696,2021,E02007068,2021 super output areas - middle layer,152,Other identity only,2300
2697,2021,E02007068,2021 super output areas - middle layer,152,Other identity and at least one UK identity,283
2698,2021,E02007068,2021 super output areas - middle layer,152,Non-UK identity only,2331
2699,2021,E02007068,2021 super output areas - middle layer,152,UK identity and non-UK identity,285
2700,2021,E02007069,2021 super output areas - middle layer,152,Total: All usual residents,8081
2701,2021,E02007069,2021 super output areas - middle layer,152,British only identity,5028
2702,2021,E02007069,2021 super output areas - middle layer,152,English only identity,196
2703,2021,E02007069,2021 super output areas - middle layer,152,English and British only identity,178
2704,2021,E02007069,2021 super output areas - middle layer,152,Welsh only identity,5
2705,2021,E02007069,2021 super output areas - middle layer,152,Welsh and British only identity,3
2706,2021,E02007069,2021 super output areas - middle layer,152,Any other combination of only UK identities,13
2707,2021,E02007069,2021 super output areas - middle layer,152,Scottish only identity,3
2708,2021,E02007069,2021 super output areas - middle layer,152,Scottish and British only identity,1
2709,2021,E02007069,2021 super output areas - middle layer,152,Northern Irish only identity,5
2710,2021,E02007069,2021 super output areas - middle layer,152,Northern Irish and British only identity,0
2711,2021,E02007069,2021 super output areas - middle layer,152,Cornish only identity,0
2712,2021,E02007069,2021 super output areas - middle layer,152,Cornish and British only identity,0
2713,2021,E02007069,2021 super output areas - middle layer,152,Any other combination of only UK identities ,4
2714,2021,E02007069,2021 super output areas - middle layer,152,Irish only identity,22
2715,2021,E02007069,2021 super output areas - middle layer,152,Irish and at least one UK identity,4
2716,2021,E02007069,2021 super output areas - middle layer,152,Other identity only,2349
2717,2021,E02007069,2021 super output areas - middle layer,152,Other identity and at least one UK identity,283
2718,2021,E02007069,2021 super output areas - middle layer,152,Non-UK identity only,2371
2719,2021,E02007069,2021 super output areas - middle layer,152,UK identity and non-UK identity,287
2720,2021,E02003421,2021 super output areas - middle layer,152,Total: All usual residents,5677
2721,2021,E02003421,2021 super output areas - middle layer,152,British only identity,3528
2722,2021,E02003421,2021 super output areas - middle layer,152,English only identity,764
2723,2021,E02003421,2021 super output areas - middle layer,152,English and British only identity,621
2724,2021,E02003421,2021 super output areas - middle layer,152,Welsh only identity,17
2725,2021,E02003421,2021 super output areas - middle layer,152,Welsh and British only identity,9
2726,2021,E02003421,2021 super output areas - middle layer,152,Any other combination of only UK identities,67
2727,2021,E02003421,2021 super output areas - middle layer,152,Scottish only identity,27
2728,2021,E02003421,2021 super output areas - middle layer,152,Scottish and British only identity,17
2729,2021,E02003421,2021 super output areas - middle layer,152,Northern Irish only identity,9
2730,2021,E02003421,2021 super output areas - middle layer,152,Northern Irish and British only identity,4
2731,2021,E02003421,2021 super output areas - middle layer,152,Cornish only identity,0
2732,2021,E02003421,2021 super output areas - middle layer,152,Cornish and British only identity,0
2733,2021,E02003421,2021 super output areas - middle layer,152,Any other combination of only UK identities ,10
2734,2021,E02003421,2021 super output areas - middle layer,152,Irish only identity,45
2735,2021,E02003421,2021 super output areas - middle layer,152,Irish and at least one UK identity,7
2736,2021,E02003421,2021 super output areas - middle layer,152,Other identity only,467
2737,2021,E02003421,2021 super output areas - middle layer,152,Other identity and at least one UK identity,152
2738,2021,E02003421,2021 super output areas - middle layer,152,Non-UK identity only,512
2739,2021,E02003421,2021 super output areas - middle layer,152,UK identity and non-UK identity,159
2740,2021,E02003422,2021 super output areas - middle layer,152,Total: All usual residents,11847
2741,2021,E02003422,2021 super output areas - middle layer,152,British only identity,7171
2742,2021,E02003422,2021 super output areas - middle layer,152,English only identity,1869
2743,2021,E02003422,2021 super output areas - middle layer,152,English and British only identity,1578
2744,2021,E02003422,2021 super output areas - middle layer,152,Welsh only identity,68
2745,2021,E02003422,2021 super output areas - middle layer,152,Welsh and British only identity,32
2746,2021,E02003422,2021 super output areas - middle layer,152,Any other combination of only UK identities,189
2747,2021,E02003422,2021 super output areas - middle layer,152,Scottish only identity,78
2748,2021,E02003422,2021 super output areas - middle layer,152,Scottish and British only identity,48
2749,2021,E02003422,2021 super output areas - middle layer,152,Northern Irish only identity,10
2750,2021,E02003422,2021 super output areas - middle layer,152,Northern Irish and British only identity,9
2751,2021,E02003422,2021 super output areas - middle layer,152,Cornish only identity,2
2752,2021,E02003422,2021 super output areas - middle layer,152,Cornish and British only identity,1
2753,2021,E02003422,2021 super output areas - middle layer,152,Any other combination of only UK identities ,41
2754,2021,E02003422,2021 super output areas - middle layer,152,Irish only identity,103
2755,2021,E02003422,2021 super output areas - middle layer,152,Irish and at least one UK identity,15
2756,2021,E02003422,2021 super output areas - middle layer,152,Other identity only,594
2757,2021,E02003422,2021 super output areas - middle layer,152,Other identity and at least one UK identity,228
2758,2021,E02003422,2021 super output areas - middle layer,152,Non-UK identity only,697
2759,2021,E02003422,2021 super output areas - middle layer,152,UK identity and non-UK identity,243
2760,2021,E02003423,2021 super output areas - middle layer,152,Total: All usual residents,6589
2761,2021,E02003423,2021 super output areas - middle layer,152,British only identity,3762
2762,2021,E02003423,2021 super output areas - middle layer,152,English only identity,941
2763,2021,E02003423,2021 super output areas - middle layer,152,English and British only identity,872
2764,2021,E02003423,2021 super output areas - middle layer,152,Welsh only identity,21
2765,2021,E02003423,2021 super output areas - middle layer,152,Welsh and British only identity,12
2766,2021,E02003423,2021 super output areas - middle layer,152,Any other combination of only UK identities,83
2767,2021,E02003423,2021 super output areas - middle layer,152,Scottish only identity,30
2768,2021,E02003423,2021 super output areas - middle layer,152,Scottish and British only identity,20
2769,2021,E02003423,2021 super output areas - middle layer,152,Northern Irish only identity,5
2770,2021,E02003423,2021 super output areas - middle layer,152,Northern Irish and British only identity,1
2771,2021,E02003423,2021 super output areas - middle layer,152,Cornish only identity,2
2772,2021,E02003423,2021 super output areas - middle layer,152,Cornish and British only identity,0
2773,2021,E02003423,2021 super output areas - middle layer,152,Any other combination of only UK identities ,25
2774,2021,E02003423,2021 super output areas - middle layer,152,Irish only identity,38
2775,2021,E02003423,2021 super output areas - middle layer,152,Irish and at least one UK identity,6
2776,2021,E02003423,2021 super output areas - middle layer,152,Other identity only,675
2777,2021,E02003423,2021 super output areas - middle layer,152,Other identity and at least one UK identity,179
2778,2021,E02003423,2021 super output areas - middle layer,152,Non-UK identity only,713
2779,2021,E02003423,2021 super output areas - middle layer,152,UK identity and non-UK identity,185
2780,2021,E02003424,2021 super output areas - middle layer,152,Total: All usual residents,9310
2781,2021,E02003424,2021 super output areas - middle layer,152,British only identity,5334
2782,2021,E02003424,2021 super output areas - middle layer,152,English only identity,988
2783,2021,E02003424,2021 super output areas - middle layer,152,English and British only identity,1059
2784,2021,E02003424,2021 super output areas - middle layer,152,Welsh only identity,52
2785,2021,E02003424,2021 super output areas - middle layer,152,Welsh and British only identity,30
2786,2021,E02003424,2021 super output areas - middle layer,152,Any other combination of only UK identities,148
2787,2021,E02003424,2021 super output areas - middle layer,152,Scottish only identity,55
2788,2021,E02003424,2021 super output areas - middle layer,152,Scottish and British only identity,41
2789,2021,E02003424,2021 super output areas - middle layer,152,Northern Irish only identity,24
2790,2021,E02003424,2021 super output areas - middle layer,152,Northern Irish and British only identity,9
2791,2021,E02003424,2021 super output areas - middle layer,152,Cornish only identity,2
2792,2021,E02003424,2021 super output areas - middle layer,152,Cornish and British only identity,0
2793,2021,E02003424,2021 super output areas - middle layer,152,Any other combination of only UK identities ,17
2794,2021,E02003424,2021 super output areas - middle layer,152,Irish only identity,83
2795,2021,E02003424,2021 super output areas - middle layer,152,Irish and at least one UK identity,8
2796,2021,E02003424,2021 super output areas - middle layer,152,Other identity only,1214
2797,2021,E02003424,2021 super output areas - middle layer,152,Other identity and at least one UK identity,394
2798,2021,E02003424,2021 super output areas - middle layer,152,Non-UK identity only,1297
2799,2021,E02003424,2021 super output areas - middle layer,152,UK identity and non-UK identity,402
2800,2021,E02003425,2021 super output areas - middle layer,152,Total: All usual residents,13064
2801,2021,E02003425,2021 super output areas - middle layer,152,British only identity,6845
2802,2021,E02003425,2021 super output areas - middle layer,152,English only identity,1318
2803,2021,E02003425,2021 super output areas - middle layer,152,English and British only identity,1433
2804,2021,E02003425,2021 super output areas - middle layer,152,Welsh only identity,27
2805,2021,E02003425,2021 super output areas - middle layer,152,Welsh and British only identity,26
2806,2021,E02003425,2021 super output areas - middle layer,152,Any other combination of only UK identities,176
2807,2021,E02003425,2021 super output areas - middle layer,152,Scottish only identity,70
2808,2021,E02003425,2021 super output areas - middle layer,152,Scottish and British only identity,43
2809,2021,E02003425,2021 super output areas - middle layer,152,Northern Irish only identity,23
2810,2021,E02003425,2021 super output areas - middle layer,152,Northern Irish and British only identity,11
2811,2021,E02003425,2021 super output areas - middle layer,152,Cornish only identity,3
2812,2021,E02003425,2021 super output areas - middle layer,152,Cornish and British only identity,1
2813,2021,E02003425,2021 super output areas - middle layer,152,Any other combination of only UK identities ,25
2814,2021,E02003425,2021 super output areas - middle layer,152,Irish only identity,96
2815,2021,E02003425,2021 super output areas - middle layer,152,Irish and at least one UK identity,15
2816,2021,E02003425,2021 super output areas - middle layer,152,Other identity only,2576
2817,2021,E02003425,2021 super output areas - middle layer,152,Other identity and at least one UK identity,552
2818,2021,E02003425,2021 super output areas - middle layer,152,Non-UK identity only,2672
2819,2021,E02003425,2021 super output areas - middle layer,152,UK identity and non-UK identity,567
2820,2021,E02003426,2021 super output areas - middle layer,152,Total: All usual residents,9802
2821,2021,E02003426,2021 super output areas - middle layer,152,British only identity,5662
2822,2021,E02003426,2021 super output areas - middle layer,152,English only identity,1327
2823,2021,E02003426,2021 super output areas - middle layer,152,English and British only identity,1382
2824,2021,E02003426,2021 super output areas - middle layer,152,Welsh only identity,62
2825,2021,E02003426,2021 super output areas - middle layer,152,Welsh and British only identity,33
2826,2021,E02003426,2021 super output areas - middle layer,152,Any other combination of only UK identities,135
2827,2021,E02003426,2021 super output areas - middle layer,152,Scottish only identity,48
2828,2021,E02003426,2021 super output areas - middle layer,152,Scottish and British only identity,25
2829,2021,E02003426,2021 super output areas - middle layer,152,Northern Irish only identity,16
2830,2021,E02003426,2021 super output areas - middle layer,152,Northern Irish and British only identity,7
2831,2021,E02003426,2021 super output areas - middle layer,152,Cornish only identity,0
2832,2021,E02003426,2021 super output areas - middle layer,152,Cornish and British only identity,1
2833,2021,E02003426,2021 super output areas - middle layer,152,Any other combination of only UK identities ,38
2834,2021,E02003426,2021 super output areas - middle layer,152,Irish only identity,90
2835,2021,E02003426,2021 super output areas - middle layer,152,Irish and at least one UK identity,14
2836,2021,E02003426,2021 super output areas - middle layer,152,Other identity only,807
2837,2021,E02003426,2021 super output areas - middle layer,152,Other identity and at least one UK identity,290
2838,2021,E02003426,2021 super output areas - middle layer,152,Non-UK identity only,897
2839,2021,E02003426,2021 super output areas - middle layer,152,UK identity and non-UK identity,304
2840,2021,E02003427,2021 super output areas - middle layer,152,Total: All usual residents,8184
2841,2021,E02003427,2021 super output areas - middle layer,152,British only identity,4753
2842,2021,E02003427,2021 super output areas - middle layer,152,English only identity,1040
2843,2021,E02003427,2021 super output areas - middle layer,152,English and British only identity,860
2844,2021,E02003427,2021 super output areas - middle layer,152,Welsh only identity,18
2845,2021,E02003427,2021 super output areas - middle layer,152,Welsh and British only identity,9
2846,2021,E02003427,2021 super output areas - middle layer,152,Any other combination of only UK identities,65
2847,2021,E02003427,2021 super output areas - middle layer,152,Scottish only identity,21
2848,2021,E02003427,2021 super output areas - middle layer,152,Scottish and British only identity,21
2849,2021,E02003427,2021 super output areas - middle layer,152,Northern Irish only identity,7
2850,2021,E02003427,2021 super output areas - middle layer,152,Northern Irish and British only identity,3
2851,2021,E02003427,2021 super output areas - middle layer,152,Cornish only identity,2
2852,2021,E02003427,2021 super output areas - middle layer,152,Cornish and British only identity,0
2853,2021,E02003427,2021 super output areas - middle layer,152,Any other combination of only UK identities ,11
2854,2021,E02003427,2021 super output areas - middle layer,152,Irish only identity,47
2855,2021,E02003427,2021 super output areas - middle layer,152,Irish and at least one UK identity,15
2856,2021,E02003427,2021 super output areas - middle layer,152,Other identity only,1125
2857,2021,E02003427,2021 super output areas - middle layer,152,Other identity and at least one UK identity,252
2858,2021,E02003427,2021 super output areas - middle layer,152,Non-UK identity only,1172
2859,2021,E02003427,2021 super output areas - middle layer,152,UK identity and non-UK identity,267
2860,2021,E02003428,2021 super output areas - middle layer,152,Total: All usual residents,9162
2861,2021,E02003428,2021 super output areas - middle layer,152,British only identity,5317
2862,2021,E02003428,2021 super output areas - middle layer,152,English only identity,1524
2863,2021,E02003428,2021 super output areas - middle layer,152,English and British only identity,1333
2864,2021,E02003428,2021 super output areas - middle layer,152,Welsh only identity,40
2865,2021,E02003428,2021 super output areas - middle layer,152,Welsh and British only identity,9
2866,2021,E02003428,2021 super output areas - middle layer,152,Any other combination of only UK identities,100
2867,2021,E02003428,2021 super output areas - middle layer,152,Scottish only identity,47
2868,2021,E02003428,2021 super output areas - middle layer,152,Scottish and British only identity,17
2869,2021,E02003428,2021 super output areas - middle layer,152,Northern Irish only identity,19
2870,2021,E02003428,2021 super output areas - middle layer,152,Northern Irish and British only identity,7
2871,2021,E02003428,2021 super output areas - middle layer,152,Cornish only identity,1
2872,2021,E02003428,2021 super output areas - middle layer,152,Cornish and British only identity,0
2873,2021,E02003428,2021 super output areas - middle layer,152,Any other combination of only UK identities ,9
2874,2021,E02003428,2021 super output areas - middle layer,152,Irish only identity,55
2875,2021,E02003428,2021 super output areas - middle layer,152,Irish and at least one UK identity,4
2876,2021,E02003428,2021 super output areas - middle layer,152,Other identity only,557
2877,2021,E02003428,2021 super output areas - middle layer,152,Other identity and at least one UK identity,223
2878,2021,E02003428,2021 super output areas - middle layer,152,Non-UK identity only,612
2879,2021,E02003428,2021 super output areas - middle layer,152,UK identity and non-UK identity,227
2880,2021,E02003429,2021 super output areas - middle layer,152,Total: All usual residents,7740
2881,2021,E02003429,2021 super output areas - middle layer,152,British only identity,4676
2882,2021,E02003429,2021 super output areas - middle layer,152,English only identity,1146
2883,2021,E02003429,2021 super output areas - middle layer,152,English and British only identity,994
2884,2021,E02003429,2021 super output areas - middle layer,152,Welsh only identity,35
2885,2021,E02003429,2021 super output areas - middle layer,152,Welsh and British only identity,21
2886,2021,E02003429,2021 super output areas - middle layer,152,Any other combination of only UK identities,117
2887,2021,E02003429,2021 super output areas - middle layer,152,Scottish only identity,43
2888,2021,E02003429,2021 super output areas - middle layer,152,Scottish and British only identity,38
2889,2021,E02003429,2021 super output areas - middle layer,152,Northern Irish only identity,13
2890,2021,E02003429,2021 super output areas - middle layer,152,Northern Irish and British only identity,4
2891,2021,E02003429,2021 super output areas - middle layer,152,Cornish only identity,1
2892,2021,E02003429,2021 super output areas - middle layer,152,Cornish and British only identity,0
2893,2021,E02003429,2021 super output areas - middle layer,152,Any other combination of only UK identities ,18
2894,2021,E02003429,2021 super output areas - middle layer,152,Irish only identity,67
2895,2021,E02003429,2021 super output areas - middle layer,152,Irish and at least one UK identity,14
2896,2021,E02003429,2021 super output areas - middle layer,152,Other identity only,465
2897,2021,E02003429,2021 super output areas - middle layer,152,Other identity and at least one UK identity,205
2898,2021,E02003429,2021 super output areas - middle layer,152,Non-UK identity only,532
2899,2021,E02003429,2021 super output areas - middle layer,152,UK identity and non-UK identity,219
2900,2021,E02003430,2021 super output areas - middle layer,152,Total: All usual residents,7523
2901,2021,E02003430,2021 super output areas - middle layer,152,British only identity,3811
2902,2021,E02003430,2021 super output areas - middle layer,152,English only identity,1178
2903,2021,E02003430,2021 super output areas - middle layer,152,English and British only identity,1028
2904,2021,E02003430,2021 super output areas - middle layer,152,Welsh only identity,40
2905,2021,E02003430,2021 super output areas - middle layer,152,Welsh and British only identity,28
2906,2021,E02003430,2021 super output areas - middle layer,152,Any other combination of only UK identities,199
2907,2021,E02003430,2021 super output areas - middle layer,152,Scottish only identity,59
2908,2021,E02003430,2021 super output areas - middle layer,152,Scottish and British only identity,30
2909,2021,E02003430,2021 super output areas - middle layer,152,Northern Irish only identity,17
2910,2021,E02003430,2021 super output areas - middle layer,152,Northern Irish and British only identity,11
2911,2021,E02003430,2021 super output areas - middle layer,152,Cornish only identity,5
2912,2021,E02003430,2021 super output areas - middle layer,152,Cornish and British only identity,0
2913,2021,E02003430,2021 super output areas - middle layer,152,Any other combination of only UK identities ,77
2914,2021,E02003430,2021 super output areas - middle layer,152,Irish only identity,75
2915,2021,E02003430,2021 super output areas - middle layer,152,Irish and at least one UK identity,18
2916,2021,E02003430,2021 super output areas - middle layer,152,Other identity only,817
2917,2021,E02003430,2021 super output areas - middle layer,152,Other identity and at least one UK identity,329
2918,2021,E02003430,2021 super output areas - middle layer,152,Non-UK identity only,892
2919,2021,E02003430,2021 super output areas - middle layer,152,UK identity and non-UK identity,347
2920,2021,E02003431,2021 super output areas - middle layer,152,Total: All usual residents,7006
2921,2021,E02003431,2021 super output areas - middle layer,152,British only identity,4431
2922,2021,E02003431,2021 super output areas - middle layer,152,English only identity,917
2923,2021,E02003431,2021 super output areas - middle layer,152,English and British only identity,675
2924,2021,E02003431,2021 super output areas - middle layer,152,Welsh only identity,30
2925,2021,E02003431,2021 super output areas - middle layer,152,Welsh and British only identity,22
2926,2021,E02003431,2021 super output areas - middle layer,152,Any other combination of only UK identities,74
2927,2021,E02003431,2021 super output areas - middle layer,152,Scottish only identity,33
2928,2021,E02003431,2021 super output areas - middle layer,152,Scottish and British only identity,20
2929,2021,E02003431,2021 super output areas - middle layer,152,Northern Irish only identity,6
2930,2021,E02003431,2021 super output areas - middle layer,152,Northern Irish and British only identity,2
2931,2021,E02003431,2021 super output areas - middle layer,152,Cornish only identity,1
2932,2021,E02003431,2021 super output areas - middle layer,152,Cornish and British only identity,0
2933,2021,E02003431,2021 super output areas - middle layer,152,Any other combination of only UK identities ,12
2934,2021,E02003431,2021 super output areas - middle layer,152,Irish only identity,40
2935,2021,E02003431,2021 super output areas - middle layer,152,Irish and at least one UK identity,12
2936,2021,E02003431,2021 super output areas - middle layer,152,Other identity only,614
2937,2021,E02003431,2021 super output areas - middle layer,152,Other identity and at least one UK identity,191
2938,2021,E02003431,2021 super output areas - middle layer,152,Non-UK identity only,654
2939,2021,E02003431,2021 super output areas - middle layer,152,UK identity and non-UK identity,203
2940,2021,E02003432,2021 super output areas - middle layer,152,Total: All usual residents,7101
2941,2021,E02003432,2021 super output areas - middle layer,152,British only identity,3850
2942,2021,E02003432,2021 super output areas - middle layer,152,English only identity,781
2943,2021,E02003432,2021 super output areas - middle layer,152,English and British only identity,852
2944,2021,E02003432,2021 super output areas - middle layer,152,Welsh only identity,92
2945,2021,E02003432,2021 super output areas - middle layer,152,Welsh and British only identity,49
2946,2021,E02003432,2021 super output areas - middle layer,152,Any other combination of only UK identities,156
2947,2021,E02003432,2021 super output areas - middle layer,152,Scottish only identity,60
2948,2021,E02003432,2021 super output areas - middle layer,152,Scottish and British only identity,36
2949,2021,E02003432,2021 super output areas - middle layer,152,Northern Irish only identity,19
2950,2021,E02003432,2021 super output areas - middle layer,152,Northern Irish and British only identity,4
2951,2021,E02003432,2021 super output areas - middle layer,152,Cornish only identity,2
2952,2021,E02003432,2021 super output areas - middle layer,152,Cornish and British only identity,1
2953,2021,E02003432,2021 super output areas - middle layer,152,Any other combination of only UK identities ,34
2954,2021,E02003432,2021 super output areas - middle layer,152,Irish only identity,81
2955,2021,E02003432,2021 super output areas - middle layer,152,Irish and at least one UK identity,19
2956,2021,E02003432,2021 super output areas - middle layer,152,Other identity only,945
2957,2021,E02003432,2021 super output areas - middle layer,152,Other identity and at least one UK identity,276
2958,2021,E02003432,2021 super output areas - middle layer,152,Non-UK identity only,1026
2959,2021,E02003432,2021 super output areas - middle layer,152,UK identity and non-UK identity,295
2960,2021,E02003433,2021 super output areas - middle layer,152,Total: All usual residents,6467
2961,2021,E02003433,2021 super output areas - middle layer,152,British only identity,3525
2962,2021,E02003433,2021 super output areas - middle layer,152,English only identity,1128
2963,2021,E02003433,2021 super output areas - middle layer,152,English and British only identity,888
2964,2021,E02003433,2021 super output areas - middle layer,152,Welsh only identity,78
2965,2021,E02003433,2021 super output areas - middle layer,152,Welsh and British only identity,33
2966,2021,E02003433,2021 super output areas - middle layer,152,Any other combination of only UK identities,82
2967,2021,E02003433,2021 super output areas - middle layer,152,Scottish only identity,30
2968,2021,E02003433,2021 super output areas - middle layer,152,Scottish and British only identity,20
2969,2021,E02003433,2021 super output areas - middle layer,152,Northern Irish only identity,10
2970,2021,E02003433,2021 super output areas - middle layer,152,Northern Irish and British only identity,7
2971,2021,E02003433,2021 super output areas - middle layer,152,Cornish only identity,0
2972,2021,E02003433,2021 super output areas - middle layer,152,Cornish and British only identity,0
2973,2021,E02003433,2021 super output areas - middle layer,152,Any other combination of only UK identities ,15
2974,2021,E02003433,2021 super output areas - middle layer,152,Irish only identity,52
2975,2021,E02003433,2021 super output areas - middle layer,152,Irish and at least one UK identity,7
2976,2021,E02003433,2021 super output areas - middle layer,152,Other identity only,533
2977,2021,E02003433,2021 super output areas - middle layer,152,Other identity and at least one UK identity,141
2978,2021,E02003433,2021 super output areas - middle layer,152,Non-UK identity only,585
2979,2021,E02003433,2021 super output areas - middle layer,152,UK identity and non-UK identity,148
2980,2021,E02003434,2021 super output areas - middle layer,152,Total: All usual residents,9190
2981,2021,E02003434,2021 super output areas - middle layer,152,British only identity,5273
2982,2021,E02003434,2021 super output areas - middle layer,152,English only identity,1397
2983,2021,E02003434,2021 super output areas - middle layer,152,English and British only identity,1088
2984,2021,E02003434,2021 super output areas - middle layer,152,Welsh only identity,28
2985,2021,E02003434,2021 super output areas - middle layer,152,Welsh and British only identity,11
2986,2021,E02003434,2021 super output areas - middle layer,152,Any other combination of only UK identities,123
2987,2021,E02003434,2021 super output areas - middle layer,152,Scottish only identity,55
2988,2021,E02003434,2021 super output areas - middle layer,152,Scottish and British only identity,28
2989,2021,E02003434,2021 super output areas - middle layer,152,Northern Irish only identity,20
2990,2021,E02003434,2021 super output areas - middle layer,152,Northern Irish and British only identity,2
2991,2021,E02003434,2021 super output areas - middle layer,152,Cornish only identity,4
2992,2021,E02003434,2021 super output areas - middle layer,152,Cornish and British only identity,1
2993,2021,E02003434,2021 super output areas - middle layer,152,Any other combination of only UK identities ,13
2994,2021,E02003434,2021 super output areas - middle layer,152,Irish only identity,62
2995,2021,E02003434,2021 super output areas - middle layer,152,Irish and at least one UK identity,15
2996,2021,E02003434,2021 super output areas - middle layer,152,Other identity only,917
2997,2021,E02003434,2021 super output areas - middle layer,152,Other identity and at least one UK identity,276
2998,2021,E02003434,2021 super output areas - middle layer,152,Non-UK identity only,979
2999,2021,E02003434,2021 super output areas - middle layer,152,UK identity and non-UK identity,291
3000,2021,E02003435,2021 super output areas - middle layer,152,Total: All usual residents,7141
3001,2021,E02003435,2021 super output areas - middle layer,152,British only identity,4055
3002,2021,E02003435,2021 super output areas - middle layer,152,English only identity,811
3003,2021,E02003435,2021 super output areas - middle layer,152,English and British only identity,855
3004,2021,E02003435,2021 super output areas - middle layer,152,Welsh only identity,48
3005,2021,E02003435,2021 super output areas - middle layer,152,Welsh and British only identity,22
3006,2021,E02003435,2021 super output areas - middle layer,152,Any other combination of only UK identities,126
3007,2021,E02003435,2021 super output areas - middle layer,152,Scottish only identity,53
3008,2021,E02003435,2021 super output areas - middle layer,152,Scottish and British only identity,26
3009,2021,E02003435,2021 super output areas - middle layer,152,Northern Irish only identity,14
3010,2021,E02003435,2021 super output areas - middle layer,152,Northern Irish and British only identity,8
3011,2021,E02003435,2021 super output areas - middle layer,152,Cornish only identity,2
3012,2021,E02003435,2021 super output areas - middle layer,152,Cornish and British only identity,0
3013,2021,E02003435,2021 super output areas - middle layer,152,Any other combination of only UK identities ,23
3014,2021,E02003435,2021 super output areas - middle layer,152,Irish only identity,109
3015,2021,E02003435,2021 super output areas - middle layer,152,Irish and at least one UK identity,17
3016,2021,E02003435,2021 super output areas - middle layer,152,Other identity only,834
3017,2021,E02003435,2021 super output areas - middle layer,152,Other identity and at least one UK identity,264
3018,2021,E02003435,2021 super output areas - middle layer,152,Non-UK identity only,943
3019,2021,E02003435,2021 super output areas - middle layer,152,UK identity and non-UK identity,281
3020,2021,E02003436,2021 super output areas - middle layer,152,Total: All usual residents,9040
3021,2021,E02003436,2021 super output areas - middle layer,152,British only identity,5387
3022,2021,E02003436,2021 super output areas - middle layer,152,English only identity,1506
3023,2021,E02003436,2021 super output areas - middle layer,152,English and British only identity,1034
3024,2021,E02003436,2021 super output areas - middle layer,152,Welsh only identity,42
3025,2021,E02003436,2021 super output areas - middle layer,152,Welsh and British only identity,11
3026,2021,E02003436,2021 super output areas - middle layer,152,Any other combination of only UK identities,126
3027,2021,E02003436,2021 super output areas - middle layer,152,Scottish only identity,40
3028,2021,E02003436,2021 super output areas - middle layer,152,Scottish and British only identity,34
3029,2021,E02003436,2021 super output areas - middle layer,152,Northern Irish only identity,23
3030,2021,E02003436,2021 super output areas - middle layer,152,Northern Irish and British only identity,9
3031,2021,E02003436,2021 super output areas - middle layer,152,Cornish only identity,3
3032,2021,E02003436,2021 super output areas - middle layer,152,Cornish and British only identity,0
3033,2021,E02003436,2021 super output areas - middle layer,152,Any other combination of only UK identities ,17
3034,2021,E02003436,2021 super output areas - middle layer,152,Irish only identity,76
3035,2021,E02003436,2021 super output areas - middle layer,152,Irish and at least one UK identity,15
3036,2021,E02003436,2021 super output areas - middle layer,152,Other identity only,614
3037,2021,E02003436,2021 super output areas - middle layer,152,Other identity and at least one UK identity,229
3038,2021,E02003436,2021 super output areas - middle layer,152,Non-UK identity only,690
3039,2021,E02003436,2021 super output areas - middle layer,152,UK identity and non-UK identity,244
3040,2021,E02003437,2021 super output areas - middle layer,152,Total: All usual residents,7423
3041,2021,E02003437,2021 super output areas - middle layer,152,British only identity,4323
3042,2021,E02003437,2021 super output areas - middle layer,152,English only identity,1024
3043,2021,E02003437,2021 super output areas - middle layer,152,English and British only identity,891
3044,2021,E02003437,2021 super output areas - middle layer,152,Welsh only identity,40
3045,2021,E02003437,2021 super output areas - middle layer,152,Welsh and British only identity,34
3046,2021,E02003437,2021 super output areas - middle layer,152,Any other combination of only UK identities,135
3047,2021,E02003437,2021 super output areas - middle layer,152,Scottish only identity,58
3048,2021,E02003437,2021 super output areas - middle layer,152,Scottish and British only identity,29
3049,2021,E02003437,2021 super output areas - middle layer,152,Northern Irish only identity,19
3050,2021,E02003437,2021 super output areas - middle layer,152,Northern Irish and British only identity,6
3051,2021,E02003437,2021 super output areas - middle layer,152,Cornish only identity,0
3052,2021,E02003437,2021 super output areas - middle layer,152,Cornish and British only identity,0
3053,2021,E02003437,2021 super output areas - middle layer,152,Any other combination of only UK identities ,23
3054,2021,E02003437,2021 super output areas - middle layer,152,Irish only identity,93
3055,2021,E02003437,2021 super output areas - middle layer,152,Irish and at least one UK identity,5
3056,2021,E02003437,2021 super output areas - middle layer,152,Other identity only,645
3057,2021,E02003437,2021 super output areas - middle layer,152,Other identity and at least one UK identity,233
3058,2021,E02003437,2021 super output areas - middle layer,152,Non-UK identity only,738
3059,2021,E02003437,2021 super output areas - middle layer,152,UK identity and non-UK identity,238
3060,2021,E02003438,2021 super output areas - middle layer,152,Total: All usual residents,11232
3061,2021,E02003438,2021 super output areas - middle layer,152,British only identity,6564
3062,2021,E02003438,2021 super output areas - middle layer,152,English only identity,1386
3063,2021,E02003438,2021 super output areas - middle layer,152,English and British only identity,1169
3064,2021,E02003438,2021 super output areas - middle layer,152,Welsh only identity,62
3065,2021,E02003438,2021 super output areas - middle layer,152,Welsh and British only identity,29
3066,2021,E02003438,2021 super output areas - middle layer,152,Any other combination of only UK identities,237
3067,2021,E02003438,2021 super output areas - middle layer,152,Scottish only identity,106
3068,2021,E02003438,2021 super output areas - middle layer,152,Scottish and British only identity,61
3069,2021,E02003438,2021 super output areas - middle layer,152,Northern Irish only identity,23
3070,2021,E02003438,2021 super output areas - middle layer,152,Northern Irish and British only identity,16
3071,2021,E02003438,2021 super output areas - middle layer,152,Cornish only identity,1
3072,2021,E02003438,2021 super output areas - middle layer,152,Cornish and British only identity,1
3073,2021,E02003438,2021 super output areas - middle layer,152,Any other combination of only UK identities ,29
3074,2021,E02003438,2021 super output areas - middle layer,152,Irish only identity,99
3075,2021,E02003438,2021 super output areas - middle layer,152,Irish and at least one UK identity,34
3076,2021,E02003438,2021 super output areas - middle layer,152,Other identity only,1289
3077,2021,E02003438,2021 super output areas - middle layer,152,Other identity and at least one UK identity,363
3078,2021,E02003438,2021 super output areas - middle layer,152,Non-UK identity only,1388
3079,2021,E02003438,2021 super output areas - middle layer,152,UK identity and non-UK identity,397
3080,2021,E02003439,2021 super output areas - middle layer,152,Total: All usual residents,5528
3081,2021,E02003439,2021 super output areas - middle layer,152,British only identity,3299
3082,2021,E02003439,2021 super output areas - middle layer,152,English only identity,754
3083,2021,E02003439,2021 super output areas - middle layer,152,English and British only identity,827
3084,2021,E02003439,2021 super output areas - middle layer,152,Welsh only identity,35
3085,2021,E02003439,2021 super output areas - middle layer,152,Welsh and British only identity,27
3086,2021,E02003439,2021 super output areas - middle layer,152,Any other combination of only UK identities,110
3087,2021,E02003439,2021 super output areas - middle layer,152,Scottish only identity,43
3088,2021,E02003439,2021 super output areas - middle layer,152,Scottish and British only identity,33
3089,2021,E02003439,2021 super output areas - middle layer,152,Northern Irish only identity,13
3090,2021,E02003439,2021 super output areas - middle layer,152,Northern Irish and British only identity,7
3091,2021,E02003439,2021 super output areas - middle layer,152,Cornish only identity,3
3092,2021,E02003439,2021 super output areas - middle layer,152,Cornish and British only identity,2
3093,2021,E02003439,2021 super output areas - middle layer,152,Any other combination of only UK identities ,9
3094,2021,E02003439,2021 super output areas - middle layer,152,Irish only identity,35
3095,2021,E02003439,2021 super output areas - middle layer,152,Irish and at least one UK identity,15
3096,2021,E02003439,2021 super output areas - middle layer,152,Other identity only,312
3097,2021,E02003439,2021 super output areas - middle layer,152,Other identity and at least one UK identity,114
3098,2021,E02003439,2021 super output areas - middle layer,152,Non-UK identity only,347
3099,2021,E02003439,2021 super output areas - middle layer,152,UK identity and non-UK identity,129
3100,2021,E02003440,2021 super output areas - middle layer,152,Total: All usual residents,9273
3101,2021,E02003440,2021 super output areas - middle layer,152,British only identity,5495
3102,2021,E02003440,2021 super output areas - middle layer,152,English only identity,1342
3103,2021,E02003440,2021 super output areas - middle layer,152,English and British only identity,1405
3104,2021,E02003440,2021 super output areas - middle layer,152,Welsh only identity,53
3105,2021,E02003440,2021 super output areas - middle layer,152,Welsh and British only identity,35
3106,2021,E02003440,2021 super output areas - middle layer,152,Any other combination of only UK identities,150
3107,2021,E02003440,2021 super output areas - middle layer,152,Scottish only identity,49
3108,2021,E02003440,2021 super output areas - middle layer,152,Scottish and British only identity,33
3109,2021,E02003440,2021 super output areas - middle layer,152,Northern Irish only identity,17
3110,2021,E02003440,2021 super output areas - middle layer,152,Northern Irish and British only identity,9
3111,2021,E02003440,2021 super output areas - middle layer,152,Cornish only identity,2
3112,2021,E02003440,2021 super output areas - middle layer,152,Cornish and British only identity,1
3113,2021,E02003440,2021 super output areas - middle layer,152,Any other combination of only UK identities ,39
3114,2021,E02003440,2021 super output areas - middle layer,152,Irish only identity,57
3115,2021,E02003440,2021 super output areas - middle layer,152,Irish and at least one UK identity,12
3116,2021,E02003440,2021 super output areas - middle layer,152,Other identity only,479
3117,2021,E02003440,2021 super output areas - middle layer,152,Other identity and at least one UK identity,245
3118,2021,E02003440,2021 super output areas - middle layer,152,Non-UK identity only,536
3119,2021,E02003440,2021 super output areas - middle layer,152,UK identity and non-UK identity,257
3120,2021,E02003441,2021 super output areas - middle layer,152,Total: All usual residents,7671
3121,2021,E02003441,2021 super output areas - middle layer,152,British only identity,4430
3122,2021,E02003441,2021 super output areas - middle layer,152,English only identity,1296
3123,2021,E02003441,2021 super output areas - middle layer,152,English and British only identity,1090
3124,2021,E02003441,2021 super output areas - middle layer,152,Welsh only identity,42
3125,2021,E02003441,2021 super output areas - middle layer,152,Welsh and British only identity,21
3126,2021,E02003441,2021 super output areas - middle layer,152,Any other combination of only UK identities,93
3127,2021,E02003441,2021 super output areas - middle layer,152,Scottish only identity,41
3128,2021,E02003441,2021 super output areas - middle layer,152,Scottish and British only identity,19
3129,2021,E02003441,2021 super output areas - middle layer,152,Northern Irish only identity,7
3130,2021,E02003441,2021 super output areas - middle layer,152,Northern Irish and British only identity,3
3131,2021,E02003441,2021 super output areas - middle layer,152,Cornish only identity,2
3132,2021,E02003441,2021 super output areas - middle layer,152,Cornish and British only identity,0
3133,2021,E02003441,2021 super output areas - middle layer,152,Any other combination of only UK identities ,21
3134,2021,E02003441,2021 super output areas - middle layer,152,Irish only identity,46
3135,2021,E02003441,2021 super output areas - middle layer,152,Irish and at least one UK identity,9
3136,2021,E02003441,2021 super output areas - middle layer,152,Other identity only,464
3137,2021,E02003441,2021 super output areas - middle layer,152,Other identity and at least one UK identity,180
3138,2021,E02003441,2021 super output areas - middle layer,152,Non-UK identity only,510
3139,2021,E02003441,2021 super output areas - middle layer,152,UK identity and non-UK identity,189
3140,2021,E02003442,2021 super output areas - middle layer,152,Total: All usual residents,8491
3141,2021,E02003442,2021 super output areas - middle layer,152,British only identity,4876
3142,2021,E02003442,2021 super output areas - middle layer,152,English only identity,1138
3143,2021,E02003442,2021 super output areas - middle layer,152,English and British only identity,1395
3144,2021,E02003442,2021 super output areas - middle layer,152,Welsh only identity,34
3145,2021,E02003442,2021 super output areas - middle layer,152,Welsh and British only identity,22
3146,2021,E02003442,2021 super output areas - middle layer,152,Any other combination of only UK identities,101
3147,2021,E02003442,2021 super output areas - middle layer,152,Scottish only identity,32
3148,2021,E02003442,2021 super output areas - middle layer,152,Scottish and British only identity,24
3149,2021,E02003442,2021 super output areas - middle layer,152,Northern Irish only identity,15
3150,2021,E02003442,2021 super output areas - middle layer,152,Northern Irish and British only identity,10
3151,2021,E02003442,2021 super output areas - middle layer,152,Cornish only identity,0
3152,2021,E02003442,2021 super output areas - middle layer,152,Cornish and British only identity,1
3153,2021,E02003442,2021 super output areas - middle layer,152,Any other combination of only UK identities ,19
3154,2021,E02003442,2021 super output areas - middle layer,152,Irish only identity,50
3155,2021,E02003442,2021 super output areas - middle layer,152,Irish and at least one UK identity,11
3156,2021,E02003442,2021 super output areas - middle layer,152,Other identity only,641
3157,2021,E02003442,2021 super output areas - middle layer,152,Other identity and at least one UK identity,223
3158,2021,E02003442,2021 super output areas - middle layer,152,Non-UK identity only,691
3159,2021,E02003442,2021 super output areas - middle layer,152,UK identity and non-UK identity,234
3160,2021,E02003443,2021 super output areas - middle layer,152,Total: All usual residents,6985
3161,2021,E02003443,2021 super output areas - middle layer,152,British only identity,4087
3162,2021,E02003443,2021 super output areas - middle layer,152,English only identity,1055
3163,2021,E02003443,2021 super output areas - middle layer,152,English and British only identity,1013
3164,2021,E02003443,2021 super output areas - middle layer,152,Welsh only identity,13
3165,2021,E02003443,2021 super output areas - middle layer,152,Welsh and British only identity,6
3166,2021,E02003443,2021 super output areas - middle layer,152,Any other combination of only UK identities,58
3167,2021,E02003443,2021 super output areas - middle layer,152,Scottish only identity,15
3168,2021,E02003443,2021 super output areas - middle layer,152,Scottish and British only identity,17
3169,2021,E02003443,2021 super output areas - middle layer,152,Northern Irish only identity,6
3170,2021,E02003443,2021 super output areas - middle layer,152,Northern Irish and British only identity,7
3171,2021,E02003443,2021 super output areas - middle layer,152,Cornish only identity,3
3172,2021,E02003443,2021 super output areas - middle layer,152,Cornish and British only identity,0
3173,2021,E02003443,2021 super output areas - middle layer,152,Any other combination of only UK identities ,10
3174,2021,E02003443,2021 super output areas - middle layer,152,Irish only identity,37
3175,2021,E02003443,2021 super output areas - middle layer,152,Irish and at least one UK identity,4
3176,2021,E02003443,2021 super output areas - middle layer,152,Other identity only,531
3177,2021,E02003443,2021 super output areas - middle layer,152,Other identity and at least one UK identity,181
3178,2021,E02003443,2021 super output areas - middle layer,152,Non-UK identity only,568
3179,2021,E02003443,2021 super output areas - middle layer,152,UK identity and non-UK identity,185
3180,2021,E02003444,2021 super output areas - middle layer,152,Total: All usual residents,9376
3181,2021,E02003444,2021 super output areas - middle layer,152,British only identity,5858
3182,2021,E02003444,2021 super output areas - middle layer,152,English only identity,943
3183,2021,E02003444,2021 super output areas - middle layer,152,English and British only identity,947
3184,2021,E02003444,2021 super output areas - middle layer,152,Welsh only identity,36
3185,2021,E02003444,2021 super output areas - middle layer,152,Welsh and British only identity,27
3186,2021,E02003444,2021 super output areas - middle layer,152,Any other combination of only UK identities,70
3187,2021,E02003444,2021 super output areas - middle layer,152,Scottish only identity,22
3188,2021,E02003444,2021 super output areas - middle layer,152,Scottish and British only identity,15
3189,2021,E02003444,2021 super output areas - middle layer,152,Northern Irish only identity,11
3190,2021,E02003444,2021 super output areas - middle layer,152,Northern Irish and British only identity,4
3191,2021,E02003444,2021 super output areas - middle layer,152,Cornish only identity,0
3192,2021,E02003444,2021 super output areas - middle layer,152,Cornish and British only identity,0
3193,2021,E02003444,2021 super output areas - middle layer,152,Any other combination of only UK identities ,18
3194,2021,E02003444,2021 super output areas - middle layer,152,Irish only identity,32
3195,2021,E02003444,2021 super output areas - middle layer,152,Irish and at least one UK identity,14
3196,2021,E02003444,2021 super output areas - middle layer,152,Other identity only,1083
3197,2021,E02003444,2021 super output areas - middle layer,152,Other identity and at least one UK identity,366
3198,2021,E02003444,2021 super output areas - middle layer,152,Non-UK identity only,1115
3199,2021,E02003444,2021 super output areas - middle layer,152,UK identity and non-UK identity,380
3200,2021,E02003445,2021 super output areas - middle layer,152,Total: All usual residents,8775
3201,2021,E02003445,2021 super output areas - middle layer,152,British only identity,5080
3202,2021,E02003445,2021 super output areas - middle layer,152,English only identity,1388
3203,2021,E02003445,2021 super output areas - middle layer,152,English and British only identity,1215
3204,2021,E02003445,2021 super output areas - middle layer,152,Welsh only identity,39
3205,2021,E02003445,2021 super output areas - middle layer,152,Welsh and British only identity,15
3206,2021,E02003445,2021 super output areas - middle layer,152,Any other combination of only UK identities,64
3207,2021,E02003445,2021 super output areas - middle layer,152,Scottish only identity,23
3208,2021,E02003445,2021 super output areas - middle layer,152,Scottish and British only identity,19
3209,2021,E02003445,2021 super output areas - middle layer,152,Northern Irish only identity,2
3210,2021,E02003445,2021 super output areas - middle layer,152,Northern Irish and British only identity,6
3211,2021,E02003445,2021 super output areas - middle layer,152,Cornish only identity,1
3212,2021,E02003445,2021 super output areas - middle layer,152,Cornish and British only identity,1
3213,2021,E02003445,2021 super output areas - middle layer,152,Any other combination of only UK identities ,12
3214,2021,E02003445,2021 super output areas - middle layer,152,Irish only identity,36
3215,2021,E02003445,2021 super output areas - middle layer,152,Irish and at least one UK identity,10
3216,2021,E02003445,2021 super output areas - middle layer,152,Other identity only,684
3217,2021,E02003445,2021 super output areas - middle layer,152,Other identity and at least one UK identity,244
3218,2021,E02003445,2021 super output areas - middle layer,152,Non-UK identity only,720
3219,2021,E02003445,2021 super output areas - middle layer,152,UK identity and non-UK identity,254
3220,2021,E02003446,2021 super output areas - middle layer,152,Total: All usual residents,9804
3221,2021,E02003446,2021 super output areas - middle layer,152,British only identity,5443
3222,2021,E02003446,2021 super output areas - middle layer,152,English only identity,1135
3223,2021,E02003446,2021 super output areas - middle layer,152,English and British only identity,1339
3224,2021,E02003446,2021 super output areas - middle layer,152,Welsh only identity,73
3225,2021,E02003446,2021 super output areas - middle layer,152,Welsh and British only identity,48
3226,2021,E02003446,2021 super output areas - middle layer,152,Any other combination of only UK identities,115
3227,2021,E02003446,2021 super output areas - middle layer,152,Scottish only identity,34
3228,2021,E02003446,2021 super output areas - middle layer,152,Scottish and British only identity,27
3229,2021,E02003446,2021 super output areas - middle layer,152,Northern Irish only identity,8
3230,2021,E02003446,2021 super output areas - middle layer,152,Northern Irish and British only identity,5
3231,2021,E02003446,2021 super output areas - middle layer,152,Cornish only identity,1
3232,2021,E02003446,2021 super output areas - middle layer,152,Cornish and British only identity,0
3233,2021,E02003446,2021 super output areas - middle layer,152,Any other combination of only UK identities ,40
3234,2021,E02003446,2021 super output areas - middle layer,152,Irish only identity,58
3235,2021,E02003446,2021 super output areas - middle layer,152,Irish and at least one UK identity,27
3236,2021,E02003446,2021 super output areas - middle layer,152,Other identity only,1157
3237,2021,E02003446,2021 super output areas - middle layer,152,Other identity and at least one UK identity,409
3238,2021,E02003446,2021 super output areas - middle layer,152,Non-UK identity only,1215
3239,2021,E02003446,2021 super output areas - middle layer,152,UK identity and non-UK identity,436
3240,2021,E02003447,2021 super output areas - middle layer,152,Total: All usual residents,10714
3241,2021,E02003447,2021 super output areas - middle layer,152,British only identity,6358
3242,2021,E02003447,2021 super output areas - middle layer,152,English only identity,1419
3243,2021,E02003447,2021 super output areas - middle layer,152,English and British only identity,1416
3244,2021,E02003447,2021 super output areas - middle layer,152,Welsh only identity,51
3245,2021,E02003447,2021 super output areas - middle layer,152,Welsh and British only identity,19
3246,2021,E02003447,2021 super output areas - middle layer,152,Any other combination of only UK identities,110
3247,2021,E02003447,2021 super output areas - middle layer,152,Scottish only identity,60
3248,2021,E02003447,2021 super output areas - middle layer,152,Scottish and British only identity,21
3249,2021,E02003447,2021 super output areas - middle layer,152,Northern Irish only identity,8
3250,2021,E02003447,2021 super output areas - middle layer,152,Northern Irish and British only identity,4
3251,2021,E02003447,2021 super output areas - middle layer,152,Cornish only identity,1
3252,2021,E02003447,2021 super output areas - middle layer,152,Cornish and British only identity,0
3253,2021,E02003447,2021 super output areas - middle layer,152,Any other combination of only UK identities ,16
3254,2021,E02003447,2021 super output areas - middle layer,152,Irish only identity,65
3255,2021,E02003447,2021 super output areas - middle layer,152,Irish and at least one UK identity,9
3256,2021,E02003447,2021 super output areas - middle layer,152,Other identity only,911
3257,2021,E02003447,2021 super output areas - middle layer,152,Other identity and at least one UK identity,356
3258,2021,E02003447,2021 super output areas - middle layer,152,Non-UK identity only,976
3259,2021,E02003447,2021 super output areas - middle layer,152,UK identity and non-UK identity,365
3260,2021,E02003448,2021 super output areas - middle layer,152,Total: All usual residents,8120
3261,2021,E02003448,2021 super output areas - middle layer,152,British only identity,4795
3262,2021,E02003448,2021 super output areas - middle layer,152,English only identity,1170
3263,2021,E02003448,2021 super output areas - middle layer,152,English and British only identity,1147
3264,2021,E02003448,2021 super output areas - middle layer,152,Welsh only identity,43
3265,2021,E02003448,2021 super output areas - middle layer,152,Welsh and British only identity,33
3266,2021,E02003448,2021 super output areas - middle layer,152,Any other combination of only UK identities,114
3267,2021,E02003448,2021 super output areas - middle layer,152,Scottish only identity,48
3268,2021,E02003448,2021 super output areas - middle layer,152,Scottish and British only identity,27
3269,2021,E02003448,2021 super output areas - middle layer,152,Northern Irish only identity,5
3270,2021,E02003448,2021 super output areas - middle layer,152,Northern Irish and British only identity,5
3271,2021,E02003448,2021 super output areas - middle layer,152,Cornish only identity,4
3272,2021,E02003448,2021 super output areas - middle layer,152,Cornish and British only identity,0
3273,2021,E02003448,2021 super output areas - middle layer,152,Any other combination of only UK identities ,25
3274,2021,E02003448,2021 super output areas - middle layer,152,Irish only identity,41
3275,2021,E02003448,2021 super output areas - middle layer,152,Irish and at least one UK identity,7
3276,2021,E02003448,2021 super output areas - middle layer,152,Other identity only,552
3277,2021,E02003448,2021 super output areas - middle layer,152,Other identity and at least one UK identity,218
3278,2021,E02003448,2021 super output areas - middle layer,152,Non-UK identity only,593
3279,2021,E02003448,2021 super output areas - middle layer,152,UK identity and non-UK identity,225
3280,2021,E02003449,2021 super output areas - middle layer,152,Total: All usual residents,7487
3281,2021,E02003449,2021 super output areas - middle layer,152,British only identity,4330
3282,2021,E02003449,2021 super output areas - middle layer,152,English only identity,947
3283,2021,E02003449,2021 super output areas - middle layer,152,English and British only identity,949
3284,2021,E02003449,2021 super output areas - middle layer,152,Welsh only identity,23
3285,2021,E02003449,2021 super output areas - middle layer,152,Welsh and British only identity,15
3286,2021,E02003449,2021 super output areas - middle layer,152,Any other combination of only UK identities,57
3287,2021,E02003449,2021 super output areas - middle layer,152,Scottish only identity,25
3288,2021,E02003449,2021 super output areas - middle layer,152,Scottish and British only identity,13
3289,2021,E02003449,2021 super output areas - middle layer,152,Northern Irish only identity,9
3290,2021,E02003449,2021 super output areas - middle layer,152,Northern Irish and British only identity,3
3291,2021,E02003449,2021 super output areas - middle layer,152,Cornish only identity,2
3292,2021,E02003449,2021 super output areas - middle layer,152,Cornish and British only identity,0
3293,2021,E02003449,2021 super output areas - middle layer,152,Any other combination of only UK identities ,5
3294,2021,E02003449,2021 super output areas - middle layer,152,Irish only identity,32
3295,2021,E02003449,2021 super output areas - middle layer,152,Irish and at least one UK identity,4
3296,2021,E02003449,2021 super output areas - middle layer,152,Other identity only,845
3297,2021,E02003449,2021 super output areas - middle layer,152,Other identity and at least one UK identity,285
3298,2021,E02003449,2021 super output areas - middle layer,152,Non-UK identity only,877
3299,2021,E02003449,2021 super output areas - middle layer,152,UK identity and non-UK identity,289
3300,2021,E02003450,2021 super output areas - middle layer,152,Total: All usual residents,13192
3301,2021,E02003450,2021 super output areas - middle layer,152,British only identity,7564
3302,2021,E02003450,2021 super output areas - middle layer,152,English only identity,1605
3303,2021,E02003450,2021 super output areas - middle layer,152,English and British only identity,1668
3304,2021,E02003450,2021 super output areas - middle layer,152,Welsh only identity,31
3305,2021,E02003450,2021 super output areas - middle layer,152,Welsh and British only identity,29
3306,2021,E02003450,2021 super output areas - middle layer,152,Any other combination of only UK identities,114
3307,2021,E02003450,2021 super output areas - middle layer,152,Scottish only identity,44
3308,2021,E02003450,2021 super output areas - middle layer,152,Scottish and British only identity,29
3309,2021,E02003450,2021 super output areas - middle layer,152,Northern Irish only identity,14
3310,2021,E02003450,2021 super output areas - middle layer,152,Northern Irish and British only identity,6
3311,2021,E02003450,2021 super output areas - middle layer,152,Cornish only identity,1
3312,2021,E02003450,2021 super output areas - middle layer,152,Cornish and British only identity,0
3313,2021,E02003450,2021 super output areas - middle layer,152,Any other combination of only UK identities ,20
3314,2021,E02003450,2021 super output areas - middle layer,152,Irish only identity,51
3315,2021,E02003450,2021 super output areas - middle layer,152,Irish and at least one UK identity,16
3316,2021,E02003450,2021 super output areas - middle layer,152,Other identity only,1593
3317,2021,E02003450,2021 super output areas - middle layer,152,Other identity and at least one UK identity,521
3318,2021,E02003450,2021 super output areas - middle layer,152,Non-UK identity only,1644
3319,2021,E02003450,2021 super output areas - middle layer,152,UK identity and non-UK identity,537
3320,2021,E02003451,2021 super output areas - middle layer,152,Total: All usual residents,9719
3321,2021,E02003451,2021 super output areas - middle layer,152,British only identity,5388
3322,2021,E02003451,2021 super output areas - middle layer,152,English only identity,1492
3323,2021,E02003451,2021 super output areas - middle layer,152,English and British only identity,1370
3324,2021,E02003451,2021 super output areas - middle layer,152,Welsh only identity,39
3325,2021,E02003451,2021 super output areas - middle layer,152,Welsh and British only identity,32
3326,2021,E02003451,2021 super output areas - middle layer,152,Any other combination of only UK identities,123
3327,2021,E02003451,2021 super output areas - middle layer,152,Scottish only identity,62
3328,2021,E02003451,2021 super output areas - middle layer,152,Scottish and British only identity,26
3329,2021,E02003451,2021 super output areas - middle layer,152,Northern Irish only identity,8
3330,2021,E02003451,2021 super output areas - middle layer,152,Northern Irish and British only identity,4
3331,2021,E02003451,2021 super output areas - middle layer,152,Cornish only identity,0
3332,2021,E02003451,2021 super output areas - middle layer,152,Cornish and British only identity,0
3333,2021,E02003451,2021 super output areas - middle layer,152,Any other combination of only UK identities ,23
3334,2021,E02003451,2021 super output areas - middle layer,152,Irish only identity,58
3335,2021,E02003451,2021 super output areas - middle layer,152,Irish and at least one UK identity,15
3336,2021,E02003451,2021 super output areas - middle layer,152,Other identity only,950
3337,2021,E02003451,2021 super output areas - middle layer,152,Other identity and at least one UK identity,252
3338,2021,E02003451,2021 super output areas - middle layer,152,Non-UK identity only,1008
3339,2021,E02003451,2021 super output areas - middle layer,152,UK identity and non-UK identity,267
3340,2021,E02003452,2021 super output areas - middle layer,152,Total: All usual residents,9495
3341,2021,E02003452,2021 super output areas - middle layer,152,British only identity,5421
3342,2021,E02003452,2021 super output areas - middle layer,152,English only identity,1215
3343,2021,E02003452,2021 super output areas - middle layer,152,English and British only identity,1529
3344,2021,E02003452,2021 super output areas - middle layer,152,Welsh only identity,45
3345,2021,E02003452,2021 super output areas - middle layer,152,Welsh and British only identity,41
3346,2021,E02003452,2021 super output areas - middle layer,152,Any other combination of only UK identities,147
3347,2021,E02003452,2021 super output areas - middle layer,152,Scottish only identity,55
3348,2021,E02003452,2021 super output areas - middle layer,152,Scottish and British only identity,39
3349,2021,E02003452,2021 super output areas - middle layer,152,Northern Irish only identity,14
3350,2021,E02003452,2021 super output areas - middle layer,152,Northern Irish and British only identity,10
3351,2021,E02003452,2021 super output areas - middle layer,152,Cornish only identity,1
3352,2021,E02003452,2021 super output areas - middle layer,152,Cornish and British only identity,0
3353,2021,E02003452,2021 super output areas - middle layer,152,Any other combination of only UK identities ,28
3354,2021,E02003452,2021 super output areas - middle layer,152,Irish only identity,69
3355,2021,E02003452,2021 super output areas - middle layer,152,Irish and at least one UK identity,11
3356,2021,E02003452,2021 super output areas - middle layer,152,Other identity only,673
3357,2021,E02003452,2021 super output areas - middle layer,152,Other identity and at least one UK identity,344
3358,2021,E02003452,2021 super output areas - middle layer,152,Non-UK identity only,742
3359,2021,E02003452,2021 super output areas - middle layer,152,UK identity and non-UK identity,355
3360,2021,E02003453,2021 super output areas - middle layer,152,Total: All usual residents,6981
3361,2021,E02003453,2021 super output areas - middle layer,152,British only identity,4113
3362,2021,E02003453,2021 super output areas - middle layer,152,English only identity,981
3363,2021,E02003453,2021 super output areas - middle layer,152,English and British only identity,1100
3364,2021,E02003453,2021 super output areas - middle layer,152,Welsh only identity,36
3365,2021,E02003453,2021 super output areas - middle layer,152,Welsh and British only identity,26
3366,2021,E02003453,2021 super output areas - middle layer,152,Any other combination of only UK identities,121
3367,2021,E02003453,2021 super output areas - middle layer,152,Scottish only identity,42
3368,2021,E02003453,2021 super output areas - middle layer,152,Scottish and British only identity,32
3369,2021,E02003453,2021 super output areas - middle layer,152,Northern Irish only identity,7
3370,2021,E02003453,2021 super output areas - middle layer,152,Northern Irish and British only identity,12
3371,2021,E02003453,2021 super output areas - middle layer,152,Cornish only identity,1
3372,2021,E02003453,2021 super output areas - middle layer,152,Cornish and British only identity,1
3373,2021,E02003453,2021 super output areas - middle layer,152,Any other combination of only UK identities ,26
3374,2021,E02003453,2021 super output areas - middle layer,152,Irish only identity,25
3375,2021,E02003453,2021 super output areas - middle layer,152,Irish and at least one UK identity,16
3376,2021,E02003453,2021 super output areas - middle layer,152,Other identity only,372
3377,2021,E02003453,2021 super output areas - middle layer,152,Other identity and at least one UK identity,191
3378,2021,E02003453,2021 super output areas - middle layer,152,Non-UK identity only,397
3379,2021,E02003453,2021 super output areas - middle layer,152,UK identity and non-UK identity,207
3380,2021,E02003454,2021 super output areas - middle layer,152,Total: All usual residents,8749
3381,2021,E02003454,2021 super output areas - middle layer,152,British only identity,4961
3382,2021,E02003454,2021 super output areas - middle layer,152,English only identity,1263
3383,2021,E02003454,2021 super output areas - middle layer,152,English and British only identity,1285
3384,2021,E02003454,2021 super output areas - middle layer,152,Welsh only identity,62
3385,2021,E02003454,2021 super output areas - middle layer,152,Welsh and British only identity,40
3386,2021,E02003454,2021 super output areas - middle layer,152,Any other combination of only UK identities,165
3387,2021,E02003454,2021 super output areas - middle layer,152,Scottish only identity,64
3388,2021,E02003454,2021 super output areas - middle layer,152,Scottish and British only identity,46
3389,2021,E02003454,2021 super output areas - middle layer,152,Northern Irish only identity,18
3390,2021,E02003454,2021 super output areas - middle layer,152,Northern Irish and British only identity,8
3391,2021,E02003454,2021 super output areas - middle layer,152,Cornish only identity,2
3392,2021,E02003454,2021 super output areas - middle layer,152,Cornish and British only identity,0
3393,2021,E02003454,2021 super output areas - middle layer,152,Any other combination of only UK identities ,27
3394,2021,E02003454,2021 super output areas - middle layer,152,Irish only identity,54
3395,2021,E02003454,2021 super output areas - middle layer,152,Irish and at least one UK identity,16
3396,2021,E02003454,2021 super output areas - middle layer,152,Other identity only,626
3397,2021,E02003454,2021 super output areas - middle layer,152,Other identity and at least one UK identity,277
3398,2021,E02003454,2021 super output areas - middle layer,152,Non-UK identity only,680
3399,2021,E02003454,2021 super output areas - middle layer,152,UK identity and non-UK identity,293
3400,2021,E02003455,2021 super output areas - middle layer,152,Total: All usual residents,10646
3401,2021,E02003455,2021 super output areas - middle layer,152,British only identity,6249
3402,2021,E02003455,2021 super output areas - middle layer,152,English only identity,1509
3403,2021,E02003455,2021 super output areas - middle layer,152,English and British only identity,1582
3404,2021,E02003455,2021 super output areas - middle layer,152,Welsh only identity,52
3405,2021,E02003455,2021 super output areas - middle layer,152,Welsh and British only identity,34
3406,2021,E02003455,2021 super output areas - middle layer,152,Any other combination of only UK identities,108
3407,2021,E02003455,2021 super output areas - middle layer,152,Scottish only identity,34
3408,2021,E02003455,2021 super output areas - middle layer,152,Scottish and British only identity,22
3409,2021,E02003455,2021 super output areas - middle layer,152,Northern Irish only identity,10
3410,2021,E02003455,2021 super output areas - middle layer,152,Northern Irish and British only identity,7
3411,2021,E02003455,2021 super output areas - middle layer,152,Cornish only identity,1
3412,2021,E02003455,2021 super output areas - middle layer,152,Cornish and British only identity,0
3413,2021,E02003455,2021 super output areas - middle layer,152,Any other combination of only UK identities ,34
3414,2021,E02003455,2021 super output areas - middle layer,152,Irish only identity,58
3415,2021,E02003455,2021 super output areas - middle layer,152,Irish and at least one UK identity,6
3416,2021,E02003455,2021 super output areas - middle layer,152,Other identity only,742
3417,2021,E02003455,2021 super output areas - middle layer,152,Other identity and at least one UK identity,306
3418,2021,E02003455,2021 super output areas - middle layer,152,Non-UK identity only,800
3419,2021,E02003455,2021 super output areas - middle layer,152,UK identity and non-UK identity,312
3420,2021,E02003456,2021 super output areas - middle layer,152,Total: All usual residents,8270
3421,2021,E02003456,2021 super output areas - middle layer,152,British only identity,4829
3422,2021,E02003456,2021 super output areas - middle layer,152,English only identity,1180
3423,2021,E02003456,2021 super output areas - middle layer,152,English and British only identity,1163
3424,2021,E02003456,2021 super output areas - middle layer,152,Welsh only identity,38
3425,2021,E02003456,2021 super output areas - middle layer,152,Welsh and British only identity,29
3426,2021,E02003456,2021 super output areas - middle layer,152,Any other combination of only UK identities,103
3427,2021,E02003456,2021 super output areas - middle layer,152,Scottish only identity,29
3428,2021,E02003456,2021 super output areas - middle layer,152,Scottish and British only identity,24
3429,2021,E02003456,2021 super output areas - middle layer,152,Northern Irish only identity,9
3430,2021,E02003456,2021 super output areas - middle layer,152,Northern Irish and British only identity,11
3431,2021,E02003456,2021 super output areas - middle layer,152,Cornish only identity,2
3432,2021,E02003456,2021 super output areas - middle layer,152,Cornish and British only identity,0
3433,2021,E02003456,2021 super output areas - middle layer,152,Any other combination of only UK identities ,28
3434,2021,E02003456,2021 super output areas - middle layer,152,Irish only identity,56
3435,2021,E02003456,2021 super output areas - middle layer,152,Irish and at least one UK identity,11
3436,2021,E02003456,2021 super output areas - middle layer,152,Other identity only,632
3437,2021,E02003456,2021 super output areas - middle layer,152,Other identity and at least one UK identity,229
3438,2021,E02003456,2021 super output areas - middle layer,152,Non-UK identity only,688
3439,2021,E02003456,2021 super output areas - middle layer,152,UK identity and non-UK identity,240
3440,2021,E02003457,2021 super output areas - middle layer,152,Total: All usual residents,9801
3441,2021,E02003457,2021 super output areas - middle layer,152,British only identity,5823
3442,2021,E02003457,2021 super output areas - middle layer,152,English only identity,1517
3443,2021,E02003457,2021 super output areas - middle layer,152,English and British only identity,1441
3444,2021,E02003457,2021 super output areas - middle layer,152,Welsh only identity,57
3445,2021,E02003457,2021 super output areas - middle layer,152,Welsh and British only identity,37
3446,2021,E02003457,2021 super output areas - middle layer,152,Any other combination of only UK identities,169
3447,2021,E02003457,2021 super output areas - middle layer,152,Scottish only identity,72
3448,2021,E02003457,2021 super output areas - middle layer,152,Scottish and British only identity,54
3449,2021,E02003457,2021 super output areas - middle layer,152,Northern Irish only identity,16
3450,2021,E02003457,2021 super output areas - middle layer,152,Northern Irish and British only identity,6
3451,2021,E02003457,2021 super output areas - middle layer,152,Cornish only identity,1
3452,2021,E02003457,2021 super output areas - middle layer,152,Cornish and British only identity,0
3453,2021,E02003457,2021 super output areas - middle layer,152,Any other combination of only UK identities ,20
3454,2021,E02003457,2021 super output areas - middle layer,152,Irish only identity,56
3455,2021,E02003457,2021 super output areas - middle layer,152,Irish and at least one UK identity,15
3456,2021,E02003457,2021 super output areas - middle layer,152,Other identity only,465
3457,2021,E02003457,2021 super output areas - middle layer,152,Other identity and at least one UK identity,221
3458,2021,E02003457,2021 super output areas - middle layer,152,Non-UK identity only,521
3459,2021,E02003457,2021 super output areas - middle layer,152,UK identity and non-UK identity,236
3460,2021,E02003458,2021 super output areas - middle layer,152,Total: All usual residents,8426
3461,2021,E02003458,2021 super output areas - middle layer,152,British only identity,4875
3462,2021,E02003458,2021 super output areas - middle layer,152,English only identity,1317
3463,2021,E02003458,2021 super output areas - middle layer,152,English and British only identity,1311
3464,2021,E02003458,2021 super output areas - middle layer,152,Welsh only identity,36
3465,2021,E02003458,2021 super output areas - middle layer,152,Welsh and British only identity,29
3466,2021,E02003458,2021 super output areas - middle layer,152,Any other combination of only UK identities,120
3467,2021,E02003458,2021 super output areas - middle layer,152,Scottish only identity,52
3468,2021,E02003458,2021 super output areas - middle layer,152,Scottish and British only identity,26
3469,2021,E02003458,2021 super output areas - middle layer,152,Northern Irish only identity,15
3470,2021,E02003458,2021 super output areas - middle layer,152,Northern Irish and British only identity,8
3471,2021,E02003458,2021 super output areas - middle layer,152,Cornish only identity,3
3472,2021,E02003458,2021 super output areas - middle layer,152,Cornish and British only identity,0
3473,2021,E02003458,2021 super output areas - middle layer,152,Any other combination of only UK identities ,16
3474,2021,E02003458,2021 super output areas - middle layer,152,Irish only identity,51
3475,2021,E02003458,2021 super output areas - middle layer,152,Irish and at least one UK identity,11
3476,2021,E02003458,2021 super output areas - middle layer,152,Other identity only,501
3477,2021,E02003458,2021 super output areas - middle layer,152,Other identity and at least one UK identity,175
3478,2021,E02003458,2021 super output areas - middle layer,152,Non-UK identity only,552
3479,2021,E02003458,2021 super output areas - middle layer,152,UK identity and non-UK identity,186
3480,2021,E02003459,2021 super output areas - middle layer,152,Total: All usual residents,9007
3481,2021,E02003459,2021 super output areas - middle layer,152,British only identity,5231
3482,2021,E02003459,2021 super output areas - middle layer,152,English only identity,1708
3483,2021,E02003459,2021 super output areas - middle layer,152,English and British only identity,1346
3484,2021,E02003459,2021 super output areas - middle layer,152,Welsh only identity,33
3485,2021,E02003459,2021 super output areas - middle layer,152,Welsh and British only identity,30
3486,2021,E02003459,2021 super output areas - middle layer,152,Any other combination of only UK identities,150
3487,2021,E02003459,2021 super output areas - middle layer,152,Scottish only identity,47
3488,2021,E02003459,2021 super output areas - middle layer,152,Scottish and British only identity,54
3489,2021,E02003459,2021 super output areas - middle layer,152,Northern Irish only identity,25
3490,2021,E02003459,2021 super output areas - middle layer,152,Northern Irish and British only identity,6
3491,2021,E02003459,2021 super output areas - middle layer,152,Cornish only identity,4
3492,2021,E02003459,2021 super output areas - middle layer,152,Cornish and British only identity,0
3493,2021,E02003459,2021 super output areas - middle layer,152,Any other combination of only UK identities ,14
3494,2021,E02003459,2021 super output areas - middle layer,152,Irish only identity,76
3495,2021,E02003459,2021 super output areas - middle layer,152,Irish and at least one UK identity,9
3496,2021,E02003459,2021 super output areas - middle layer,152,Other identity only,292
3497,2021,E02003459,2021 super output areas - middle layer,152,Other identity and at least one UK identity,132
3498,2021,E02003459,2021 super output areas - middle layer,152,Non-UK identity only,368
3499,2021,E02003459,2021 super output areas - middle layer,152,UK identity and non-UK identity,141
3500,2021,E02003460,2021 super output areas - middle layer,152,Total: All usual residents,11674
3501,2021,E02003460,2021 super output areas - middle layer,152,British only identity,6700
3502,2021,E02003460,2021 super output areas - middle layer,152,English only identity,2130
3503,2021,E02003460,2021 super output areas - middle layer,152,English and British only identity,1767
3504,2021,E02003460,2021 super output areas - middle layer,152,Welsh only identity,54
3505,2021,E02003460,2021 super output areas - middle layer,152,Welsh and British only identity,18
3506,2021,E02003460,2021 super output areas - middle layer,152,Any other combination of only UK identities,180
3507,2021,E02003460,2021 super output areas - middle layer,152,Scottish only identity,85
3508,2021,E02003460,2021 super output areas - middle layer,152,Scottish and British only identity,34
3509,2021,E02003460,2021 super output areas - middle layer,152,Northern Irish only identity,30
3510,2021,E02003460,2021 super output areas - middle layer,152,Northern Irish and British only identity,8
3511,2021,E02003460,2021 super output areas - middle layer,152,Cornish only identity,3
3512,2021,E02003460,2021 super output areas - middle layer,152,Cornish and British only identity,0
3513,2021,E02003460,2021 super output areas - middle layer,152,Any other combination of only UK identities ,20
3514,2021,E02003460,2021 super output areas - middle layer,152,Irish only identity,67
3515,2021,E02003460,2021 super output areas - middle layer,152,Irish and at least one UK identity,11
3516,2021,E02003460,2021 super output areas - middle layer,152,Other identity only,540
3517,2021,E02003460,2021 super output areas - middle layer,152,Other identity and at least one UK identity,207
3518,2021,E02003460,2021 super output areas - middle layer,152,Non-UK identity only,607
3519,2021,E02003460,2021 super output areas - middle layer,152,UK identity and non-UK identity,218
3520,2021,E02003461,2021 super output areas - middle layer,152,Total: All usual residents,7475
3521,2021,E02003461,2021 super output areas - middle layer,152,British only identity,4021
3522,2021,E02003461,2021 super output areas - middle layer,152,English only identity,1610
3523,2021,E02003461,2021 super output areas - middle layer,152,English and British only identity,1333
3524,2021,E02003461,2021 super output areas - middle layer,152,Welsh only identity,26
3525,2021,E02003461,2021 super output areas - middle layer,152,Welsh and British only identity,10
3526,2021,E02003461,2021 super output areas - middle layer,152,Any other combination of only UK identities,93
3527,2021,E02003461,2021 super output areas - middle layer,152,Scottish only identity,59
3528,2021,E02003461,2021 super output areas - middle layer,152,Scottish and British only identity,15
3529,2021,E02003461,2021 super output areas - middle layer,152,Northern Irish only identity,8
3530,2021,E02003461,2021 super output areas - middle layer,152,Northern Irish and British only identity,4
3531,2021,E02003461,2021 super output areas - middle layer,152,Cornish only identity,0
3532,2021,E02003461,2021 super output areas - middle layer,152,Cornish and British only identity,1
3533,2021,E02003461,2021 super output areas - middle layer,152,Any other combination of only UK identities ,6
3534,2021,E02003461,2021 super output areas - middle layer,152,Irish only identity,39
3535,2021,E02003461,2021 super output areas - middle layer,152,Irish and at least one UK identity,5
3536,2021,E02003461,2021 super output areas - middle layer,152,Other identity only,285
3537,2021,E02003461,2021 super output areas - middle layer,152,Other identity and at least one UK identity,53
3538,2021,E02003461,2021 super output areas - middle layer,152,Non-UK identity only,324
3539,2021,E02003461,2021 super output areas - middle layer,152,UK identity and non-UK identity,58
3540,2021,E02003462,2021 super output areas - middle layer,152,Total: All usual residents,8109
3541,2021,E02003462,2021 super output areas - middle layer,152,British only identity,4627
3542,2021,E02003462,2021 super output areas - middle layer,152,English only identity,1518
3543,2021,E02003462,2021 super output areas - middle layer,152,English and British only identity,1151
3544,2021,E02003462,2021 super output areas - middle layer,152,Welsh only identity,27
3545,2021,E02003462,2021 super output areas - middle layer,152,Welsh and British only identity,17
3546,2021,E02003462,2021 super output areas - middle layer,152,Any other combination of only UK identities,110
3547,2021,E02003462,2021 super output areas - middle layer,152,Scottish only identity,46
3548,2021,E02003462,2021 super output areas - middle layer,152,Scottish and British only identity,28
3549,2021,E02003462,2021 super output areas - middle layer,152,Northern Irish only identity,11
3550,2021,E02003462,2021 super output areas - middle layer,152,Northern Irish and British only identity,4
3551,2021,E02003462,2021 super output areas - middle layer,152,Cornish only identity,1
3552,2021,E02003462,2021 super output areas - middle layer,152,Cornish and British only identity,0
3553,2021,E02003462,2021 super output areas - middle layer,152,Any other combination of only UK identities ,20
3554,2021,E02003462,2021 super output areas - middle layer,152,Irish only identity,27
3555,2021,E02003462,2021 super output areas - middle layer,152,Irish and at least one UK identity,7
3556,2021,E02003462,2021 super output areas - middle layer,152,Other identity only,503
3557,2021,E02003462,2021 super output areas - middle layer,152,Other identity and at least one UK identity,122
3558,2021,E02003462,2021 super output areas - middle layer,152,Non-UK identity only,530
3559,2021,E02003462,2021 super output areas - middle layer,152,UK identity and non-UK identity,129
3560,2021,E02003463,2021 super output areas - middle layer,152,Total: All usual residents,6812
3561,2021,E02003463,2021 super output areas - middle layer,152,British only identity,3690
3562,2021,E02003463,2021 super output areas - middle layer,152,English only identity,1103
3563,2021,E02003463,2021 super output areas - middle layer,152,English and British only identity,868
3564,2021,E02003463,2021 super output areas - middle layer,152,Welsh only identity,31
3565,2021,E02003463,2021 super output areas - middle layer,152,Welsh and British only identity,12
3566,2021,E02003463,2021 super output areas - middle layer,152,Any other combination of only UK identities,109
3567,2021,E02003463,2021 super output areas - middle layer,152,Scottish only identity,54
3568,2021,E02003463,2021 super output areas - middle layer,152,Scottish and British only identity,27
3569,2021,E02003463,2021 super output areas - middle layer,152,Northern Irish only identity,13
3570,2021,E02003463,2021 super output areas - middle layer,152,Northern Irish and British only identity,7
3571,2021,E02003463,2021 super output areas - middle layer,152,Cornish only identity,0
3572,2021,E02003463,2021 super output areas - middle layer,152,Cornish and British only identity,0
3573,2021,E02003463,2021 super output areas - middle layer,152,Any other combination of only UK identities ,8
3574,2021,E02003463,2021 super output areas - middle layer,152,Irish only identity,68
3575,2021,E02003463,2021 super output areas - middle layer,152,Irish and at least one UK identity,7
3576,2021,E02003463,2021 super output areas - middle layer,152,Other identity only,758
3577,2021,E02003463,2021 super output areas - middle layer,152,Other identity and at least one UK identity,166
3578,2021,E02003463,2021 super output areas - middle layer,152,Non-UK identity only,826
3579,2021,E02003463,2021 super output areas - middle layer,152,UK identity and non-UK identity,173
3580,2021,E02003464,2021 super output areas - middle layer,152,Total: All usual residents,7066
3581,2021,E02003464,2021 super output areas - middle layer,152,British only identity,3789
3582,2021,E02003464,2021 super output areas - middle layer,152,English only identity,1179
3583,2021,E02003464,2021 super output areas - middle layer,152,English and British only identity,817
3584,2021,E02003464,2021 super output areas - middle layer,152,Welsh only identity,17
3585,2021,E02003464,2021 super output areas - middle layer,152,Welsh and British only identity,5
3586,2021,E02003464,2021 super output areas - middle layer,152,Any other combination of only UK identities,89
3587,2021,E02003464,2021 super output areas - middle layer,152,Scottish only identity,47
3588,2021,E02003464,2021 super output areas - middle layer,152,Scottish and British only identity,20
3589,2021,E02003464,2021 super output areas - middle layer,152,Northern Irish only identity,7
3590,2021,E02003464,2021 super output areas - middle layer,152,Northern Irish and British only identity,1
3591,2021,E02003464,2021 super output areas - middle layer,152,Cornish only identity,0
3592,2021,E02003464,2021 super output areas - middle layer,152,Cornish and British only identity,0
3593,2021,E02003464,2021 super output areas - middle layer,152,Any other combination of only UK identities ,14
3594,2021,E02003464,2021 super output areas - middle layer,152,Irish only identity,42
3595,2021,E02003464,2021 super output areas - middle layer,152,Irish and at least one UK identity,7
3596,2021,E02003464,2021 super output areas - middle layer,152,Other identity only,934
3597,2021,E02003464,2021 super output areas - middle layer,152,Other identity and at least one UK identity,187
3598,2021,E02003464,2021 super output areas - middle layer,152,Non-UK identity only,976
3599,2021,E02003464,2021 super output areas - middle layer,152,UK identity and non-UK identity,194
3600,2021,E02003465,2021 super output areas - middle layer,152,Total: All usual residents,6071
3601,2021,E02003465,2021 super output areas - middle layer,152,British only identity,3350
3602,2021,E02003465,2021 super output areas - middle layer,152,English only identity,973
3603,2021,E02003465,2021 super output areas - middle layer,152,English and British only identity,717
3604,2021,E02003465,2021 super output areas - middle layer,152,Welsh only identity,22
3605,2021,E02003465,2021 super output areas - middle layer,152,Welsh and British only identity,9
3606,2021,E02003465,2021 super output areas - middle layer,152,Any other combination of only UK identities,111
3607,2021,E02003465,2021 super output areas - middle layer,152,Scottish only identity,53
3608,2021,E02003465,2021 super output areas - middle layer,152,Scottish and British only identity,20
3609,2021,E02003465,2021 super output areas - middle layer,152,Northern Irish only identity,9
3610,2021,E02003465,2021 super output areas - middle layer,152,Northern Irish and British only identity,6
3611,2021,E02003465,2021 super output areas - middle layer,152,Cornish only identity,0
3612,2021,E02003465,2021 super output areas - middle layer,152,Cornish and British only identity,1
3613,2021,E02003465,2021 super output areas - middle layer,152,Any other combination of only UK identities ,22
3614,2021,E02003465,2021 super output areas - middle layer,152,Irish only identity,45
3615,2021,E02003465,2021 super output areas - middle layer,152,Irish and at least one UK identity,6
3616,2021,E02003465,2021 super output areas - middle layer,152,Other identity only,662
3617,2021,E02003465,2021 super output areas - middle layer,152,Other identity and at least one UK identity,176
3618,2021,E02003465,2021 super output areas - middle layer,152,Non-UK identity only,707
3619,2021,E02003465,2021 super output areas - middle layer,152,UK identity and non-UK identity,182
3620,2021,E02003466,2021 super output areas - middle layer,152,Total: All usual residents,7787
3621,2021,E02003466,2021 super output areas - middle layer,152,British only identity,4499
3622,2021,E02003466,2021 super output areas - middle layer,152,English only identity,1049
3623,2021,E02003466,2021 super output areas - middle layer,152,English and British only identity,905
3624,2021,E02003466,2021 super output areas - middle layer,152,Welsh only identity,31
3625,2021,E02003466,2021 super output areas - middle layer,152,Welsh and British only identity,10
3626,2021,E02003466,2021 super output areas - middle layer,152,Any other combination of only UK identities,92
3627,2021,E02003466,2021 super output areas - middle layer,152,Scottish only identity,52
3628,2021,E02003466,2021 super output areas - middle layer,152,Scottish and British only identity,12
3629,2021,E02003466,2021 super output areas - middle layer,152,Northern Irish only identity,12
3630,2021,E02003466,2021 super output areas - middle layer,152,Northern Irish and British only identity,2
3631,2021,E02003466,2021 super output areas - middle layer,152,Cornish only identity,0
3632,2021,E02003466,2021 super output areas - middle layer,152,Cornish and British only identity,0
3633,2021,E02003466,2021 super output areas - middle layer,152,Any other combination of only UK identities ,14
3634,2021,E02003466,2021 super output areas - middle layer,152,Irish only identity,29
3635,2021,E02003466,2021 super output areas - middle layer,152,Irish and at least one UK identity,10
3636,2021,E02003466,2021 super output areas - middle layer,152,Other identity only,972
3637,2021,E02003466,2021 super output areas - middle layer,152,Other identity and at least one UK identity,190
3638,2021,E02003466,2021 super output areas - middle layer,152,Non-UK identity only,1001
3639,2021,E02003466,2021 super output areas - middle layer,152,UK identity and non-UK identity,200
3640,2021,E02003467,2021 super output areas - middle layer,152,Total: All usual residents,6588
3641,2021,E02003467,2021 super output areas - middle layer,152,British only identity,3428
3642,2021,E02003467,2021 super output areas - middle layer,152,English only identity,861
3643,2021,E02003467,2021 super output areas - middle layer,152,English and British only identity,649
3644,2021,E02003467,2021 super output areas - middle layer,152,Welsh only identity,15
3645,2021,E02003467,2021 super output areas - middle layer,152,Welsh and British only identity,3
3646,2021,E02003467,2021 super output areas - middle layer,152,Any other combination of only UK identities,72
3647,2021,E02003467,2021 super output areas - middle layer,152,Scottish only identity,39
3648,2021,E02003467,2021 super output areas - middle layer,152,Scottish and British only identity,12
3649,2021,E02003467,2021 super output areas - middle layer,152,Northern Irish only identity,10
3650,2021,E02003467,2021 super output areas - middle layer,152,Northern Irish and British only identity,7
3651,2021,E02003467,2021 super output areas - middle layer,152,Cornish only identity,3
3652,2021,E02003467,2021 super output areas - middle layer,152,Cornish and British only identity,0
3653,2021,E02003467,2021 super output areas - middle layer,152,Any other combination of only UK identities ,1
3654,2021,E02003467,2021 super output areas - middle layer,152,Irish only identity,49
3655,2021,E02003467,2021 super output areas - middle layer,152,Irish and at least one UK identity,2
3656,2021,E02003467,2021 super output areas - middle layer,152,Other identity only,1344
3657,2021,E02003467,2021 super output areas - middle layer,152,Other identity and at least one UK identity,165
3658,2021,E02003467,2021 super output areas - middle layer,152,Non-UK identity only,1393
3659,2021,E02003467,2021 super output areas - middle layer,152,UK identity and non-UK identity,167
3660,2021,E02003468,2021 super output areas - middle layer,152,Total: All usual residents,8619
3661,2021,E02003468,2021 super output areas - middle layer,152,British only identity,4949
3662,2021,E02003468,2021 super output areas - middle layer,152,English only identity,1471
3663,2021,E02003468,2021 super output areas - middle layer,152,English and British only identity,1087
3664,2021,E02003468,2021 super output areas - middle layer,152,Welsh only identity,24
3665,2021,E02003468,2021 super output areas - middle layer,152,Welsh and British only identity,6
3666,2021,E02003468,2021 super output areas - middle layer,152,Any other combination of only UK identities,110
3667,2021,E02003468,2021 super output areas - middle layer,152,Scottish only identity,58
3668,2021,E02003468,2021 super output areas - middle layer,152,Scottish and British only identity,22
3669,2021,E02003468,2021 super output areas - middle layer,152,Northern Irish only identity,8
3670,2021,E02003468,2021 super output areas - middle layer,152,Northern Irish and British only identity,5
3671,2021,E02003468,2021 super output areas - middle layer,152,Cornish only identity,1
3672,2021,E02003468,2021 super output areas - middle layer,152,Cornish and British only identity,1
3673,2021,E02003468,2021 super output areas - middle layer,152,Any other combination of only UK identities ,15
3674,2021,E02003468,2021 super output areas - middle layer,152,Irish only identity,54
3675,2021,E02003468,2021 super output areas - middle layer,152,Irish and at least one UK identity,12
3676,2021,E02003468,2021 super output areas - middle layer,152,Other identity only,757
3677,2021,E02003468,2021 super output areas - middle layer,152,Other identity and at least one UK identity,149
3678,2021,E02003468,2021 super output areas - middle layer,152,Non-UK identity only,811
3679,2021,E02003468,2021 super output areas - middle layer,152,UK identity and non-UK identity,161
3680,2021,E02003469,2021 super output areas - middle layer,152,Total: All usual residents,5728
3681,2021,E02003469,2021 super output areas - middle layer,152,British only identity,3081
3682,2021,E02003469,2021 super output areas - middle layer,152,English only identity,993
3683,2021,E02003469,2021 super output areas - middle layer,152,English and British only identity,757
3684,2021,E02003469,2021 super output areas - middle layer,152,Welsh only identity,20
3685,2021,E02003469,2021 super output areas - middle layer,152,Welsh and British only identity,9
3686,2021,E02003469,2021 super output areas - middle layer,152,Any other combination of only UK identities,100
3687,2021,E02003469,2021 super output areas - middle layer,152,Scottish only identity,47
3688,2021,E02003469,2021 super output areas - middle layer,152,Scottish and British only identity,25
3689,2021,E02003469,2021 super output areas - middle layer,152,Northern Irish only identity,15
3690,2021,E02003469,2021 super output areas - middle layer,152,Northern Irish and British only identity,5
3691,2021,E02003469,2021 super output areas - middle layer,152,Cornish only identity,0
3692,2021,E02003469,2021 super output areas - middle layer,152,Cornish and British only identity,0
3693,2021,E02003469,2021 super output areas - middle layer,152,Any other combination of only UK identities ,8
3694,2021,E02003469,2021 super output areas - middle layer,152,Irish only identity,29
3695,2021,E02003469,2021 super output areas - middle layer,152,Irish and at least one UK identity,7
3696,2021,E02003469,2021 super output areas - middle layer,152,Other identity only,609
3697,2021,E02003469,2021 super output areas - middle layer,152,Other identity and at least one UK identity,123
3698,2021,E02003469,2021 super output areas - middle layer,152,Non-UK identity only,638
3699,2021,E02003469,2021 super output areas - middle layer,152,UK identity and non-UK identity,130
3700,2021,E02003470,2021 super output areas - middle layer,152,Total: All usual residents,6193
3701,2021,E02003470,2021 super output areas - middle layer,152,British only identity,3469
3702,2021,E02003470,2021 super output areas - middle layer,152,English only identity,879
3703,2021,E02003470,2021 super output areas - middle layer,152,English and British only identity,727
3704,2021,E02003470,2021 super output areas - middle layer,152,Welsh only identity,11
3705,2021,E02003470,2021 super output areas - middle layer,152,Welsh and British only identity,7
3706,2021,E02003470,2021 super output areas - middle layer,152,Any other combination of only UK identities,74
3707,2021,E02003470,2021 super output areas - middle layer,152,Scottish only identity,43
3708,2021,E02003470,2021 super output areas - middle layer,152,Scottish and British only identity,10
3709,2021,E02003470,2021 super output areas - middle layer,152,Northern Irish only identity,15
3710,2021,E02003470,2021 super output areas - middle layer,152,Northern Irish and British only identity,1
3711,2021,E02003470,2021 super output areas - middle layer,152,Cornish only identity,0
3712,2021,E02003470,2021 super output areas - middle layer,152,Cornish and British only identity,0
3713,2021,E02003470,2021 super output areas - middle layer,152,Any other combination of only UK identities ,5
3714,2021,E02003470,2021 super output areas - middle layer,152,Irish only identity,59
3715,2021,E02003470,2021 super output areas - middle layer,152,Irish and at least one UK identity,3
3716,2021,E02003470,2021 super output areas - middle layer,152,Other identity only,862
3717,2021,E02003470,2021 super output areas - middle layer,152,Other identity and at least one UK identity,102
3718,2021,E02003470,2021 super output areas - middle layer,152,Non-UK identity only,921
3719,2021,E02003470,2021 super output areas - middle layer,152,UK identity and non-UK identity,105
3720,2021,E02003471,2021 super output areas - middle layer,152,Total: All usual residents,6626
3721,2021,E02003471,2021 super output areas - middle layer,152,British only identity,3461
3722,2021,E02003471,2021 super output areas - middle layer,152,English only identity,843
3723,2021,E02003471,2021 super output areas - middle layer,152,English and British only identity,699
3724,2021,E02003471,2021 super output areas - middle layer,152,Welsh only identity,14
3725,2021,E02003471,2021 super output areas - middle layer,152,Welsh and British only identity,11
3726,2021,E02003471,2021 super output areas - middle layer,152,Any other combination of only UK identities,78
3727,2021,E02003471,2021 super output areas - middle layer,152,Scottish only identity,45
3728,2021,E02003471,2021 super output areas - middle layer,152,Scottish and British only identity,12
3729,2021,E02003471,2021 super output areas - middle layer,152,Northern Irish only identity,7
3730,2021,E02003471,2021 super output areas - middle layer,152,Northern Irish and British only identity,2
3731,2021,E02003471,2021 super output areas - middle layer,152,Cornish only identity,0
3732,2021,E02003471,2021 super output areas - middle layer,152,Cornish and British only identity,0
3733,2021,E02003471,2021 super output areas - middle layer,152,Any other combination of only UK identities ,12
3734,2021,E02003471,2021 super output areas - middle layer,152,Irish only identity,47
3735,2021,E02003471,2021 super output areas - middle layer,152,Irish and at least one UK identity,7
3736,2021,E02003471,2021 super output areas - middle layer,152,Other identity only,1247
3737,2021,E02003471,2021 super output areas - middle layer,152,Other identity and at least one UK identity,219
3738,2021,E02003471,2021 super output areas - middle layer,152,Non-UK identity only,1294
3739,2021,E02003471,2021 super output areas - middle layer,152,UK identity and non-UK identity,226
3740,2021,E02003472,2021 super output areas - middle layer,152,Total: All usual residents,10199
3741,2021,E02003472,2021 super output areas - middle layer,152,British only identity,4381
3742,2021,E02003472,2021 super output areas - middle layer,152,English only identity,867
3743,2021,E02003472,2021 super output areas - middle layer,152,English and British only identity,797
3744,2021,E02003472,2021 super output areas - middle layer,152,Welsh only identity,15
3745,2021,E02003472,2021 super output areas - middle layer,152,Welsh and British only identity,7
3746,2021,E02003472,2021 super output areas - middle layer,152,Any other combination of only UK identities,93
3747,2021,E02003472,2021 super output areas - middle layer,152,Scottish only identity,42
3748,2021,E02003472,2021 super output areas - middle layer,152,Scottish and British only identity,14
3749,2021,E02003472,2021 super output areas - middle layer,152,Northern Irish only identity,15
3750,2021,E02003472,2021 super output areas - middle layer,152,Northern Irish and British only identity,3
3751,2021,E02003472,2021 super output areas - middle layer,152,Cornish only identity,0
3752,2021,E02003472,2021 super output areas - middle layer,152,Cornish and British only identity,0
3753,2021,E02003472,2021 super output areas - middle layer,152,Any other combination of only UK identities ,19
3754,2021,E02003472,2021 super output areas - middle layer,152,Irish only identity,63
3755,2021,E02003472,2021 super output areas - middle layer,152,Irish and at least one UK identity,2
3756,2021,E02003472,2021 super output areas - middle layer,152,Other identity only,3604
3757,2021,E02003472,2021 super output areas - middle layer,152,Other identity and at least one UK identity,370
3758,2021,E02003472,2021 super output areas - middle layer,152,Non-UK identity only,3667
3759,2021,E02003472,2021 super output areas - middle layer,152,UK identity and non-UK identity,372
3760,2021,E02003473,2021 super output areas - middle layer,152,Total: All usual residents,5606
3761,2021,E02003473,2021 super output areas - middle layer,152,British only identity,3130
3762,2021,E02003473,2021 super output areas - middle layer,152,English only identity,758
3763,2021,E02003473,2021 super output areas - middle layer,152,English and British only identity,625
3764,2021,E02003473,2021 super output areas - middle layer,152,Welsh only identity,12
3765,2021,E02003473,2021 super output areas - middle layer,152,Welsh and British only identity,7
3766,2021,E02003473,2021 super output areas - middle layer,152,Any other combination of only UK identities,55
3767,2021,E02003473,2021 super output areas - middle layer,152,Scottish only identity,27
3768,2021,E02003473,2021 super output areas - middle layer,152,Scottish and British only identity,6
3769,2021,E02003473,2021 super output areas - middle layer,152,Northern Irish only identity,5
3770,2021,E02003473,2021 super output areas - middle layer,152,Northern Irish and British only identity,3
3771,2021,E02003473,2021 super output areas - middle layer,152,Cornish only identity,0
3772,2021,E02003473,2021 super output areas - middle layer,152,Cornish and British only identity,0
3773,2021,E02003473,2021 super output areas - middle layer,152,Any other combination of only UK identities ,14
3774,2021,E02003473,2021 super output areas - middle layer,152,Irish only identity,29
3775,2021,E02003473,2021 super output areas - middle layer,152,Irish and at least one UK identity,7
3776,2021,E02003473,2021 super output areas - middle layer,152,Other identity only,795
3777,2021,E02003473,2021 super output areas - middle layer,152,Other identity and at least one UK identity,188
3778,2021,E02003473,2021 super output areas - middle layer,152,Non-UK identity only,824
3779,2021,E02003473,2021 super output areas - middle layer,152,UK identity and non-UK identity,195
3780,2021,E02003474,2021 super output areas - middle layer,152,Total: All usual residents,9013
3781,2021,E02003474,2021 super output areas - middle layer,152,British only identity,4939
3782,2021,E02003474,2021 super output areas - middle layer,152,English only identity,1096
3783,2021,E02003474,2021 super output areas - middle layer,152,English and British only identity,1001
3784,2021,E02003474,2021 super output areas - middle layer,152,Welsh only identity,32
3785,2021,E02003474,2021 super output areas - middle layer,152,Welsh and British only identity,15
3786,2021,E02003474,2021 super output areas - middle layer,152,Any other combination of only UK identities,118
3787,2021,E02003474,2021 super output areas - middle layer,152,Scottish only identity,54
3788,2021,E02003474,2021 super output areas - middle layer,152,Scottish and British only identity,28
3789,2021,E02003474,2021 super output areas - middle layer,152,Northern Irish only identity,17
3790,2021,E02003474,2021 super output areas - middle layer,152,Northern Irish and British only identity,4
3791,2021,E02003474,2021 super output areas - middle layer,152,Cornish only identity,0
3792,2021,E02003474,2021 super output areas - middle layer,152,Cornish and British only identity,0
3793,2021,E02003474,2021 super output areas - middle layer,152,Any other combination of only UK identities ,15
3794,2021,E02003474,2021 super output areas - middle layer,152,Irish only identity,34
3795,2021,E02003474,2021 super output areas - middle layer,152,Irish and at least one UK identity,13
3796,2021,E02003474,2021 super output areas - middle layer,152,Other identity only,1480
3797,2021,E02003474,2021 super output areas - middle layer,152,Other identity and at least one UK identity,285
3798,2021,E02003474,2021 super output areas - middle layer,152,Non-UK identity only,1514
3799,2021,E02003474,2021 super output areas - middle layer,152,UK identity and non-UK identity,298
3800,2021,E02003476,2021 super output areas - middle layer,152,Total: All usual residents,8782
3801,2021,E02003476,2021 super output areas - middle layer,152,British only identity,4277
3802,2021,E02003476,2021 super output areas - middle layer,152,English only identity,882
3803,2021,E02003476,2021 super output areas - middle layer,152,English and British only identity,830
3804,2021,E02003476,2021 super output areas - middle layer,152,Welsh only identity,25
3805,2021,E02003476,2021 super output areas - middle layer,152,Welsh and British only identity,1
3806,2021,E02003476,2021 super output areas - middle layer,152,Any other combination of only UK identities,102
3807,2021,E02003476,2021 super output areas - middle layer,152,Scottish only identity,60
3808,2021,E02003476,2021 super output areas - middle layer,152,Scottish and British only identity,20
3809,2021,E02003476,2021 super output areas - middle layer,152,Northern Irish only identity,14
3810,2021,E02003476,2021 super output areas - middle layer,152,Northern Irish and British only identity,3
3811,2021,E02003476,2021 super output areas - middle layer,152,Cornish only identity,0
3812,2021,E02003476,2021 super output areas - middle layer,152,Cornish and British only identity,0
3813,2021,E02003476,2021 super output areas - middle layer,152,Any other combination of only UK identities ,5
3814,2021,E02003476,2021 super output areas - middle layer,152,Irish only identity,56
3815,2021,E02003476,2021 super output areas - middle layer,152,Irish and at least one UK identity,10
3816,2021,E02003476,2021 super output areas - middle layer,152,Other identity only,2384
3817,2021,E02003476,2021 super output areas - middle layer,152,Other identity and at least one UK identity,215
3818,2021,E02003476,2021 super output areas - middle layer,152,Non-UK identity only,2440
3819,2021,E02003476,2021 super output areas - middle layer,152,UK identity and non-UK identity,225
3820,2021,E02003478,2021 super output areas - middle layer,152,Total: All usual residents,6838
3821,2021,E02003478,2021 super output areas - middle layer,152,British only identity,3743
3822,2021,E02003478,2021 super output areas - middle layer,152,English only identity,907
3823,2021,E02003478,2021 super output areas - middle layer,152,English and British only identity,831
3824,2021,E02003478,2021 super output areas - middle layer,152,Welsh only identity,26
3825,2021,E02003478,2021 super output areas - middle layer,152,Welsh and British only identity,4
3826,2021,E02003478,2021 super output areas - middle layer,152,Any other combination of only UK identities,89
3827,2021,E02003478,2021 super output areas - middle layer,152,Scottish only identity,36
3828,2021,E02003478,2021 super output areas - middle layer,152,Scottish and British only identity,28
3829,2021,E02003478,2021 super output areas - middle layer,152,Northern Irish only identity,7
3830,2021,E02003478,2021 super output areas - middle layer,152,Northern Irish and British only identity,4
3831,2021,E02003478,2021 super output areas - middle layer,152,Cornish only identity,0
3832,2021,E02003478,2021 super output areas - middle layer,152,Cornish and British only identity,0
3833,2021,E02003478,2021 super output areas - middle layer,152,Any other combination of only UK identities ,14
3834,2021,E02003478,2021 super output areas - middle layer,152,Irish only identity,45
3835,2021,E02003478,2021 super output areas - middle layer,152,Irish and at least one UK identity,12
3836,2021,E02003478,2021 super output areas - middle layer,152,Other identity only,919
3837,2021,E02003478,2021 super output areas - middle layer,152,Other identity and at least one UK identity,262
3838,2021,E02003478,2021 super output areas - middle layer,152,Non-UK identity only,964
3839,2021,E02003478,2021 super output areas - middle layer,152,UK identity and non-UK identity,274
3840,2021,E02003479,2021 super output areas - middle layer,152,Total: All usual residents,7681
3841,2021,E02003479,2021 super output areas - middle layer,152,British only identity,3740
3842,2021,E02003479,2021 super output areas - middle layer,152,English only identity,795
3843,2021,E02003479,2021 super output areas - middle layer,152,English and British only identity,729
3844,2021,E02003479,2021 super output areas - middle layer,152,Welsh only identity,20
3845,2021,E02003479,2021 super output areas - middle layer,152,Welsh and British only identity,8
3846,2021,E02003479,2021 super output areas - middle layer,152,Any other combination of only UK identities,83
3847,2021,E02003479,2021 super output areas - middle layer,152,Scottish only identity,52
3848,2021,E02003479,2021 super output areas - middle layer,152,Scottish and British only identity,12
3849,2021,E02003479,2021 super output areas - middle layer,152,Northern Irish only identity,6
3850,2021,E02003479,2021 super output areas - middle layer,152,Northern Irish and British only identity,2
3851,2021,E02003479,2021 super output areas - middle layer,152,Cornish only identity,0
3852,2021,E02003479,2021 super output areas - middle layer,152,Cornish and British only identity,0
3853,2021,E02003479,2021 super output areas - middle layer,152,Any other combination of only UK identities ,11
3854,2021,E02003479,2021 super output areas - middle layer,152,Irish only identity,51
3855,2021,E02003479,2021 super output areas - middle layer,152,Irish and at least one UK identity,7
3856,2021,E02003479,2021 super output areas - middle layer,152,Other identity only,1997
3857,2021,E02003479,2021 super output areas - middle layer,152,Other identity and at least one UK identity,251
3858,2021,E02003479,2021 super output areas - middle layer,152,Non-UK identity only,2048
3859,2021,E02003479,2021 super output areas - middle layer,152,UK identity and non-UK identity,258
3860,2021,E02003480,2021 super output areas - middle layer,152,Total: All usual residents,8150
3861,2021,E02003480,2021 super output areas - middle layer,152,British only identity,4557
3862,2021,E02003480,2021 super output areas - middle layer,152,English only identity,1169
3863,2021,E02003480,2021 super output areas - middle layer,152,English and British only identity,1136
3864,2021,E02003480,2021 super output areas - middle layer,152,Welsh only identity,23
3865,2021,E02003480,2021 super output areas - middle layer,152,Welsh and British only identity,13
3866,2021,E02003480,2021 super output areas - middle layer,152,Any other combination of only UK identities,87
3867,2021,E02003480,2021 super output areas - middle layer,152,Scottish only identity,44
3868,2021,E02003480,2021 super output areas - middle layer,152,Scottish and British only identity,21
3869,2021,E02003480,2021 super output areas - middle layer,152,Northern Irish only identity,8
3870,2021,E02003480,2021 super output areas - middle layer,152,Northern Irish and British only identity,5
3871,2021,E02003480,2021 super output areas - middle layer,152,Cornish only identity,1
3872,2021,E02003480,2021 super output areas - middle layer,152,Cornish and British only identity,0
3873,2021,E02003480,2021 super output areas - middle layer,152,Any other combination of only UK identities ,8
3874,2021,E02003480,2021 super output areas - middle layer,152,Irish only identity,45
3875,2021,E02003480,2021 super output areas - middle layer,152,Irish and at least one UK identity,12
3876,2021,E02003480,2021 super output areas - middle layer,152,Other identity only,911
3877,2021,E02003480,2021 super output areas - middle layer,152,Other identity and at least one UK identity,197
3878,2021,E02003480,2021 super output areas - middle layer,152,Non-UK identity only,956
3879,2021,E02003480,2021 super output areas - middle layer,152,UK identity and non-UK identity,209
3880,2021,E02003481,2021 super output areas - middle layer,152,Total: All usual residents,8376
3881,2021,E02003481,2021 super output areas - middle layer,152,British only identity,4604
3882,2021,E02003481,2021 super output areas - middle layer,152,English only identity,1012
3883,2021,E02003481,2021 super output areas - middle layer,152,English and British only identity,1016
3884,2021,E02003481,2021 super output areas - middle layer,152,Welsh only identity,18
3885,2021,E02003481,2021 super output areas - middle layer,152,Welsh and British only identity,8
3886,2021,E02003481,2021 super output areas - middle layer,152,Any other combination of only UK identities,90
3887,2021,E02003481,2021 super output areas - middle layer,152,Scottish only identity,58
3888,2021,E02003481,2021 super output areas - middle layer,152,Scottish and British only identity,8
3889,2021,E02003481,2021 super output areas - middle layer,152,Northern Irish only identity,9
3890,2021,E02003481,2021 super output areas - middle layer,152,Northern Irish and British only identity,3
3891,2021,E02003481,2021 super output areas - middle layer,152,Cornish only identity,0
3892,2021,E02003481,2021 super output areas - middle layer,152,Cornish and British only identity,0
3893,2021,E02003481,2021 super output areas - middle layer,152,Any other combination of only UK identities ,12
3894,2021,E02003481,2021 super output areas - middle layer,152,Irish only identity,50
3895,2021,E02003481,2021 super output areas - middle layer,152,Irish and at least one UK identity,7
3896,2021,E02003481,2021 super output areas - middle layer,152,Other identity only,1394
3897,2021,E02003481,2021 super output areas - middle layer,152,Other identity and at least one UK identity,177
3898,2021,E02003481,2021 super output areas - middle layer,152,Non-UK identity only,1444
3899,2021,E02003481,2021 super output areas - middle layer,152,UK identity and non-UK identity,184
3900,2021,E02003482,2021 super output areas - middle layer,152,Total: All usual residents,8744
3901,2021,E02003482,2021 super output areas - middle layer,152,British only identity,5240
3902,2021,E02003482,2021 super output areas - middle layer,152,English only identity,1346
3903,2021,E02003482,2021 super output areas - middle layer,152,English and British only identity,1106
3904,2021,E02003482,2021 super output areas - middle layer,152,Welsh only identity,36
3905,2021,E02003482,2021 super output areas - middle layer,152,Welsh and British only identity,14
3906,2021,E02003482,2021 super output areas - middle layer,152,Any other combination of only UK identities,127
3907,2021,E02003482,2021 super output areas - middle layer,152,Scottish only identity,52
3908,2021,E02003482,2021 super output areas - middle layer,152,Scottish and British only identity,29
3909,2021,E02003482,2021 super output areas - middle layer,152,Northern Irish only identity,16
3910,2021,E02003482,2021 super output areas - middle layer,152,Northern Irish and British only identity,9
3911,2021,E02003482,2021 super output areas - middle layer,152,Cornish only identity,1
3912,2021,E02003482,2021 super output areas - middle layer,152,Cornish and British only identity,1
3913,2021,E02003482,2021 super output areas - middle layer,152,Any other combination of only UK identities ,19
3914,2021,E02003482,2021 super output areas - middle layer,152,Irish only identity,47
3915,2021,E02003482,2021 super output areas - middle layer,152,Irish and at least one UK identity,10
3916,2021,E02003482,2021 super output areas - middle layer,152,Other identity only,658
3917,2021,E02003482,2021 super output areas - middle layer,152,Other identity and at least one UK identity,160
3918,2021,E02003482,2021 super output areas - middle layer,152,Non-UK identity only,705
3919,2021,E02003482,2021 super output areas - middle layer,152,UK identity and non-UK identity,170
3920,2021,E02003483,2021 super output areas - middle layer,152,Total: All usual residents,11214
3921,2021,E02003483,2021 super output areas - middle layer,152,British only identity,6752
3922,2021,E02003483,2021 super output areas - middle layer,152,English only identity,1253
3923,2021,E02003483,2021 super output areas - middle layer,152,English and British only identity,1353
3924,2021,E02003483,2021 super output areas - middle layer,152,Welsh only identity,34
3925,2021,E02003483,2021 super output areas - middle layer,152,Welsh and British only identity,9
3926,2021,E02003483,2021 super output areas - middle layer,152,Any other combination of only UK identities,85
3927,2021,E02003483,2021 super output areas - middle layer,152,Scottish only identity,43
3928,2021,E02003483,2021 super output areas - middle layer,152,Scottish and British only identity,17
3929,2021,E02003483,2021 super output areas - middle layer,152,Northern Irish only identity,7
3930,2021,E02003483,2021 super output areas - middle layer,152,Northern Irish and British only identity,3
3931,2021,E02003483,2021 super output areas - middle layer,152,Cornish only identity,1
3932,2021,E02003483,2021 super output areas - middle layer,152,Cornish and British only identity,0
3933,2021,E02003483,2021 super output areas - middle layer,152,Any other combination of only UK identities ,14
3934,2021,E02003483,2021 super output areas - middle layer,152,Irish only identity,49
3935,2021,E02003483,2021 super output areas - middle layer,152,Irish and at least one UK identity,6
3936,2021,E02003483,2021 super output areas - middle layer,152,Other identity only,1263
3937,2021,E02003483,2021 super output areas - middle layer,152,Other identity and at least one UK identity,410
3938,2021,E02003483,2021 super output areas - middle layer,152,Non-UK identity only,1312
3939,2021,E02003483,2021 super output areas - middle layer,152,UK identity and non-UK identity,416
3940,2021,E02003484,2021 super output areas - middle layer,152,Total: All usual residents,7153
3941,2021,E02003484,2021 super output areas - middle layer,152,British only identity,3904
3942,2021,E02003484,2021 super output areas - middle layer,152,English only identity,1147
3943,2021,E02003484,2021 super output areas - middle layer,152,English and British only identity,826
3944,2021,E02003484,2021 super output areas - middle layer,152,Welsh only identity,26
3945,2021,E02003484,2021 super output areas - middle layer,152,Welsh and British only identity,11
3946,2021,E02003484,2021 super output areas - middle layer,152,Any other combination of only UK identities,80
3947,2021,E02003484,2021 super output areas - middle layer,152,Scottish only identity,52
3948,2021,E02003484,2021 super output areas - middle layer,152,Scottish and British only identity,11
3949,2021,E02003484,2021 super output areas - middle layer,152,Northern Irish only identity,8
3950,2021,E02003484,2021 super output areas - middle layer,152,Northern Irish and British only identity,1
3951,2021,E02003484,2021 super output areas - middle layer,152,Cornish only identity,1
3952,2021,E02003484,2021 super output areas - middle layer,152,Cornish and British only identity,0
3953,2021,E02003484,2021 super output areas - middle layer,152,Any other combination of only UK identities ,7
3954,2021,E02003484,2021 super output areas - middle layer,152,Irish only identity,33
3955,2021,E02003484,2021 super output areas - middle layer,152,Irish and at least one UK identity,5
3956,2021,E02003484,2021 super output areas - middle layer,152,Other identity only,930
3957,2021,E02003484,2021 super output areas - middle layer,152,Other identity and at least one UK identity,191
3958,2021,E02003484,2021 super output areas - middle layer,152,Non-UK identity only,963
3959,2021,E02003484,2021 super output areas - middle layer,152,UK identity and non-UK identity,196
3960,2021,E02003485,2021 super output areas - middle layer,152,Total: All usual residents,8265
3961,2021,E02003485,2021 super output areas - middle layer,152,British only identity,4570
3962,2021,E02003485,2021 super output areas - middle layer,152,English only identity,1556
3963,2021,E02003485,2021 super output areas - middle layer,152,English and British only identity,1048
3964,2021,E02003485,2021 super output areas - middle layer,152,Welsh only identity,13
3965,2021,E02003485,2021 super output areas - middle layer,152,Welsh and British only identity,1
3966,2021,E02003485,2021 super output areas - middle layer,152,Any other combination of only UK identities,86
3967,2021,E02003485,2021 super output areas - middle layer,152,Scottish only identity,41
3968,2021,E02003485,2021 super output areas - middle layer,152,Scottish and British only identity,18
3969,2021,E02003485,2021 super output areas - middle layer,152,Northern Irish only identity,11
3970,2021,E02003485,2021 super output areas - middle layer,152,Northern Irish and British only identity,3
3971,2021,E02003485,2021 super output areas - middle layer,152,Cornish only identity,2
3972,2021,E02003485,2021 super output areas - middle layer,152,Cornish and British only identity,0
3973,2021,E02003485,2021 super output areas - middle layer,152,Any other combination of only UK identities ,11
3974,2021,E02003485,2021 super output areas - middle layer,152,Irish only identity,49
3975,2021,E02003485,2021 super output areas - middle layer,152,Irish and at least one UK identity,15
3976,2021,E02003485,2021 super output areas - middle layer,152,Other identity only,787
3977,2021,E02003485,2021 super output areas - middle layer,152,Other identity and at least one UK identity,140
3978,2021,E02003485,2021 super output areas - middle layer,152,Non-UK identity only,836
3979,2021,E02003485,2021 super output areas - middle layer,152,UK identity and non-UK identity,155
3980,2021,E02003486,2021 super output areas - middle layer,152,Total: All usual residents,10187
3981,2021,E02003486,2021 super output areas - middle layer,152,British only identity,6024
3982,2021,E02003486,2021 super output areas - middle layer,152,English only identity,1254
3983,2021,E02003486,2021 super output areas - middle layer,152,English and British only identity,1163
3984,2021,E02003486,2021 super output areas - middle layer,152,Welsh only identity,24
3985,2021,E02003486,2021 super output areas - middle layer,152,Welsh and British only identity,9
3986,2021,E02003486,2021 super output areas - middle layer,152,Any other combination of only UK identities,95
3987,2021,E02003486,2021 super output areas - middle layer,152,Scottish only identity,52
3988,2021,E02003486,2021 super output areas - middle layer,152,Scottish and British only identity,20
3989,2021,E02003486,2021 super output areas - middle layer,152,Northern Irish only identity,7
3990,2021,E02003486,2021 super output areas - middle layer,152,Northern Irish and British only identity,1
3991,2021,E02003486,2021 super output areas - middle layer,152,Cornish only identity,1
3992,2021,E02003486,2021 super output areas - middle layer,152,Cornish and British only identity,0
3993,2021,E02003486,2021 super output areas - middle layer,152,Any other combination of only UK identities ,14
3994,2021,E02003486,2021 super output areas - middle layer,152,Irish only identity,42
3995,2021,E02003486,2021 super output areas - middle layer,152,Irish and at least one UK identity,5
3996,2021,E02003486,2021 super output areas - middle layer,152,Other identity only,1204
3997,2021,E02003486,2021 super output areas - middle layer,152,Other identity and at least one UK identity,367
3998,2021,E02003486,2021 super output areas - middle layer,152,Non-UK identity only,1246
3999,2021,E02003486,2021 super output areas - middle layer,152,UK identity and non-UK identity,372
4000,2021,E02003487,2021 super output areas - middle layer,152,Total: All usual residents,7386
4001,2021,E02003487,2021 super output areas - middle layer,152,British only identity,4026
4002,2021,E02003487,2021 super output areas - middle layer,152,English only identity,1483
4003,2021,E02003487,2021 super output areas - middle layer,152,English and British only identity,959
4004,2021,E02003487,2021 super output areas - middle layer,152,Welsh only identity,20
4005,2021,E02003487,2021 super output areas - middle layer,152,Welsh and British only identity,7
4006,2021,E02003487,2021 super output areas - middle layer,152,Any other combination of only UK identities,67
4007,2021,E02003487,2021 super output areas - middle layer,152,Scottish only identity,31
4008,2021,E02003487,2021 super output areas - middle layer,152,Scottish and British only identity,13
4009,2021,E02003487,2021 super output areas - middle layer,152,Northern Irish only identity,14
4010,2021,E02003487,2021 super output areas - middle layer,152,Northern Irish and British only identity,2
4011,2021,E02003487,2021 super output areas - middle layer,152,Cornish only identity,0
4012,2021,E02003487,2021 super output areas - middle layer,152,Cornish and British only identity,0
4013,2021,E02003487,2021 super output areas - middle layer,152,Any other combination of only UK identities ,7
4014,2021,E02003487,2021 super output areas - middle layer,152,Irish only identity,62
4015,2021,E02003487,2021 super output areas - middle layer,152,Irish and at least one UK identity,8
4016,2021,E02003487,2021 super output areas - middle layer,152,Other identity only,650
4017,2021,E02003487,2021 super output areas - middle layer,152,Other identity and at least one UK identity,104
4018,2021,E02003487,2021 super output areas - middle layer,152,Non-UK identity only,712
4019,2021,E02003487,2021 super output areas - middle layer,152,UK identity and non-UK identity,112
4020,2021,E02003488,2021 super output areas - middle layer,152,Total: All usual residents,8468
4021,2021,E02003488,2021 super output areas - middle layer,152,British only identity,4585
4022,2021,E02003488,2021 super output areas - middle layer,152,English only identity,1340
4023,2021,E02003488,2021 super output areas - middle layer,152,English and British only identity,876
4024,2021,E02003488,2021 super output areas - middle layer,152,Welsh only identity,8
4025,2021,E02003488,2021 super output areas - middle layer,152,Welsh and British only identity,3
4026,2021,E02003488,2021 super output areas - middle layer,152,Any other combination of only UK identities,80
4027,2021,E02003488,2021 super output areas - middle layer,152,Scottish only identity,46
4028,2021,E02003488,2021 super output areas - middle layer,152,Scottish and British only identity,16
4029,2021,E02003488,2021 super output areas - middle layer,152,Northern Irish only identity,8
4030,2021,E02003488,2021 super output areas - middle layer,152,Northern Irish and British only identity,0
4031,2021,E02003488,2021 super output areas - middle layer,152,Cornish only identity,1
4032,2021,E02003488,2021 super output areas - middle layer,152,Cornish and British only identity,0
4033,2021,E02003488,2021 super output areas - middle layer,152,Any other combination of only UK identities ,9
4034,2021,E02003488,2021 super output areas - middle layer,152,Irish only identity,62
4035,2021,E02003488,2021 super output areas - middle layer,152,Irish and at least one UK identity,8
4036,2021,E02003488,2021 super output areas - middle layer,152,Other identity only,1315
4037,2021,E02003488,2021 super output areas - middle layer,152,Other identity and at least one UK identity,191
4038,2021,E02003488,2021 super output areas - middle layer,152,Non-UK identity only,1377
4039,2021,E02003488,2021 super output areas - middle layer,152,UK identity and non-UK identity,199
4040,2021,E02003489,2021 super output areas - middle layer,152,Total: All usual residents,7638
4041,2021,E02003489,2021 super output areas - middle layer,152,British only identity,4118
4042,2021,E02003489,2021 super output areas - middle layer,152,English only identity,1476
4043,2021,E02003489,2021 super output areas - middle layer,152,English and British only identity,1029
4044,2021,E02003489,2021 super output areas - middle layer,152,Welsh only identity,21
4045,2021,E02003489,2021 super output areas - middle layer,152,Welsh and British only identity,9
4046,2021,E02003489,2021 super output areas - middle layer,152,Any other combination of only UK identities,104
4047,2021,E02003489,2021 super output areas - middle layer,152,Scottish only identity,45
4048,2021,E02003489,2021 super output areas - middle layer,152,Scottish and British only identity,27
4049,2021,E02003489,2021 super output areas - middle layer,152,Northern Irish only identity,10
4050,2021,E02003489,2021 super output areas - middle layer,152,Northern Irish and British only identity,4
4051,2021,E02003489,2021 super output areas - middle layer,152,Cornish only identity,3
4052,2021,E02003489,2021 super output areas - middle layer,152,Cornish and British only identity,0
4053,2021,E02003489,2021 super output areas - middle layer,152,Any other combination of only UK identities ,15
4054,2021,E02003489,2021 super output areas - middle layer,152,Irish only identity,63
4055,2021,E02003489,2021 super output areas - middle layer,152,Irish and at least one UK identity,12
4056,2021,E02003489,2021 super output areas - middle layer,152,Other identity only,676
4057,2021,E02003489,2021 super output areas - middle layer,152,Other identity and at least one UK identity,130
4058,2021,E02003489,2021 super output areas - middle layer,152,Non-UK identity only,739
4059,2021,E02003489,2021 super output areas - middle layer,152,UK identity and non-UK identity,142
4060,2021,E02003490,2021 super output areas - middle layer,152,Total: All usual residents,11203
4061,2021,E02003490,2021 super output areas - middle layer,152,British only identity,6386
4062,2021,E02003490,2021 super output areas - middle layer,152,English only identity,1551
4063,2021,E02003490,2021 super output areas - middle layer,152,English and British only identity,1225
4064,2021,E02003490,2021 super output areas - middle layer,152,Welsh only identity,19
4065,2021,E02003490,2021 super output areas - middle layer,152,Welsh and British only identity,11
4066,2021,E02003490,2021 super output areas - middle layer,152,Any other combination of only UK identities,99
4067,2021,E02003490,2021 super output areas - middle layer,152,Scottish only identity,49
4068,2021,E02003490,2021 super output areas - middle layer,152,Scottish and British only identity,11
4069,2021,E02003490,2021 super output areas - middle layer,152,Northern Irish only identity,15
4070,2021,E02003490,2021 super output areas - middle layer,152,Northern Irish and British only identity,8
4071,2021,E02003490,2021 super output areas - middle layer,152,Cornish only identity,1
4072,2021,E02003490,2021 super output areas - middle layer,152,Cornish and British only identity,0
4073,2021,E02003490,2021 super output areas - middle layer,152,Any other combination of only UK identities ,15
4074,2021,E02003490,2021 super output areas - middle layer,152,Irish only identity,87
4075,2021,E02003490,2021 super output areas - middle layer,152,Irish and at least one UK identity,3
4076,2021,E02003490,2021 super output areas - middle layer,152,Other identity only,1591
4077,2021,E02003490,2021 super output areas - middle layer,152,Other identity and at least one UK identity,231
4078,2021,E02003490,2021 super output areas - middle layer,152,Non-UK identity only,1678
4079,2021,E02003490,2021 super output areas - middle layer,152,UK identity and non-UK identity,234
4080,2021,E02007012,2021 super output areas - middle layer,152,Total: All usual residents,8280
4081,2021,E02007012,2021 super output areas - middle layer,152,British only identity,4702
4082,2021,E02007012,2021 super output areas - middle layer,152,English only identity,726
4083,2021,E02007012,2021 super output areas - middle layer,152,English and British only identity,866
4084,2021,E02007012,2021 super output areas - middle layer,152,Welsh only identity,13
4085,2021,E02007012,2021 super output areas - middle layer,152,Welsh and British only identity,17
4086,2021,E02007012,2021 super output areas - middle layer,152,Any other combination of only UK identities,81
4087,2021,E02007012,2021 super output areas - middle layer,152,Scottish only identity,26
4088,2021,E02007012,2021 super output areas - middle layer,152,Scottish and British only identity,21
4089,2021,E02007012,2021 super output areas - middle layer,152,Northern Irish only identity,23
4090,2021,E02007012,2021 super output areas - middle layer,152,Northern Irish and British only identity,2
4091,2021,E02007012,2021 super output areas - middle layer,152,Cornish only identity,0
4092,2021,E02007012,2021 super output areas - middle layer,152,Cornish and British only identity,0
4093,2021,E02007012,2021 super output areas - middle layer,152,Any other combination of only UK identities ,9
4094,2021,E02007012,2021 super output areas - middle layer,152,Irish only identity,45
4095,2021,E02007012,2021 super output areas - middle layer,152,Irish and at least one UK identity,7
4096,2021,E02007012,2021 super output areas - middle layer,152,Other identity only,1452
4097,2021,E02007012,2021 super output areas - middle layer,152,Other identity and at least one UK identity,371
4098,2021,E02007012,2021 super output areas - middle layer,152,Non-UK identity only,1497
4099,2021,E02007012,2021 super output areas - middle layer,152,UK identity and non-UK identity,378
4100,2021,E02007013,2021 super output areas - middle layer,152,Total: All usual residents,10113
4101,2021,E02007013,2021 super output areas - middle layer,152,British only identity,5560
4102,2021,E02007013,2021 super output areas - middle layer,152,English only identity,745
4103,2021,E02007013,2021 super output areas - middle layer,152,English and British only identity,1041
4104,2021,E02007013,2021 super output areas - middle layer,152,Welsh only identity,21
4105,2021,E02007013,2021 super output areas - middle layer,152,Welsh and British only identity,9
4106,2021,E02007013,2021 super output areas - middle layer,152,Any other combination of only UK identities,77
4107,2021,E02007013,2021 super output areas - middle layer,152,Scottish only identity,31
4108,2021,E02007013,2021 super output areas - middle layer,152,Scottish and British only identity,8
4109,2021,E02007013,2021 super output areas - middle layer,152,Northern Irish only identity,17
4110,2021,E02007013,2021 super output areas - middle layer,152,Northern Irish and British only identity,6
4111,2021,E02007013,2021 super output areas - middle layer,152,Cornish only identity,0
4112,2021,E02007013,2021 super output areas - middle layer,152,Cornish and British only identity,1
4113,2021,E02007013,2021 super output areas - middle layer,152,Any other combination of only UK identities ,14
4114,2021,E02007013,2021 super output areas - middle layer,152,Irish only identity,102
4115,2021,E02007013,2021 super output areas - middle layer,152,Irish and at least one UK identity,9
4116,2021,E02007013,2021 super output areas - middle layer,152,Other identity only,2130
4117,2021,E02007013,2021 super output areas - middle layer,152,Other identity and at least one UK identity,419
4118,2021,E02007013,2021 super output areas - middle layer,152,Non-UK identity only,2232
4119,2021,E02007013,2021 super output areas - middle layer,152,UK identity and non-UK identity,428
4120,2021,E02007014,2021 super output areas - middle layer,152,Total: All usual residents,7127
4121,2021,E02007014,2021 super output areas - middle layer,152,British only identity,3710
4122,2021,E02007014,2021 super output areas - middle layer,152,English only identity,875
4123,2021,E02007014,2021 super output areas - middle layer,152,English and British only identity,844
4124,2021,E02007014,2021 super output areas - middle layer,152,Welsh only identity,23
4125,2021,E02007014,2021 super output areas - middle layer,152,Welsh and British only identity,15
4126,2021,E02007014,2021 super output areas - middle layer,152,Any other combination of only UK identities,82
4127,2021,E02007014,2021 super output areas - middle layer,152,Scottish only identity,34
4128,2021,E02007014,2021 super output areas - middle layer,152,Scottish and British only identity,24
4129,2021,E02007014,2021 super output areas - middle layer,152,Northern Irish only identity,2
4130,2021,E02007014,2021 super output areas - middle layer,152,Northern Irish and British only identity,4
4131,2021,E02007014,2021 super output areas - middle layer,152,Cornish only identity,0
4132,2021,E02007014,2021 super output areas - middle layer,152,Cornish and British only identity,0
4133,2021,E02007014,2021 super output areas - middle layer,152,Any other combination of only UK identities ,18
4134,2021,E02007014,2021 super output areas - middle layer,152,Irish only identity,68
4135,2021,E02007014,2021 super output areas - middle layer,152,Irish and at least one UK identity,7
4136,2021,E02007014,2021 super output areas - middle layer,152,Other identity only,1253
4137,2021,E02007014,2021 super output areas - middle layer,152,Other identity and at least one UK identity,250
4138,2021,E02007014,2021 super output areas - middle layer,152,Non-UK identity only,1321
4139,2021,E02007014,2021 super output areas - middle layer,152,UK identity and non-UK identity,257
4140,2021,E02007015,2021 super output areas - middle layer,152,Total: All usual residents,9655
4141,2021,E02007015,2021 super output areas - middle layer,152,British only identity,5627
4142,2021,E02007015,2021 super output areas - middle layer,152,English only identity,1096
4143,2021,E02007015,2021 super output areas - middle layer,152,English and British only identity,1102
4144,2021,E02007015,2021 super output areas - middle layer,152,Welsh only identity,27
4145,2021,E02007015,2021 super output areas - middle layer,152,Welsh and British only identity,10
4146,2021,E02007015,2021 super output areas - middle layer,152,Any other combination of only UK identities,95
4147,2021,E02007015,2021 super output areas - middle layer,152,Scottish only identity,34
4148,2021,E02007015,2021 super output areas - middle layer,152,Scottish and British only identity,17
4149,2021,E02007015,2021 super output areas - middle layer,152,Northern Irish only identity,19
4150,2021,E02007015,2021 super output areas - middle layer,152,Northern Irish and British only identity,5
4151,2021,E02007015,2021 super output areas - middle layer,152,Cornish only identity,0
4152,2021,E02007015,2021 super output areas - middle layer,152,Cornish and British only identity,0
4153,2021,E02007015,2021 super output areas - middle layer,152,Any other combination of only UK identities ,20
4154,2021,E02007015,2021 super output areas - middle layer,152,Irish only identity,69
4155,2021,E02007015,2021 super output areas - middle layer,152,Irish and at least one UK identity,8
4156,2021,E02007015,2021 super output areas - middle layer,152,Other identity only,1274
4157,2021,E02007015,2021 super output areas - middle layer,152,Other identity and at least one UK identity,347
4158,2021,E02007015,2021 super output areas - middle layer,152,Non-UK identity only,1343
4159,2021,E02007015,2021 super output areas - middle layer,152,UK identity and non-UK identity,355
4160,2021,E02007016,2021 super output areas - middle layer,152,Total: All usual residents,9212
4161,2021,E02007016,2021 super output areas - middle layer,152,British only identity,5207
4162,2021,E02007016,2021 super output areas - middle layer,152,English only identity,1027
4163,2021,E02007016,2021 super output areas - middle layer,152,English and British only identity,1041
4164,2021,E02007016,2021 super output areas - middle layer,152,Welsh only identity,16
4165,2021,E02007016,2021 super output areas - middle layer,152,Welsh and British only identity,10
4166,2021,E02007016,2021 super output areas - middle layer,152,Any other combination of only UK identities,85
4167,2021,E02007016,2021 super output areas - middle layer,152,Scottish only identity,45
4168,2021,E02007016,2021 super output areas - middle layer,152,Scottish and British only identity,19
4169,2021,E02007016,2021 super output areas - middle layer,152,Northern Irish only identity,11
4170,2021,E02007016,2021 super output areas - middle layer,152,Northern Irish and British only identity,1
4171,2021,E02007016,2021 super output areas - middle layer,152,Cornish only identity,2
4172,2021,E02007016,2021 super output areas - middle layer,152,Cornish and British only identity,0
4173,2021,E02007016,2021 super output areas - middle layer,152,Any other combination of only UK identities ,7
4174,2021,E02007016,2021 super output areas - middle layer,152,Irish only identity,60
4175,2021,E02007016,2021 super output areas - middle layer,152,Irish and at least one UK identity,5
4176,2021,E02007016,2021 super output areas - middle layer,152,Other identity only,1354
4177,2021,E02007016,2021 super output areas - middle layer,152,Other identity and at least one UK identity,407
4178,2021,E02007016,2021 super output areas - middle layer,152,Non-UK identity only,1414
4179,2021,E02007016,2021 super output areas - middle layer,152,UK identity and non-UK identity,412
4180,2021,E02003491,2021 super output areas - middle layer,152,Total: All usual residents,7790
4181,2021,E02003491,2021 super output areas - middle layer,152,British only identity,4742
4182,2021,E02003491,2021 super output areas - middle layer,152,English only identity,1150
4183,2021,E02003491,2021 super output areas - middle layer,152,English and British only identity,1201
4184,2021,E02003491,2021 super output areas - middle layer,152,Welsh only identity,14
4185,2021,E02003491,2021 super output areas - middle layer,152,Welsh and British only identity,4
4186,2021,E02003491,2021 super output areas - middle layer,152,Any other combination of only UK identities,80
4187,2021,E02003491,2021 super output areas - middle layer,152,Scottish only identity,35
4188,2021,E02003491,2021 super output areas - middle layer,152,Scottish and British only identity,15
4189,2021,E02003491,2021 super output areas - middle layer,152,Northern Irish only identity,10
4190,2021,E02003491,2021 super output areas - middle layer,152,Northern Irish and British only identity,4
4191,2021,E02003491,2021 super output areas - middle layer,152,Cornish only identity,1
4192,2021,E02003491,2021 super output areas - middle layer,152,Cornish and British only identity,2
4193,2021,E02003491,2021 super output areas - middle layer,152,Any other combination of only UK identities ,13
4194,2021,E02003491,2021 super output areas - middle layer,152,Irish only identity,36
4195,2021,E02003491,2021 super output areas - middle layer,152,Irish and at least one UK identity,13
4196,2021,E02003491,2021 super output areas - middle layer,152,Other identity only,381
4197,2021,E02003491,2021 super output areas - middle layer,152,Other identity and at least one UK identity,169
4198,2021,E02003491,2021 super output areas - middle layer,152,Non-UK identity only,417
4199,2021,E02003491,2021 super output areas - middle layer,152,UK identity and non-UK identity,182
4200,2021,E02003492,2021 super output areas - middle layer,152,Total: All usual residents,10111
4201,2021,E02003492,2021 super output areas - middle layer,152,British only identity,5387
4202,2021,E02003492,2021 super output areas - middle layer,152,English only identity,1127
4203,2021,E02003492,2021 super output areas - middle layer,152,English and British only identity,1668
4204,2021,E02003492,2021 super output areas - middle layer,152,Welsh only identity,27
4205,2021,E02003492,2021 super output areas - middle layer,152,Welsh and British only identity,11
4206,2021,E02003492,2021 super output areas - middle layer,152,Any other combination of only UK identities,119
4207,2021,E02003492,2021 super output areas - middle layer,152,Scottish only identity,23
4208,2021,E02003492,2021 super output areas - middle layer,152,Scottish and British only identity,10
4209,2021,E02003492,2021 super output areas - middle layer,152,Northern Irish only identity,18
4210,2021,E02003492,2021 super output areas - middle layer,152,Northern Irish and British only identity,12
4211,2021,E02003492,2021 super output areas - middle layer,152,Cornish only identity,2
4212,2021,E02003492,2021 super output areas - middle layer,152,Cornish and British only identity,0
4213,2021,E02003492,2021 super output areas - middle layer,152,Any other combination of only UK identities ,54
4214,2021,E02003492,2021 super output areas - middle layer,152,Irish only identity,51
4215,2021,E02003492,2021 super output areas - middle layer,152,Irish and at least one UK identity,30
4216,2021,E02003492,2021 super output areas - middle layer,152,Other identity only,1348
4217,2021,E02003492,2021 super output areas - middle layer,152,Other identity and at least one UK identity,343
4218,2021,E02003492,2021 super output areas - middle layer,152,Non-UK identity only,1399
4219,2021,E02003492,2021 super output areas - middle layer,152,UK identity and non-UK identity,373
4220,2021,E02003493,2021 super output areas - middle layer,152,Total: All usual residents,8060
4221,2021,E02003493,2021 super output areas - middle layer,152,British only identity,4994
4222,2021,E02003493,2021 super output areas - middle layer,152,English only identity,1091
4223,2021,E02003493,2021 super output areas - middle layer,152,English and British only identity,1045
4224,2021,E02003493,2021 super output areas - middle layer,152,Welsh only identity,19
4225,2021,E02003493,2021 super output areas - middle layer,152,Welsh and British only identity,8
4226,2021,E02003493,2021 super output areas - middle layer,152,Any other combination of only UK identities,73
4227,2021,E02003493,2021 super output areas - middle layer,152,Scottish only identity,32
4228,2021,E02003493,2021 super output areas - middle layer,152,Scottish and British only identity,14
4229,2021,E02003493,2021 super output areas - middle layer,152,Northern Irish only identity,8
4230,2021,E02003493,2021 super output areas - middle layer,152,Northern Irish and British only identity,5
4231,2021,E02003493,2021 super output areas - middle layer,152,Cornish only identity,1
4232,2021,E02003493,2021 super output areas - middle layer,152,Cornish and British only identity,0
4233,2021,E02003493,2021 super output areas - middle layer,152,Any other combination of only UK identities ,13
4234,2021,E02003493,2021 super output areas - middle layer,152,Irish only identity,67
4235,2021,E02003493,2021 super output areas - middle layer,152,Irish and at least one UK identity,5
4236,2021,E02003493,2021 super output areas - middle layer,152,Other identity only,578
4237,2021,E02003493,2021 super output areas - middle layer,152,Other identity and at least one UK identity,180
4238,2021,E02003493,2021 super output areas - middle layer,152,Non-UK identity only,645
4239,2021,E02003493,2021 super output areas - middle layer,152,UK identity and non-UK identity,185
4240,2021,E02003494,2021 super output areas - middle layer,152,Total: All usual residents,6636
4241,2021,E02003494,2021 super output areas - middle layer,152,British only identity,4147
4242,2021,E02003494,2021 super output areas - middle layer,152,English only identity,844
4243,2021,E02003494,2021 super output areas - middle layer,152,English and British only identity,789
4244,2021,E02003494,2021 super output areas - middle layer,152,Welsh only identity,15
4245,2021,E02003494,2021 super output areas - middle layer,152,Welsh and British only identity,8
4246,2021,E02003494,2021 super output areas - middle layer,152,Any other combination of only UK identities,88
4247,2021,E02003494,2021 super output areas - middle layer,152,Scottish only identity,36
4248,2021,E02003494,2021 super output areas - middle layer,152,Scottish and British only identity,13
4249,2021,E02003494,2021 super output areas - middle layer,152,Northern Irish only identity,19
4250,2021,E02003494,2021 super output areas - middle layer,152,Northern Irish and British only identity,6
4251,2021,E02003494,2021 super output areas - middle layer,152,Cornish only identity,3
4252,2021,E02003494,2021 super output areas - middle layer,152,Cornish and British only identity,0
4253,2021,E02003494,2021 super output areas - middle layer,152,Any other combination of only UK identities ,11
4254,2021,E02003494,2021 super output areas - middle layer,152,Irish only identity,55
4255,2021,E02003494,2021 super output areas - middle layer,152,Irish and at least one UK identity,15
4256,2021,E02003494,2021 super output areas - middle layer,152,Other identity only,463
4257,2021,E02003494,2021 super output areas - middle layer,152,Other identity and at least one UK identity,212
4258,2021,E02003494,2021 super output areas - middle layer,152,Non-UK identity only,518
4259,2021,E02003494,2021 super output areas - middle layer,152,UK identity and non-UK identity,227
4260,2021,E02003495,2021 super output areas - middle layer,152,Total: All usual residents,7155
4261,2021,E02003495,2021 super output areas - middle layer,152,British only identity,4326
4262,2021,E02003495,2021 super output areas - middle layer,152,English only identity,1161
4263,2021,E02003495,2021 super output areas - middle layer,152,English and British only identity,1153
4264,2021,E02003495,2021 super output areas - middle layer,152,Welsh only identity,18
4265,2021,E02003495,2021 super output areas - middle layer,152,Welsh and British only identity,4
4266,2021,E02003495,2021 super output areas - middle layer,152,Any other combination of only UK identities,56
4267,2021,E02003495,2021 super output areas - middle layer,152,Scottish only identity,26
4268,2021,E02003495,2021 super output areas - middle layer,152,Scottish and British only identity,3
4269,2021,E02003495,2021 super output areas - middle layer,152,Northern Irish only identity,13
4270,2021,E02003495,2021 super output areas - middle layer,152,Northern Irish and British only identity,4
4271,2021,E02003495,2021 super output areas - middle layer,152,Cornish only identity,0
4272,2021,E02003495,2021 super output areas - middle layer,152,Cornish and British only identity,0
4273,2021,E02003495,2021 super output areas - middle layer,152,Any other combination of only UK identities ,10
4274,2021,E02003495,2021 super output areas - middle layer,152,Irish only identity,21
4275,2021,E02003495,2021 super output areas - middle layer,152,Irish and at least one UK identity,4
4276,2021,E02003495,2021 super output areas - middle layer,152,Other identity only,286
4277,2021,E02003495,2021 super output areas - middle layer,152,Other identity and at least one UK identity,126
4278,2021,E02003495,2021 super output areas - middle layer,152,Non-UK identity only,307
4279,2021,E02003495,2021 super output areas - middle layer,152,UK identity and non-UK identity,130
4280,2021,E02003496,2021 super output areas - middle layer,152,Total: All usual residents,7753
4281,2021,E02003496,2021 super output areas - middle layer,152,British only identity,4764
4282,2021,E02003496,2021 super output areas - middle layer,152,English only identity,1097
4283,2021,E02003496,2021 super output areas - middle layer,152,English and British only identity,1030
4284,2021,E02003496,2021 super output areas - middle layer,152,Welsh only identity,16
4285,2021,E02003496,2021 super output areas - middle layer,152,Welsh and British only identity,5
4286,2021,E02003496,2021 super output areas - middle layer,152,Any other combination of only UK identities,60
4287,2021,E02003496,2021 super output areas - middle layer,152,Scottish only identity,26
4288,2021,E02003496,2021 super output areas - middle layer,152,Scottish and British only identity,11
4289,2021,E02003496,2021 super output areas - middle layer,152,Northern Irish only identity,9
4290,2021,E02003496,2021 super output areas - middle layer,152,Northern Irish and British only identity,4
4291,2021,E02003496,2021 super output areas - middle layer,152,Cornish only identity,4
4292,2021,E02003496,2021 super output areas - middle layer,152,Cornish and British only identity,0
4293,2021,E02003496,2021 super output areas - middle layer,152,Any other combination of only UK identities ,6
4294,2021,E02003496,2021 super output areas - middle layer,152,Irish only identity,37
4295,2021,E02003496,2021 super output areas - middle layer,152,Irish and at least one UK identity,5
4296,2021,E02003496,2021 super output areas - middle layer,152,Other identity only,593
4297,2021,E02003496,2021 super output areas - middle layer,152,Other identity and at least one UK identity,146
4298,2021,E02003496,2021 super output areas - middle layer,152,Non-UK identity only,630
4299,2021,E02003496,2021 super output areas - middle layer,152,UK identity and non-UK identity,151
4300,2021,E02003497,2021 super output areas - middle layer,152,Total: All usual residents,7584
4301,2021,E02003497,2021 super output areas - middle layer,152,British only identity,4774
4302,2021,E02003497,2021 super output areas - middle layer,152,English only identity,847
4303,2021,E02003497,2021 super output areas - middle layer,152,English and British only identity,920
4304,2021,E02003497,2021 super output areas - middle layer,152,Welsh only identity,21
4305,2021,E02003497,2021 super output areas - middle layer,152,Welsh and British only identity,28
4306,2021,E02003497,2021 super output areas - middle layer,152,Any other combination of only UK identities,94
4307,2021,E02003497,2021 super output areas - middle layer,152,Scottish only identity,31
4308,2021,E02003497,2021 super output areas - middle layer,152,Scottish and British only identity,25
4309,2021,E02003497,2021 super output areas - middle layer,152,Northern Irish only identity,10
4310,2021,E02003497,2021 super output areas - middle layer,152,Northern Irish and British only identity,4
4311,2021,E02003497,2021 super output areas - middle layer,152,Cornish only identity,2
4312,2021,E02003497,2021 super output areas - middle layer,152,Cornish and British only identity,0
4313,2021,E02003497,2021 super output areas - middle layer,152,Any other combination of only UK identities ,22
4314,2021,E02003497,2021 super output areas - middle layer,152,Irish only identity,51
4315,2021,E02003497,2021 super output areas - middle layer,152,Irish and at least one UK identity,10
4316,2021,E02003497,2021 super output areas - middle layer,152,Other identity only,637
4317,2021,E02003497,2021 super output areas - middle layer,152,Other identity and at least one UK identity,202
4318,2021,E02003497,2021 super output areas - middle layer,152,Non-UK identity only,688
4319,2021,E02003497,2021 super output areas - middle layer,152,UK identity and non-UK identity,212
4320,2021,E02003498,2021 super output areas - middle layer,152,Total: All usual residents,8547
4321,2021,E02003498,2021 super output areas - middle layer,152,British only identity,4905
4322,2021,E02003498,2021 super output areas - middle layer,152,English only identity,1054
4323,2021,E02003498,2021 super output areas - middle layer,152,English and British only identity,1233
4324,2021,E02003498,2021 super output areas - middle layer,152,Welsh only identity,27
4325,2021,E02003498,2021 super output areas - middle layer,152,Welsh and British only identity,12
4326,2021,E02003498,2021 super output areas - middle layer,152,Any other combination of only UK identities,91
4327,2021,E02003498,2021 super output areas - middle layer,152,Scottish only identity,35
4328,2021,E02003498,2021 super output areas - middle layer,152,Scottish and British only identity,16
4329,2021,E02003498,2021 super output areas - middle layer,152,Northern Irish only identity,9
4330,2021,E02003498,2021 super output areas - middle layer,152,Northern Irish and British only identity,4
4331,2021,E02003498,2021 super output areas - middle layer,152,Cornish only identity,0
4332,2021,E02003498,2021 super output areas - middle layer,152,Cornish and British only identity,4
4333,2021,E02003498,2021 super output areas - middle layer,152,Any other combination of only UK identities ,23
4334,2021,E02003498,2021 super output areas - middle layer,152,Irish only identity,47
4335,2021,E02003498,2021 super output areas - middle layer,152,Irish and at least one UK identity,13
4336,2021,E02003498,2021 super output areas - middle layer,152,Other identity only,934
4337,2021,E02003498,2021 super output areas - middle layer,152,Other identity and at least one UK identity,231
4338,2021,E02003498,2021 super output areas - middle layer,152,Non-UK identity only,981
4339,2021,E02003498,2021 super output areas - middle layer,152,UK identity and non-UK identity,244
4340,2021,E02003499,2021 super output areas - middle layer,152,Total: All usual residents,7849
4341,2021,E02003499,2021 super output areas - middle layer,152,British only identity,4612
4342,2021,E02003499,2021 super output areas - middle layer,152,English only identity,1098
4343,2021,E02003499,2021 super output areas - middle layer,152,English and British only identity,1197
4344,2021,E02003499,2021 super output areas - middle layer,152,Welsh only identity,19
4345,2021,E02003499,2021 super output areas - middle layer,152,Welsh and British only identity,1
4346,2021,E02003499,2021 super output areas - middle layer,152,Any other combination of only UK identities,64
4347,2021,E02003499,2021 super output areas - middle layer,152,Scottish only identity,22
4348,2021,E02003499,2021 super output areas - middle layer,152,Scottish and British only identity,4
4349,2021,E02003499,2021 super output areas - middle layer,152,Northern Irish only identity,14
4350,2021,E02003499,2021 super output areas - middle layer,152,Northern Irish and British only identity,7
4351,2021,E02003499,2021 super output areas - middle layer,152,Cornish only identity,1
4352,2021,E02003499,2021 super output areas - middle layer,152,Cornish and British only identity,1
4353,2021,E02003499,2021 super output areas - middle layer,152,Any other combination of only UK identities ,15
4354,2021,E02003499,2021 super output areas - middle layer,152,Irish only identity,37
4355,2021,E02003499,2021 super output areas - middle layer,152,Irish and at least one UK identity,16
4356,2021,E02003499,2021 super output areas - middle layer,152,Other identity only,643
4357,2021,E02003499,2021 super output areas - middle layer,152,Other identity and at least one UK identity,162
4358,2021,E02003499,2021 super output areas - middle layer,152,Non-UK identity only,680
4359,2021,E02003499,2021 super output areas - middle layer,152,UK identity and non-UK identity,178
4360,2021,E02003500,2021 super output areas - middle layer,152,Total: All usual residents,8071
4361,2021,E02003500,2021 super output areas - middle layer,152,British only identity,5080
4362,2021,E02003500,2021 super output areas - middle layer,152,English only identity,730
4363,2021,E02003500,2021 super output areas - middle layer,152,English and British only identity,956
4364,2021,E02003500,2021 super output areas - middle layer,152,Welsh only identity,50
4365,2021,E02003500,2021 super output areas - middle layer,152,Welsh and British only identity,11
4366,2021,E02003500,2021 super output areas - middle layer,152,Any other combination of only UK identities,116
4367,2021,E02003500,2021 super output areas - middle layer,152,Scottish only identity,44
4368,2021,E02003500,2021 super output areas - middle layer,152,Scottish and British only identity,23
4369,2021,E02003500,2021 super output areas - middle layer,152,Northern Irish only identity,23
4370,2021,E02003500,2021 super output areas - middle layer,152,Northern Irish and British only identity,8
4371,2021,E02003500,2021 super output areas - middle layer,152,Cornish only identity,2
4372,2021,E02003500,2021 super output areas - middle layer,152,Cornish and British only identity,0
4373,2021,E02003500,2021 super output areas - middle layer,152,Any other combination of only UK identities ,16
4374,2021,E02003500,2021 super output areas - middle layer,152,Irish only identity,69
4375,2021,E02003500,2021 super output areas - middle layer,152,Irish and at least one UK identity,21
4376,2021,E02003500,2021 super output areas - middle layer,152,Other identity only,731
4377,2021,E02003500,2021 super output areas - middle layer,152,Other identity and at least one UK identity,307
4378,2021,E02003500,2021 super output areas - middle layer,152,Non-UK identity only,800
4379,2021,E02003500,2021 super output areas - middle layer,152,UK identity and non-UK identity,328
4380,2021,E02003501,2021 super output areas - middle layer,152,Total: All usual residents,8385
4381,2021,E02003501,2021 super output areas - middle layer,152,British only identity,4962
4382,2021,E02003501,2021 super output areas - middle layer,152,English only identity,791
4383,2021,E02003501,2021 super output areas - middle layer,152,English and British only identity,966
4384,2021,E02003501,2021 super output areas - middle layer,152,Welsh only identity,38
4385,2021,E02003501,2021 super output areas - middle layer,152,Welsh and British only identity,22
4386,2021,E02003501,2021 super output areas - middle layer,152,Any other combination of only UK identities,138
4387,2021,E02003501,2021 super output areas - middle layer,152,Scottish only identity,44
4388,2021,E02003501,2021 super output areas - middle layer,152,Scottish and British only identity,30
4389,2021,E02003501,2021 super output areas - middle layer,152,Northern Irish only identity,21
4390,2021,E02003501,2021 super output areas - middle layer,152,Northern Irish and British only identity,9
4391,2021,E02003501,2021 super output areas - middle layer,152,Cornish only identity,5
4392,2021,E02003501,2021 super output areas - middle layer,152,Cornish and British only identity,0
4393,2021,E02003501,2021 super output areas - middle layer,152,Any other combination of only UK identities ,29
4394,2021,E02003501,2021 super output areas - middle layer,152,Irish only identity,82
4395,2021,E02003501,2021 super output areas - middle layer,152,Irish and at least one UK identity,29
4396,2021,E02003501,2021 super output areas - middle layer,152,Other identity only,987
4397,2021,E02003501,2021 super output areas - middle layer,152,Other identity and at least one UK identity,370
4398,2021,E02003501,2021 super output areas - middle layer,152,Non-UK identity only,1069
4399,2021,E02003501,2021 super output areas - middle layer,152,UK identity and non-UK identity,399
4400,2021,E02003502,2021 super output areas - middle layer,152,Total: All usual residents,7779
4401,2021,E02003502,2021 super output areas - middle layer,152,British only identity,4720
4402,2021,E02003502,2021 super output areas - middle layer,152,English only identity,1171
4403,2021,E02003502,2021 super output areas - middle layer,152,English and British only identity,1069
4404,2021,E02003502,2021 super output areas - middle layer,152,Welsh only identity,19
4405,2021,E02003502,2021 super output areas - middle layer,152,Welsh and British only identity,6
4406,2021,E02003502,2021 super output areas - middle layer,152,Any other combination of only UK identities,68
4407,2021,E02003502,2021 super output areas - middle layer,152,Scottish only identity,29
4408,2021,E02003502,2021 super output areas - middle layer,152,Scottish and British only identity,16
4409,2021,E02003502,2021 super output areas - middle layer,152,Northern Irish only identity,5
4410,2021,E02003502,2021 super output areas - middle layer,152,Northern Irish and British only identity,4
4411,2021,E02003502,2021 super output areas - middle layer,152,Cornish only identity,0
4412,2021,E02003502,2021 super output areas - middle layer,152,Cornish and British only identity,0
4413,2021,E02003502,2021 super output areas - middle layer,152,Any other combination of only UK identities ,14
4414,2021,E02003502,2021 super output areas - middle layer,152,Irish only identity,47
4415,2021,E02003502,2021 super output areas - middle layer,152,Irish and at least one UK identity,15
4416,2021,E02003502,2021 super output areas - middle layer,152,Other identity only,520
4417,2021,E02003502,2021 super output areas - middle layer,152,Other identity and at least one UK identity,144
4418,2021,E02003502,2021 super output areas - middle layer,152,Non-UK identity only,567
4419,2021,E02003502,2021 super output areas - middle layer,152,UK identity and non-UK identity,159
4420,2021,E02003503,2021 super output areas - middle layer,152,Total: All usual residents,9080
4421,2021,E02003503,2021 super output areas - middle layer,152,British only identity,5681
4422,2021,E02003503,2021 super output areas - middle layer,152,English only identity,1198
4423,2021,E02003503,2021 super output areas - middle layer,152,English and British only identity,1222
4424,2021,E02003503,2021 super output areas - middle layer,152,Welsh only identity,28
4425,2021,E02003503,2021 super output areas - middle layer,152,Welsh and British only identity,9
4426,2021,E02003503,2021 super output areas - middle layer,152,Any other combination of only UK identities,86
4427,2021,E02003503,2021 super output areas - middle layer,152,Scottish only identity,38
4428,2021,E02003503,2021 super output areas - middle layer,152,Scottish and British only identity,14
4429,2021,E02003503,2021 super output areas - middle layer,152,Northern Irish only identity,14
4430,2021,E02003503,2021 super output areas - middle layer,152,Northern Irish and British only identity,5
4431,2021,E02003503,2021 super output areas - middle layer,152,Cornish only identity,1
4432,2021,E02003503,2021 super output areas - middle layer,152,Cornish and British only identity,0
4433,2021,E02003503,2021 super output areas - middle layer,152,Any other combination of only UK identities ,14
4434,2021,E02003503,2021 super output areas - middle layer,152,Irish only identity,49
4435,2021,E02003503,2021 super output areas - middle layer,152,Irish and at least one UK identity,9
4436,2021,E02003503,2021 super output areas - middle layer,152,Other identity only,618
4437,2021,E02003503,2021 super output areas - middle layer,152,Other identity and at least one UK identity,180
4438,2021,E02003503,2021 super output areas - middle layer,152,Non-UK identity only,667
4439,2021,E02003503,2021 super output areas - middle layer,152,UK identity and non-UK identity,189
4440,2021,E02003504,2021 super output areas - middle layer,152,Total: All usual residents,8557
4441,2021,E02003504,2021 super output areas - middle layer,152,British only identity,5021
4442,2021,E02003504,2021 super output areas - middle layer,152,English only identity,714
4443,2021,E02003504,2021 super output areas - middle layer,152,English and British only identity,984
4444,2021,E02003504,2021 super output areas - middle layer,152,Welsh only identity,65
4445,2021,E02003504,2021 super output areas - middle layer,152,Welsh and British only identity,25
4446,2021,E02003504,2021 super output areas - middle layer,152,Any other combination of only UK identities,160
4447,2021,E02003504,2021 super output areas - middle layer,152,Scottish only identity,65
4448,2021,E02003504,2021 super output areas - middle layer,152,Scottish and British only identity,25
4449,2021,E02003504,2021 super output areas - middle layer,152,Northern Irish only identity,22
4450,2021,E02003504,2021 super output areas - middle layer,152,Northern Irish and British only identity,12
4451,2021,E02003504,2021 super output areas - middle layer,152,Cornish only identity,4
4452,2021,E02003504,2021 super output areas - middle layer,152,Cornish and British only identity,0
4453,2021,E02003504,2021 super output areas - middle layer,152,Any other combination of only UK identities ,32
4454,2021,E02003504,2021 super output areas - middle layer,152,Irish only identity,64
4455,2021,E02003504,2021 super output areas - middle layer,152,Irish and at least one UK identity,22
4456,2021,E02003504,2021 super output areas - middle layer,152,Other identity only,1091
4457,2021,E02003504,2021 super output areas - middle layer,152,Other identity and at least one UK identity,411
4458,2021,E02003504,2021 super output areas - middle layer,152,Non-UK identity only,1155
4459,2021,E02003504,2021 super output areas - middle layer,152,UK identity and non-UK identity,433
4460,2021,E02003505,2021 super output areas - middle layer,152,Total: All usual residents,8967
4461,2021,E02003505,2021 super output areas - middle layer,152,British only identity,4941
4462,2021,E02003505,2021 super output areas - middle layer,152,English only identity,809
4463,2021,E02003505,2021 super output areas - middle layer,152,English and British only identity,1190
4464,2021,E02003505,2021 super output areas - middle layer,152,Welsh only identity,57
4465,2021,E02003505,2021 super output areas - middle layer,152,Welsh and British only identity,15
4466,2021,E02003505,2021 super output areas - middle layer,152,Any other combination of only UK identities,148
4467,2021,E02003505,2021 super output areas - middle layer,152,Scottish only identity,55
4468,2021,E02003505,2021 super output areas - middle layer,152,Scottish and British only identity,17
4469,2021,E02003505,2021 super output areas - middle layer,152,Northern Irish only identity,18
4470,2021,E02003505,2021 super output areas - middle layer,152,Northern Irish and British only identity,14
4471,2021,E02003505,2021 super output areas - middle layer,152,Cornish only identity,7
4472,2021,E02003505,2021 super output areas - middle layer,152,Cornish and British only identity,0
4473,2021,E02003505,2021 super output areas - middle layer,152,Any other combination of only UK identities ,37
4474,2021,E02003505,2021 super output areas - middle layer,152,Irish only identity,63
4475,2021,E02003505,2021 super output areas - middle layer,152,Irish and at least one UK identity,30
4476,2021,E02003505,2021 super output areas - middle layer,152,Other identity only,1335
4477,2021,E02003505,2021 super output areas - middle layer,152,Other identity and at least one UK identity,379
4478,2021,E02003505,2021 super output areas - middle layer,152,Non-UK identity only,1398
4479,2021,E02003505,2021 super output areas - middle layer,152,UK identity and non-UK identity,409
4480,2021,E02003506,2021 super output areas - middle layer,152,Total: All usual residents,7167
4481,2021,E02003506,2021 super output areas - middle layer,152,British only identity,4455
4482,2021,E02003506,2021 super output areas - middle layer,152,English only identity,694
4483,2021,E02003506,2021 super output areas - middle layer,152,English and British only identity,849
4484,2021,E02003506,2021 super output areas - middle layer,152,Welsh only identity,20
4485,2021,E02003506,2021 super output areas - middle layer,152,Welsh and British only identity,11
4486,2021,E02003506,2021 super output areas - middle layer,152,Any other combination of only UK identities,95
4487,2021,E02003506,2021 super output areas - middle layer,152,Scottish only identity,43
4488,2021,E02003506,2021 super output areas - middle layer,152,Scottish and British only identity,15
4489,2021,E02003506,2021 super output areas - middle layer,152,Northern Irish only identity,13
4490,2021,E02003506,2021 super output areas - middle layer,152,Northern Irish and British only identity,6
4491,2021,E02003506,2021 super output areas - middle layer,152,Cornish only identity,2
4492,2021,E02003506,2021 super output areas - middle layer,152,Cornish and British only identity,0
4493,2021,E02003506,2021 super output areas - middle layer,152,Any other combination of only UK identities ,16
4494,2021,E02003506,2021 super output areas - middle layer,152,Irish only identity,96
4495,2021,E02003506,2021 super output areas - middle layer,152,Irish and at least one UK identity,17
4496,2021,E02003506,2021 super output areas - middle layer,152,Other identity only,661
4497,2021,E02003506,2021 super output areas - middle layer,152,Other identity and at least one UK identity,269
4498,2021,E02003506,2021 super output areas - middle layer,152,Non-UK identity only,757
4499,2021,E02003506,2021 super output areas - middle layer,152,UK identity and non-UK identity,286
4500,2021,E02003507,2021 super output areas - middle layer,152,Total: All usual residents,9774
4501,2021,E02003507,2021 super output areas - middle layer,152,British only identity,5864
4502,2021,E02003507,2021 super output areas - middle layer,152,English only identity,1474
4503,2021,E02003507,2021 super output areas - middle layer,152,English and British only identity,1526
4504,2021,E02003507,2021 super output areas - middle layer,152,Welsh only identity,27
4505,2021,E02003507,2021 super output areas - middle layer,152,Welsh and British only identity,8
4506,2021,E02003507,2021 super output areas - middle layer,152,Any other combination of only UK identities,96
4507,2021,E02003507,2021 super output areas - middle layer,152,Scottish only identity,42
4508,2021,E02003507,2021 super output areas - middle layer,152,Scottish and British only identity,12
4509,2021,E02003507,2021 super output areas - middle layer,152,Northern Irish only identity,19
4510,2021,E02003507,2021 super output areas - middle layer,152,Northern Irish and British only identity,6
4511,2021,E02003507,2021 super output areas - middle layer,152,Cornish only identity,3
4512,2021,E02003507,2021 super output areas - middle layer,152,Cornish and British only identity,0
4513,2021,E02003507,2021 super output areas - middle layer,152,Any other combination of only UK identities ,14
4514,2021,E02003507,2021 super output areas - middle layer,152,Irish only identity,54
4515,2021,E02003507,2021 super output areas - middle layer,152,Irish and at least one UK identity,21
4516,2021,E02003507,2021 super output areas - middle layer,152,Other identity only,529
4517,2021,E02003507,2021 super output areas - middle layer,152,Other identity and at least one UK identity,175
4518,2021,E02003507,2021 super output areas - middle layer,152,Non-UK identity only,583
4519,2021,E02003507,2021 super output areas - middle layer,152,UK identity and non-UK identity,196
4520,2021,E02003508,2021 super output areas - middle layer,152,Total: All usual residents,8707
4521,2021,E02003508,2021 super output areas - middle layer,152,British only identity,5056
4522,2021,E02003508,2021 super output areas - middle layer,152,English only identity,813
4523,2021,E02003508,2021 super output areas - middle layer,152,English and British only identity,1116
4524,2021,E02003508,2021 super output areas - middle layer,152,Welsh only identity,57
4525,2021,E02003508,2021 super output areas - middle layer,152,Welsh and British only identity,19
4526,2021,E02003508,2021 super output areas - middle layer,152,Any other combination of only UK identities,164
4527,2021,E02003508,2021 super output areas - middle layer,152,Scottish only identity,66
4528,2021,E02003508,2021 super output areas - middle layer,152,Scottish and British only identity,17
4529,2021,E02003508,2021 super output areas - middle layer,152,Northern Irish only identity,34
4530,2021,E02003508,2021 super output areas - middle layer,152,Northern Irish and British only identity,11
4531,2021,E02003508,2021 super output areas - middle layer,152,Cornish only identity,8
4532,2021,E02003508,2021 super output areas - middle layer,152,Cornish and British only identity,0
4533,2021,E02003508,2021 super output areas - middle layer,152,Any other combination of only UK identities ,28
4534,2021,E02003508,2021 super output areas - middle layer,152,Irish only identity,91
4535,2021,E02003508,2021 super output areas - middle layer,152,Irish and at least one UK identity,38
4536,2021,E02003508,2021 super output areas - middle layer,152,Other identity only,989
4537,2021,E02003508,2021 super output areas - middle layer,152,Other identity and at least one UK identity,364
4538,2021,E02003508,2021 super output areas - middle layer,152,Non-UK identity only,1080
4539,2021,E02003508,2021 super output areas - middle layer,152,UK identity and non-UK identity,402
4540,2021,E02003509,2021 super output areas - middle layer,152,Total: All usual residents,8889
4541,2021,E02003509,2021 super output areas - middle layer,152,British only identity,4916
4542,2021,E02003509,2021 super output areas - middle layer,152,English only identity,914
4543,2021,E02003509,2021 super output areas - middle layer,152,English and British only identity,949
4544,2021,E02003509,2021 super output areas - middle layer,152,Welsh only identity,38
4545,2021,E02003509,2021 super output areas - middle layer,152,Welsh and British only identity,14
4546,2021,E02003509,2021 super output areas - middle layer,152,Any other combination of only UK identities,157
4547,2021,E02003509,2021 super output areas - middle layer,152,Scottish only identity,68
4548,2021,E02003509,2021 super output areas - middle layer,152,Scottish and British only identity,35
4549,2021,E02003509,2021 super output areas - middle layer,152,Northern Irish only identity,14
4550,2021,E02003509,2021 super output areas - middle layer,152,Northern Irish and British only identity,8
4551,2021,E02003509,2021 super output areas - middle layer,152,Cornish only identity,3
4552,2021,E02003509,2021 super output areas - middle layer,152,Cornish and British only identity,0
4553,2021,E02003509,2021 super output areas - middle layer,152,Any other combination of only UK identities ,29
4554,2021,E02003509,2021 super output areas - middle layer,152,Irish only identity,93
4555,2021,E02003509,2021 super output areas - middle layer,152,Irish and at least one UK identity,22
4556,2021,E02003509,2021 super output areas - middle layer,152,Other identity only,1407
4557,2021,E02003509,2021 super output areas - middle layer,152,Other identity and at least one UK identity,379
4558,2021,E02003509,2021 super output areas - middle layer,152,Non-UK identity only,1500
4559,2021,E02003509,2021 super output areas - middle layer,152,UK identity and non-UK identity,401
4560,2021,E02003510,2021 super output areas - middle layer,152,Total: All usual residents,8652
4561,2021,E02003510,2021 super output areas - middle layer,152,British only identity,4827
4562,2021,E02003510,2021 super output areas - middle layer,152,English only identity,796
4563,2021,E02003510,2021 super output areas - middle layer,152,English and British only identity,832
4564,2021,E02003510,2021 super output areas - middle layer,152,Welsh only identity,33
4565,2021,E02003510,2021 super output areas - middle layer,152,Welsh and British only identity,20
4566,2021,E02003510,2021 super output areas - middle layer,152,Any other combination of only UK identities,151
4567,2021,E02003510,2021 super output areas - middle layer,152,Scottish only identity,56
4568,2021,E02003510,2021 super output areas - middle layer,152,Scottish and British only identity,26
4569,2021,E02003510,2021 super output areas - middle layer,152,Northern Irish only identity,28
4570,2021,E02003510,2021 super output areas - middle layer,152,Northern Irish and British only identity,4
4571,2021,E02003510,2021 super output areas - middle layer,152,Cornish only identity,0
4572,2021,E02003510,2021 super output areas - middle layer,152,Cornish and British only identity,1
4573,2021,E02003510,2021 super output areas - middle layer,152,Any other combination of only UK identities ,36
4574,2021,E02003510,2021 super output areas - middle layer,152,Irish only identity,94
4575,2021,E02003510,2021 super output areas - middle layer,152,Irish and at least one UK identity,30
4576,2021,E02003510,2021 super output areas - middle layer,152,Other identity only,1448
4577,2021,E02003510,2021 super output areas - middle layer,152,Other identity and at least one UK identity,421
4578,2021,E02003510,2021 super output areas - middle layer,152,Non-UK identity only,1542
4579,2021,E02003510,2021 super output areas - middle layer,152,UK identity and non-UK identity,451
4580,2021,E02003511,2021 super output areas - middle layer,152,Total: All usual residents,8649
4581,2021,E02003511,2021 super output areas - middle layer,152,British only identity,5329
4582,2021,E02003511,2021 super output areas - middle layer,152,English only identity,933
4583,2021,E02003511,2021 super output areas - middle layer,152,English and British only identity,1033
4584,2021,E02003511,2021 super output areas - middle layer,152,Welsh only identity,43
4585,2021,E02003511,2021 super output areas - middle layer,152,Welsh and British only identity,9
4586,2021,E02003511,2021 super output areas - middle layer,152,Any other combination of only UK identities,112
4587,2021,E02003511,2021 super output areas - middle layer,152,Scottish only identity,45
4588,2021,E02003511,2021 super output areas - middle layer,152,Scottish and British only identity,24
4589,2021,E02003511,2021 super output areas - middle layer,152,Northern Irish only identity,16
4590,2021,E02003511,2021 super output areas - middle layer,152,Northern Irish and British only identity,5
4591,2021,E02003511,2021 super output areas - middle layer,152,Cornish only identity,3
4592,2021,E02003511,2021 super output areas - middle layer,152,Cornish and British only identity,1
4593,2021,E02003511,2021 super output areas - middle layer,152,Any other combination of only UK identities ,18
4594,2021,E02003511,2021 super output areas - middle layer,152,Irish only identity,63
4595,2021,E02003511,2021 super output areas - middle layer,152,Irish and at least one UK identity,29
4596,2021,E02003511,2021 super output areas - middle layer,152,Other identity only,834
4597,2021,E02003511,2021 super output areas - middle layer,152,Other identity and at least one UK identity,264
4598,2021,E02003511,2021 super output areas - middle layer,152,Non-UK identity only,897
4599,2021,E02003511,2021 super output areas - middle layer,152,UK identity and non-UK identity,293
4600,2021,E02003512,2021 super output areas - middle layer,152,Total: All usual residents,8956
4601,2021,E02003512,2021 super output areas - middle layer,152,British only identity,5198
4602,2021,E02003512,2021 super output areas - middle layer,152,English only identity,765
4603,2021,E02003512,2021 super output areas - middle layer,152,English and British only identity,1085
4604,2021,E02003512,2021 super output areas - middle layer,152,Welsh only identity,45
4605,2021,E02003512,2021 super output areas - middle layer,152,Welsh and British only identity,23
4606,2021,E02003512,2021 super output areas - middle layer,152,Any other combination of only UK identities,140
4607,2021,E02003512,2021 super output areas - middle layer,152,Scottish only identity,49
4608,2021,E02003512,2021 super output areas - middle layer,152,Scottish and British only identity,17
4609,2021,E02003512,2021 super output areas - middle layer,152,Northern Irish only identity,15
4610,2021,E02003512,2021 super output areas - middle layer,152,Northern Irish and British only identity,8
4611,2021,E02003512,2021 super output areas - middle layer,152,Cornish only identity,5
4612,2021,E02003512,2021 super output areas - middle layer,152,Cornish and British only identity,0
4613,2021,E02003512,2021 super output areas - middle layer,152,Any other combination of only UK identities ,46
4614,2021,E02003512,2021 super output areas - middle layer,152,Irish only identity,91
4615,2021,E02003512,2021 super output areas - middle layer,152,Irish and at least one UK identity,43
4616,2021,E02003512,2021 super output areas - middle layer,152,Other identity only,1135
4617,2021,E02003512,2021 super output areas - middle layer,152,Other identity and at least one UK identity,431
4618,2021,E02003512,2021 super output areas - middle layer,152,Non-UK identity only,1226
4619,2021,E02003512,2021 super output areas - middle layer,152,UK identity and non-UK identity,474
4620,2021,E02003513,2021 super output areas - middle layer,152,Total: All usual residents,6488
4621,2021,E02003513,2021 super output areas - middle layer,152,British only identity,3992
4622,2021,E02003513,2021 super output areas - middle layer,152,English only identity,634
4623,2021,E02003513,2021 super output areas - middle layer,152,English and British only identity,732
4624,2021,E02003513,2021 super output areas - middle layer,152,Welsh only identity,31
4625,2021,E02003513,2021 super output areas - middle layer,152,Welsh and British only identity,13
4626,2021,E02003513,2021 super output areas - middle layer,152,Any other combination of only UK identities,95
4627,2021,E02003513,2021 super output areas - middle layer,152,Scottish only identity,35
4628,2021,E02003513,2021 super output areas - middle layer,152,Scottish and British only identity,15
4629,2021,E02003513,2021 super output areas - middle layer,152,Northern Irish only identity,19
4630,2021,E02003513,2021 super output areas - middle layer,152,Northern Irish and British only identity,11
4631,2021,E02003513,2021 super output areas - middle layer,152,Cornish only identity,0
4632,2021,E02003513,2021 super output areas - middle layer,152,Cornish and British only identity,0
4633,2021,E02003513,2021 super output areas - middle layer,152,Any other combination of only UK identities ,15
4634,2021,E02003513,2021 super output areas - middle layer,152,Irish only identity,76
4635,2021,E02003513,2021 super output areas - middle layer,152,Irish and at least one UK identity,18
4636,2021,E02003513,2021 super output areas - middle layer,152,Other identity only,685
4637,2021,E02003513,2021 super output areas - middle layer,152,Other identity and at least one UK identity,212
4638,2021,E02003513,2021 super output areas - middle layer,152,Non-UK identity only,761
4639,2021,E02003513,2021 super output areas - middle layer,152,UK identity and non-UK identity,230
4640,2021,E02003514,2021 super output areas - middle layer,152,Total: All usual residents,8467
4641,2021,E02003514,2021 super output areas - middle layer,152,British only identity,4397
4642,2021,E02003514,2021 super output areas - middle layer,152,English only identity,784
4643,2021,E02003514,2021 super output areas - middle layer,152,English and British only identity,897
4644,2021,E02003514,2021 super output areas - middle layer,152,Welsh only identity,36
4645,2021,E02003514,2021 super output areas - middle layer,152,Welsh and British only identity,22
4646,2021,E02003514,2021 super output areas - middle layer,152,Any other combination of only UK identities,175
4647,2021,E02003514,2021 super output areas - middle layer,152,Scottish only identity,47
4648,2021,E02003514,2021 super output areas - middle layer,152,Scottish and British only identity,33
4649,2021,E02003514,2021 super output areas - middle layer,152,Northern Irish only identity,25
4650,2021,E02003514,2021 super output areas - middle layer,152,Northern Irish and British only identity,8
4651,2021,E02003514,2021 super output areas - middle layer,152,Cornish only identity,18
4652,2021,E02003514,2021 super output areas - middle layer,152,Cornish and British only identity,1
4653,2021,E02003514,2021 super output areas - middle layer,152,Any other combination of only UK identities ,43
4654,2021,E02003514,2021 super output areas - middle layer,152,Irish only identity,88
4655,2021,E02003514,2021 super output areas - middle layer,152,Irish and at least one UK identity,33
4656,2021,E02003514,2021 super output areas - middle layer,152,Other identity only,1597
4657,2021,E02003514,2021 super output areas - middle layer,152,Other identity and at least one UK identity,438
4658,2021,E02003514,2021 super output areas - middle layer,152,Non-UK identity only,1685
4659,2021,E02003514,2021 super output areas - middle layer,152,UK identity and non-UK identity,471
4660,2021,E02003515,2021 super output areas - middle layer,152,Total: All usual residents,9090
4661,2021,E02003515,2021 super output areas - middle layer,152,British only identity,5434
4662,2021,E02003515,2021 super output areas - middle layer,152,English only identity,1238
4663,2021,E02003515,2021 super output areas - middle layer,152,English and British only identity,1368
4664,2021,E02003515,2021 super output areas - middle layer,152,Welsh only identity,20
4665,2021,E02003515,2021 super output areas - middle layer,152,Welsh and British only identity,4
4666,2021,E02003515,2021 super output areas - middle layer,152,Any other combination of only UK identities,79
4667,2021,E02003515,2021 super output areas - middle layer,152,Scottish only identity,43
4668,2021,E02003515,2021 super output areas - middle layer,152,Scottish and British only identity,13
4669,2021,E02003515,2021 super output areas - middle layer,152,Northern Irish only identity,9
4670,2021,E02003515,2021 super output areas - middle layer,152,Northern Irish and British only identity,3
4671,2021,E02003515,2021 super output areas - middle layer,152,Cornish only identity,2
4672,2021,E02003515,2021 super output areas - middle layer,152,Cornish and British only identity,0
4673,2021,E02003515,2021 super output areas - middle layer,152,Any other combination of only UK identities ,9
4674,2021,E02003515,2021 super output areas - middle layer,152,Irish only identity,53
4675,2021,E02003515,2021 super output areas - middle layer,152,Irish and at least one UK identity,22
4676,2021,E02003515,2021 super output areas - middle layer,152,Other identity only,699
4677,2021,E02003515,2021 super output areas - middle layer,152,Other identity and at least one UK identity,173
4678,2021,E02003515,2021 super output areas - middle layer,152,Non-UK identity only,752
4679,2021,E02003515,2021 super output areas - middle layer,152,UK identity and non-UK identity,195
4680,2021,E02003516,2021 super output areas - middle layer,152,Total: All usual residents,8180
4681,2021,E02003516,2021 super output areas - middle layer,152,British only identity,4246
4682,2021,E02003516,2021 super output areas - middle layer,152,English only identity,759
4683,2021,E02003516,2021 super output areas - middle layer,152,English and British only identity,869
4684,2021,E02003516,2021 super output areas - middle layer,152,Welsh only identity,42
4685,2021,E02003516,2021 super output areas - middle layer,152,Welsh and British only identity,30
4686,2021,E02003516,2021 super output areas - middle layer,152,Any other combination of only UK identities,150
4687,2021,E02003516,2021 super output areas - middle layer,152,Scottish only identity,50
4688,2021,E02003516,2021 super output areas - middle layer,152,Scottish and British only identity,33
4689,2021,E02003516,2021 super output areas - middle layer,152,Northern Irish only identity,22
4690,2021,E02003516,2021 super output areas - middle layer,152,Northern Irish and British only identity,10
4691,2021,E02003516,2021 super output areas - middle layer,152,Cornish only identity,6
4692,2021,E02003516,2021 super output areas - middle layer,152,Cornish and British only identity,0
4693,2021,E02003516,2021 super output areas - middle layer,152,Any other combination of only UK identities ,29
4694,2021,E02003516,2021 super output areas - middle layer,152,Irish only identity,69
4695,2021,E02003516,2021 super output areas - middle layer,152,Irish and at least one UK identity,20
4696,2021,E02003516,2021 super output areas - middle layer,152,Other identity only,1604
4697,2021,E02003516,2021 super output areas - middle layer,152,Other identity and at least one UK identity,391
4698,2021,E02003516,2021 super output areas - middle layer,152,Non-UK identity only,1673
4699,2021,E02003516,2021 super output areas - middle layer,152,UK identity and non-UK identity,411
4700,2021,E02003517,2021 super output areas - middle layer,152,Total: All usual residents,10738
4701,2021,E02003517,2021 super output areas - middle layer,152,British only identity,5248
4702,2021,E02003517,2021 super output areas - middle layer,152,English only identity,896
4703,2021,E02003517,2021 super output areas - middle layer,152,English and British only identity,1189
4704,2021,E02003517,2021 super output areas - middle layer,152,Welsh only identity,58
4705,2021,E02003517,2021 super output areas - middle layer,152,Welsh and British only identity,20
4706,2021,E02003517,2021 super output areas - middle layer,152,Any other combination of only UK identities,195
4707,2021,E02003517,2021 super output areas - middle layer,152,Scottish only identity,77
4708,2021,E02003517,2021 super output areas - middle layer,152,Scottish and British only identity,31
4709,2021,E02003517,2021 super output areas - middle layer,152,Northern Irish only identity,32
4710,2021,E02003517,2021 super output areas - middle layer,152,Northern Irish and British only identity,7
4711,2021,E02003517,2021 super output areas - middle layer,152,Cornish only identity,6
4712,2021,E02003517,2021 super output areas - middle layer,152,Cornish and British only identity,0
4713,2021,E02003517,2021 super output areas - middle layer,152,Any other combination of only UK identities ,42
4714,2021,E02003517,2021 super output areas - middle layer,152,Irish only identity,97
4715,2021,E02003517,2021 super output areas - middle layer,152,Irish and at least one UK identity,38
4716,2021,E02003517,2021 super output areas - middle layer,152,Other identity only,2488
4717,2021,E02003517,2021 super output areas - middle layer,152,Other identity and at least one UK identity,509
4718,2021,E02003517,2021 super output areas - middle layer,152,Non-UK identity only,2585
4719,2021,E02003517,2021 super output areas - middle layer,152,UK identity and non-UK identity,547
4720,2021,E02003518,2021 super output areas - middle layer,152,Total: All usual residents,7574
4721,2021,E02003518,2021 super output areas - middle layer,152,British only identity,4371
4722,2021,E02003518,2021 super output areas - middle layer,152,English only identity,783
4723,2021,E02003518,2021 super output areas - middle layer,152,English and British only identity,834
4724,2021,E02003518,2021 super output areas - middle layer,152,Welsh only identity,29
4725,2021,E02003518,2021 super output areas - middle layer,152,Welsh and British only identity,9
4726,2021,E02003518,2021 super output areas - middle layer,152,Any other combination of only UK identities,120
4727,2021,E02003518,2021 super output areas - middle layer,152,Scottish only identity,53
4728,2021,E02003518,2021 super output areas - middle layer,152,Scottish and British only identity,22
4729,2021,E02003518,2021 super output areas - middle layer,152,Northern Irish only identity,13
4730,2021,E02003518,2021 super output areas - middle layer,152,Northern Irish and British only identity,3
4731,2021,E02003518,2021 super output areas - middle layer,152,Cornish only identity,3
4732,2021,E02003518,2021 super output areas - middle layer,152,Cornish and British only identity,0
4733,2021,E02003518,2021 super output areas - middle layer,152,Any other combination of only UK identities ,26
4734,2021,E02003518,2021 super output areas - middle layer,152,Irish only identity,106
4735,2021,E02003518,2021 super output areas - middle layer,152,Irish and at least one UK identity,22
4736,2021,E02003518,2021 super output areas - middle layer,152,Other identity only,1042
4737,2021,E02003518,2021 super output areas - middle layer,152,Other identity and at least one UK identity,258
4738,2021,E02003518,2021 super output areas - middle layer,152,Non-UK identity only,1148
4739,2021,E02003518,2021 super output areas - middle layer,152,UK identity and non-UK identity,280
4740,2021,E02003519,2021 super output areas - middle layer,152,Total: All usual residents,8237
4741,2021,E02003519,2021 super output areas - middle layer,152,British only identity,4217
4742,2021,E02003519,2021 super output areas - middle layer,152,English only identity,771
4743,2021,E02003519,2021 super output areas - middle layer,152,English and British only identity,874
4744,2021,E02003519,2021 super output areas - middle layer,152,Welsh only identity,38
4745,2021,E02003519,2021 super output areas - middle layer,152,Welsh and British only identity,25
4746,2021,E02003519,2021 super output areas - middle layer,152,Any other combination of only UK identities,146
4747,2021,E02003519,2021 super output areas - middle layer,152,Scottish only identity,51
4748,2021,E02003519,2021 super output areas - middle layer,152,Scottish and British only identity,27
4749,2021,E02003519,2021 super output areas - middle layer,152,Northern Irish only identity,29
4750,2021,E02003519,2021 super output areas - middle layer,152,Northern Irish and British only identity,5
4751,2021,E02003519,2021 super output areas - middle layer,152,Cornish only identity,1
4752,2021,E02003519,2021 super output areas - middle layer,152,Cornish and British only identity,1
4753,2021,E02003519,2021 super output areas - middle layer,152,Any other combination of only UK identities ,32
4754,2021,E02003519,2021 super output areas - middle layer,152,Irish only identity,99
4755,2021,E02003519,2021 super output areas - middle layer,152,Irish and at least one UK identity,23
4756,2021,E02003519,2021 super output areas - middle layer,152,Other identity only,1654
4757,2021,E02003519,2021 super output areas - middle layer,152,Other identity and at least one UK identity,390
4758,2021,E02003519,2021 super output areas - middle layer,152,Non-UK identity only,1753
4759,2021,E02003519,2021 super output areas - middle layer,152,UK identity and non-UK identity,413
4760,2021,E02003520,2021 super output areas - middle layer,152,Total: All usual residents,9171
4761,2021,E02003520,2021 super output areas - middle layer,152,British only identity,4836
4762,2021,E02003520,2021 super output areas - middle layer,152,English only identity,899
4763,2021,E02003520,2021 super output areas - middle layer,152,English and British only identity,1034
4764,2021,E02003520,2021 super output areas - middle layer,152,Welsh only identity,47
4765,2021,E02003520,2021 super output areas - middle layer,152,Welsh and British only identity,9
4766,2021,E02003520,2021 super output areas - middle layer,152,Any other combination of only UK identities,127
4767,2021,E02003520,2021 super output areas - middle layer,152,Scottish only identity,53
4768,2021,E02003520,2021 super output areas - middle layer,152,Scottish and British only identity,17
4769,2021,E02003520,2021 super output areas - middle layer,152,Northern Irish only identity,18
4770,2021,E02003520,2021 super output areas - middle layer,152,Northern Irish and British only identity,5
4771,2021,E02003520,2021 super output areas - middle layer,152,Cornish only identity,0
4772,2021,E02003520,2021 super output areas - middle layer,152,Cornish and British only identity,0
4773,2021,E02003520,2021 super output areas - middle layer,152,Any other combination of only UK identities ,34
4774,2021,E02003520,2021 super output areas - middle layer,152,Irish only identity,91
4775,2021,E02003520,2021 super output areas - middle layer,152,Irish and at least one UK identity,32
4776,2021,E02003520,2021 super output areas - middle layer,152,Other identity only,1708
4777,2021,E02003520,2021 super output areas - middle layer,152,Other identity and at least one UK identity,388
4778,2021,E02003520,2021 super output areas - middle layer,152,Non-UK identity only,1799
4779,2021,E02003520,2021 super output areas - middle layer,152,UK identity and non-UK identity,420
4780,2021,E02003521,2021 super output areas - middle layer,152,Total: All usual residents,8079
4781,2021,E02003521,2021 super output areas - middle layer,152,British only identity,4348
4782,2021,E02003521,2021 super output areas - middle layer,152,English only identity,909
4783,2021,E02003521,2021 super output areas - middle layer,152,English and British only identity,954
4784,2021,E02003521,2021 super output areas - middle layer,152,Welsh only identity,55
4785,2021,E02003521,2021 super output areas - middle layer,152,Welsh and British only identity,18
4786,2021,E02003521,2021 super output areas - middle layer,152,Any other combination of only UK identities,180
4787,2021,E02003521,2021 super output areas - middle layer,152,Scottish only identity,72
4788,2021,E02003521,2021 super output areas - middle layer,152,Scottish and British only identity,26
4789,2021,E02003521,2021 super output areas - middle layer,152,Northern Irish only identity,22
4790,2021,E02003521,2021 super output areas - middle layer,152,Northern Irish and British only identity,11
4791,2021,E02003521,2021 super output areas - middle layer,152,Cornish only identity,3
4792,2021,E02003521,2021 super output areas - middle layer,152,Cornish and British only identity,2
4793,2021,E02003521,2021 super output areas - middle layer,152,Any other combination of only UK identities ,44
4794,2021,E02003521,2021 super output areas - middle layer,152,Irish only identity,92
4795,2021,E02003521,2021 super output areas - middle layer,152,Irish and at least one UK identity,25
4796,2021,E02003521,2021 super output areas - middle layer,152,Other identity only,1184
4797,2021,E02003521,2021 super output areas - middle layer,152,Other identity and at least one UK identity,314
4798,2021,E02003521,2021 super output areas - middle layer,152,Non-UK identity only,1276
4799,2021,E02003521,2021 super output areas - middle layer,152,UK identity and non-UK identity,339
4800,2021,E02003522,2021 super output areas - middle layer,152,Total: All usual residents,7806
4801,2021,E02003522,2021 super output areas - middle layer,152,British only identity,4109
4802,2021,E02003522,2021 super output areas - middle layer,152,English only identity,874
4803,2021,E02003522,2021 super output areas - middle layer,152,English and British only identity,784
4804,2021,E02003522,2021 super output areas - middle layer,152,Welsh only identity,36
4805,2021,E02003522,2021 super output areas - middle layer,152,Welsh and British only identity,7
4806,2021,E02003522,2021 super output areas - middle layer,152,Any other combination of only UK identities,126
4807,2021,E02003522,2021 super output areas - middle layer,152,Scottish only identity,46
4808,2021,E02003522,2021 super output areas - middle layer,152,Scottish and British only identity,10
4809,2021,E02003522,2021 super output areas - middle layer,152,Northern Irish only identity,28
4810,2021,E02003522,2021 super output areas - middle layer,152,Northern Irish and British only identity,5
4811,2021,E02003522,2021 super output areas - middle layer,152,Cornish only identity,3
4812,2021,E02003522,2021 super output areas - middle layer,152,Cornish and British only identity,0
4813,2021,E02003522,2021 super output areas - middle layer,152,Any other combination of only UK identities ,34
4814,2021,E02003522,2021 super output areas - middle layer,152,Irish only identity,88
4815,2021,E02003522,2021 super output areas - middle layer,152,Irish and at least one UK identity,13
4816,2021,E02003522,2021 super output areas - middle layer,152,Other identity only,1438
4817,2021,E02003522,2021 super output areas - middle layer,152,Other identity and at least one UK identity,331
4818,2021,E02003522,2021 super output areas - middle layer,152,Non-UK identity only,1526
4819,2021,E02003522,2021 super output areas - middle layer,152,UK identity and non-UK identity,344
4820,2021,E02003523,2021 super output areas - middle layer,152,Total: All usual residents,10160
4821,2021,E02003523,2021 super output areas - middle layer,152,British only identity,5929
4822,2021,E02003523,2021 super output areas - middle layer,152,English only identity,1720
4823,2021,E02003523,2021 super output areas - middle layer,152,English and British only identity,1281
4824,2021,E02003523,2021 super output areas - middle layer,152,Welsh only identity,47
4825,2021,E02003523,2021 super output areas - middle layer,152,Welsh and British only identity,19
4826,2021,E02003523,2021 super output areas - middle layer,152,Any other combination of only UK identities,155
4827,2021,E02003523,2021 super output areas - middle layer,152,Scottish only identity,78
4828,2021,E02003523,2021 super output areas - middle layer,152,Scottish and British only identity,28
4829,2021,E02003523,2021 super output areas - middle layer,152,Northern Irish only identity,19
4830,2021,E02003523,2021 super output areas - middle layer,152,Northern Irish and British only identity,8
4831,2021,E02003523,2021 super output areas - middle layer,152,Cornish only identity,1
4832,2021,E02003523,2021 super output areas - middle layer,152,Cornish and British only identity,0
4833,2021,E02003523,2021 super output areas - middle layer,152,Any other combination of only UK identities ,21
4834,2021,E02003523,2021 super output areas - middle layer,152,Irish only identity,84
4835,2021,E02003523,2021 super output areas - middle layer,152,Irish and at least one UK identity,27
4836,2021,E02003523,2021 super output areas - middle layer,152,Other identity only,670
4837,2021,E02003523,2021 super output areas - middle layer,152,Other identity and at least one UK identity,228
4838,2021,E02003523,2021 super output areas - middle layer,152,Non-UK identity only,754
4839,2021,E02003523,2021 super output areas - middle layer,152,UK identity and non-UK identity,255
4840,2021,E02003524,2021 super output areas - middle layer,152,Total: All usual residents,8114
4841,2021,E02003524,2021 super output areas - middle layer,152,British only identity,4878
4842,2021,E02003524,2021 super output areas - middle layer,152,English only identity,1231
4843,2021,E02003524,2021 super output areas - middle layer,152,English and British only identity,1539
4844,2021,E02003524,2021 super output areas - middle layer,152,Welsh only identity,17
4845,2021,E02003524,2021 super output areas - middle layer,152,Welsh and British only identity,8
4846,2021,E02003524,2021 super output areas - middle layer,152,Any other combination of only UK identities,52
4847,2021,E02003524,2021 super output areas - middle layer,152,Scottish only identity,25
4848,2021,E02003524,2021 super output areas - middle layer,152,Scottish and British only identity,13
4849,2021,E02003524,2021 super output areas - middle layer,152,Northern Irish only identity,5
4850,2021,E02003524,2021 super output areas - middle layer,152,Northern Irish and British only identity,2
4851,2021,E02003524,2021 super output areas - middle layer,152,Cornish only identity,2
4852,2021,E02003524,2021 super output areas - middle layer,152,Cornish and British only identity,0
4853,2021,E02003524,2021 super output areas - middle layer,152,Any other combination of only UK identities ,5
4854,2021,E02003524,2021 super output areas - middle layer,152,Irish only identity,9
4855,2021,E02003524,2021 super output areas - middle layer,152,Irish and at least one UK identity,0
4856,2021,E02003524,2021 super output areas - middle layer,152,Other identity only,307
4857,2021,E02003524,2021 super output areas - middle layer,152,Other identity and at least one UK identity,73
4858,2021,E02003524,2021 super output areas - middle layer,152,Non-UK identity only,316
4859,2021,E02003524,2021 super output areas - middle layer,152,UK identity and non-UK identity,73
4860,2021,E02003525,2021 super output areas - middle layer,152,Total: All usual residents,6438
4861,2021,E02003525,2021 super output areas - middle layer,152,British only identity,3471
4862,2021,E02003525,2021 super output areas - middle layer,152,English only identity,990
4863,2021,E02003525,2021 super output areas - middle layer,152,English and British only identity,1221
4864,2021,E02003525,2021 super output areas - middle layer,152,Welsh only identity,6
4865,2021,E02003525,2021 super output areas - middle layer,152,Welsh and British only identity,5
4866,2021,E02003525,2021 super output areas - middle layer,152,Any other combination of only UK identities,42
4867,2021,E02003525,2021 super output areas - middle layer,152,Scottish only identity,27
4868,2021,E02003525,2021 super output areas - middle layer,152,Scottish and British only identity,8
4869,2021,E02003525,2021 super output areas - middle layer,152,Northern Irish only identity,4
4870,2021,E02003525,2021 super output areas - middle layer,152,Northern Irish and British only identity,0
4871,2021,E02003525,2021 super output areas - middle layer,152,Cornish only identity,0
4872,2021,E02003525,2021 super output areas - middle layer,152,Cornish and British only identity,0
4873,2021,E02003525,2021 super output areas - middle layer,152,Any other combination of only UK identities ,3
4874,2021,E02003525,2021 super output areas - middle layer,152,Irish only identity,12
4875,2021,E02003525,2021 super output areas - middle layer,152,Irish and at least one UK identity,0
4876,2021,E02003525,2021 super output areas - middle layer,152,Other identity only,624
4877,2021,E02003525,2021 super output areas - middle layer,152,Other identity and at least one UK identity,67
4878,2021,E02003525,2021 super output areas - middle layer,152,Non-UK identity only,636
4879,2021,E02003525,2021 super output areas - middle layer,152,UK identity and non-UK identity,67
4880,2021,E02003526,2021 super output areas - middle layer,152,Total: All usual residents,6831
4881,2021,E02003526,2021 super output areas - middle layer,152,British only identity,4020
4882,2021,E02003526,2021 super output areas - middle layer,152,English only identity,1221
4883,2021,E02003526,2021 super output areas - middle layer,152,English and British only identity,1090
4884,2021,E02003526,2021 super output areas - middle layer,152,Welsh only identity,28
4885,2021,E02003526,2021 super output areas - middle layer,152,Welsh and British only identity,9
4886,2021,E02003526,2021 super output areas - middle layer,152,Any other combination of only UK identities,83
4887,2021,E02003526,2021 super output areas - middle layer,152,Scottish only identity,27
4888,2021,E02003526,2021 super output areas - middle layer,152,Scottish and British only identity,20
4889,2021,E02003526,2021 super output areas - middle layer,152,Northern Irish only identity,8
4890,2021,E02003526,2021 super output areas - middle layer,152,Northern Irish and British only identity,8
4891,2021,E02003526,2021 super output areas - middle layer,152,Cornish only identity,3
4892,2021,E02003526,2021 super output areas - middle layer,152,Cornish and British only identity,0
4893,2021,E02003526,2021 super output areas - middle layer,152,Any other combination of only UK identities ,17
4894,2021,E02003526,2021 super output areas - middle layer,152,Irish only identity,34
4895,2021,E02003526,2021 super output areas - middle layer,152,Irish and at least one UK identity,2
4896,2021,E02003526,2021 super output areas - middle layer,152,Other identity only,270
4897,2021,E02003526,2021 super output areas - middle layer,152,Other identity and at least one UK identity,74
4898,2021,E02003526,2021 super output areas - middle layer,152,Non-UK identity only,304
4899,2021,E02003526,2021 super output areas - middle layer,152,UK identity and non-UK identity,76
4900,2021,E02003527,2021 super output areas - middle layer,152,Total: All usual residents,6379
4901,2021,E02003527,2021 super output areas - middle layer,152,British only identity,3726
4902,2021,E02003527,2021 super output areas - middle layer,152,English only identity,1136
4903,2021,E02003527,2021 super output areas - middle layer,152,English and British only identity,1033
4904,2021,E02003527,2021 super output areas - middle layer,152,Welsh only identity,15
4905,2021,E02003527,2021 super output areas - middle layer,152,Welsh and British only identity,5
4906,2021,E02003527,2021 super output areas - middle layer,152,Any other combination of only UK identities,53
4907,2021,E02003527,2021 super output areas - middle layer,152,Scottish only identity,25
4908,2021,E02003527,2021 super output areas - middle layer,152,Scottish and British only identity,12
4909,2021,E02003527,2021 super output areas - middle layer,152,Northern Irish only identity,5
4910,2021,E02003527,2021 super output areas - middle layer,152,Northern Irish and British only identity,2
4911,2021,E02003527,2021 super output areas - middle layer,152,Cornish only identity,0
4912,2021,E02003527,2021 super output areas - middle layer,152,Cornish and British only identity,0
4913,2021,E02003527,2021 super output areas - middle layer,152,Any other combination of only UK identities ,9
4914,2021,E02003527,2021 super output areas - middle layer,152,Irish only identity,7
4915,2021,E02003527,2021 super output areas - middle layer,152,Irish and at least one UK identity,6
4916,2021,E02003527,2021 super output areas - middle layer,152,Other identity only,333
4917,2021,E02003527,2021 super output areas - middle layer,152,Other identity and at least one UK identity,65
4918,2021,E02003527,2021 super output areas - middle layer,152,Non-UK identity only,340
4919,2021,E02003527,2021 super output areas - middle layer,152,UK identity and non-UK identity,71
4920,2021,E02003529,2021 super output areas - middle layer,152,Total: All usual residents,8328
4921,2021,E02003529,2021 super output areas - middle layer,152,British only identity,4911
4922,2021,E02003529,2021 super output areas - middle layer,152,English only identity,1457
4923,2021,E02003529,2021 super output areas - middle layer,152,English and British only identity,1337
4924,2021,E02003529,2021 super output areas - middle layer,152,Welsh only identity,34
4925,2021,E02003529,2021 super output areas - middle layer,152,Welsh and British only identity,10
4926,2021,E02003529,2021 super output areas - middle layer,152,Any other combination of only UK identities,49
4927,2021,E02003529,2021 super output areas - middle layer,152,Scottish only identity,23
4928,2021,E02003529,2021 super output areas - middle layer,152,Scottish and British only identity,10
4929,2021,E02003529,2021 super output areas - middle layer,152,Northern Irish only identity,8
4930,2021,E02003529,2021 super output areas - middle layer,152,Northern Irish and British only identity,2
4931,2021,E02003529,2021 super output areas - middle layer,152,Cornish only identity,0
4932,2021,E02003529,2021 super output areas - middle layer,152,Cornish and British only identity,0
4933,2021,E02003529,2021 super output areas - middle layer,152,Any other combination of only UK identities ,6
4934,2021,E02003529,2021 super output areas - middle layer,152,Irish only identity,21
4935,2021,E02003529,2021 super output areas - middle layer,152,Irish and at least one UK identity,7
4936,2021,E02003529,2021 super output areas - middle layer,152,Other identity only,418
4937,2021,E02003529,2021 super output areas - middle layer,152,Other identity and at least one UK identity,84
4938,2021,E02003529,2021 super output areas - middle layer,152,Non-UK identity only,439
4939,2021,E02003529,2021 super output areas - middle layer,152,UK identity and non-UK identity,91
4940,2021,E02003530,2021 super output areas - middle layer,152,Total: All usual residents,7868
4941,2021,E02003530,2021 super output areas - middle layer,152,British only identity,4381
4942,2021,E02003530,2021 super output areas - middle layer,152,English only identity,1417
4943,2021,E02003530,2021 super output areas - middle layer,152,English and British only identity,1293
4944,2021,E02003530,2021 super output areas - middle layer,152,Welsh only identity,28
4945,2021,E02003530,2021 super output areas - middle layer,152,Welsh and British only identity,10
4946,2021,E02003530,2021 super output areas - middle layer,152,Any other combination of only UK identities,85
4947,2021,E02003530,2021 super output areas - middle layer,152,Scottish only identity,45
4948,2021,E02003530,2021 super output areas - middle layer,152,Scottish and British only identity,15
4949,2021,E02003530,2021 super output areas - middle layer,152,Northern Irish only identity,2
4950,2021,E02003530,2021 super output areas - middle layer,152,Northern Irish and British only identity,4
4951,2021,E02003530,2021 super output areas - middle layer,152,Cornish only identity,0
4952,2021,E02003530,2021 super output areas - middle layer,152,Cornish and British only identity,2
4953,2021,E02003530,2021 super output areas - middle layer,152,Any other combination of only UK identities ,17
4954,2021,E02003530,2021 super output areas - middle layer,152,Irish only identity,17
4955,2021,E02003530,2021 super output areas - middle layer,152,Irish and at least one UK identity,2
4956,2021,E02003530,2021 super output areas - middle layer,152,Other identity only,528
4957,2021,E02003530,2021 super output areas - middle layer,152,Other identity and at least one UK identity,107
4958,2021,E02003530,2021 super output areas - middle layer,152,Non-UK identity only,545
4959,2021,E02003530,2021 super output areas - middle layer,152,UK identity and non-UK identity,109
4960,2021,E02003531,2021 super output areas - middle layer,152,Total: All usual residents,7722
4961,2021,E02003531,2021 super output areas - middle layer,152,British only identity,4400
4962,2021,E02003531,2021 super output areas - middle layer,152,English only identity,1545
4963,2021,E02003531,2021 super output areas - middle layer,152,English and British only identity,1267
4964,2021,E02003531,2021 super output areas - middle layer,152,Welsh only identity,21
4965,2021,E02003531,2021 super output areas - middle layer,152,Welsh and British only identity,11
4966,2021,E02003531,2021 super output areas - middle layer,152,Any other combination of only UK identities,66
4967,2021,E02003531,2021 super output areas - middle layer,152,Scottish only identity,35
4968,2021,E02003531,2021 super output areas - middle layer,152,Scottish and British only identity,8
4969,2021,E02003531,2021 super output areas - middle layer,152,Northern Irish only identity,14
4970,2021,E02003531,2021 super output areas - middle layer,152,Northern Irish and British only identity,3
4971,2021,E02003531,2021 super output areas - middle layer,152,Cornish only identity,1
4972,2021,E02003531,2021 super output areas - middle layer,152,Cornish and British only identity,0
4973,2021,E02003531,2021 super output areas - middle layer,152,Any other combination of only UK identities ,5
4974,2021,E02003531,2021 super output areas - middle layer,152,Irish only identity,20
4975,2021,E02003531,2021 super output areas - middle layer,152,Irish and at least one UK identity,3
4976,2021,E02003531,2021 super output areas - middle layer,152,Other identity only,322
4977,2021,E02003531,2021 super output areas - middle layer,152,Other identity and at least one UK identity,67
4978,2021,E02003531,2021 super output areas - middle layer,152,Non-UK identity only,342
4979,2021,E02003531,2021 super output areas - middle layer,152,UK identity and non-UK identity,70
4980,2021,E02003532,2021 super output areas - middle layer,152,Total: All usual residents,7873
4981,2021,E02003532,2021 super output areas - middle layer,152,British only identity,4366
4982,2021,E02003532,2021 super output areas - middle layer,152,English only identity,1243
4983,2021,E02003532,2021 super output areas - middle layer,152,English and British only identity,1197
4984,2021,E02003532,2021 super output areas - middle layer,152,Welsh only identity,21
4985,2021,E02003532,2021 super output areas - middle layer,152,Welsh and British only identity,6
4986,2021,E02003532,2021 super output areas - middle layer,152,Any other combination of only UK identities,86
4987,2021,E02003532,2021 super output areas - middle layer,152,Scottish only identity,48
4988,2021,E02003532,2021 super output areas - middle layer,152,Scottish and British only identity,10
4989,2021,E02003532,2021 super output areas - middle layer,152,Northern Irish only identity,12
4990,2021,E02003532,2021 super output areas - middle layer,152,Northern Irish and British only identity,6
4991,2021,E02003532,2021 super output areas - middle layer,152,Cornish only identity,4
4992,2021,E02003532,2021 super output areas - middle layer,152,Cornish and British only identity,0
4993,2021,E02003532,2021 super output areas - middle layer,152,Any other combination of only UK identities ,6
4994,2021,E02003532,2021 super output areas - middle layer,152,Irish only identity,24
4995,2021,E02003532,2021 super output areas - middle layer,152,Irish and at least one UK identity,4
4996,2021,E02003532,2021 super output areas - middle layer,152,Other identity only,807
4997,2021,E02003532,2021 super output areas - middle layer,152,Other identity and at least one UK identity,119
4998,2021,E02003532,2021 super output areas - middle layer,152,Non-UK identity only,831
4999,2021,E02003532,2021 super output areas - middle layer,152,UK identity and non-UK identity,123
5000,2021,E02003533,2021 super output areas - middle layer,152,Total: All usual residents,5787
5001,2021,E02003533,2021 super output areas - middle layer,152,British only identity,3125
5002,2021,E02003533,2021 super output areas - middle layer,152,English only identity,970
5003,2021,E02003533,2021 super output areas - middle layer,152,English and British only identity,957
5004,2021,E02003533,2021 super output areas - middle layer,152,Welsh only identity,17
5005,2021,E02003533,2021 super output areas - middle layer,152,Welsh and British only identity,9
5006,2021,E02003533,2021 super output areas - middle layer,152,Any other combination of only UK identities,55
5007,2021,E02003533,2021 super output areas - middle layer,152,Scottish only identity,28
5008,2021,E02003533,2021 super output areas - middle layer,152,Scottish and British only identity,12
5009,2021,E02003533,2021 super output areas - middle layer,152,Northern Irish only identity,7
5010,2021,E02003533,2021 super output areas - middle layer,152,Northern Irish and British only identity,1
5011,2021,E02003533,2021 super output areas - middle layer,152,Cornish only identity,0
5012,2021,E02003533,2021 super output areas - middle layer,152,Cornish and British only identity,0
5013,2021,E02003533,2021 super output areas - middle layer,152,Any other combination of only UK identities ,7
5014,2021,E02003533,2021 super output areas - middle layer,152,Irish only identity,10
5015,2021,E02003533,2021 super output areas - middle layer,152,Irish and at least one UK identity,3
5016,2021,E02003533,2021 super output areas - middle layer,152,Other identity only,572
5017,2021,E02003533,2021 super output areas - middle layer,152,Other identity and at least one UK identity,69
5018,2021,E02003533,2021 super output areas - middle layer,152,Non-UK identity only,582
5019,2021,E02003533,2021 super output areas - middle layer,152,UK identity and non-UK identity,72
5020,2021,E02003534,2021 super output areas - middle layer,152,Total: All usual residents,8895
5021,2021,E02003534,2021 super output areas - middle layer,152,British only identity,5005
5022,2021,E02003534,2021 super output areas - middle layer,152,English only identity,1461
5023,2021,E02003534,2021 super output areas - middle layer,152,English and British only identity,1431
5024,2021,E02003534,2021 super output areas - middle layer,152,Welsh only identity,17
5025,2021,E02003534,2021 super output areas - middle layer,152,Welsh and British only identity,15
5026,2021,E02003534,2021 super output areas - middle layer,152,Any other combination of only UK identities,61
5027,2021,E02003534,2021 super output areas - middle layer,152,Scottish only identity,25
5028,2021,E02003534,2021 super output areas - middle layer,152,Scottish and British only identity,17
5029,2021,E02003534,2021 super output areas - middle layer,152,Northern Irish only identity,2
5030,2021,E02003534,2021 super output areas - middle layer,152,Northern Irish and British only identity,6
5031,2021,E02003534,2021 super output areas - middle layer,152,Cornish only identity,1
5032,2021,E02003534,2021 super output areas - middle layer,152,Cornish and British only identity,0
5033,2021,E02003534,2021 super output areas - middle layer,152,Any other combination of only UK identities ,10
5034,2021,E02003534,2021 super output areas - middle layer,152,Irish only identity,14
5035,2021,E02003534,2021 super output areas - middle layer,152,Irish and at least one UK identity,2
5036,2021,E02003534,2021 super output areas - middle layer,152,Other identity only,757
5037,2021,E02003534,2021 super output areas - middle layer,152,Other identity and at least one UK identity,132
5038,2021,E02003534,2021 super output areas - middle layer,152,Non-UK identity only,771
5039,2021,E02003534,2021 super output areas - middle layer,152,UK identity and non-UK identity,134
5040,2021,E02003535,2021 super output areas - middle layer,152,Total: All usual residents,9665
5041,2021,E02003535,2021 super output areas - middle layer,152,British only identity,5338
5042,2021,E02003535,2021 super output areas - middle layer,152,English only identity,1536
5043,2021,E02003535,2021 super output areas - middle layer,152,English and British only identity,1642
5044,2021,E02003535,2021 super output areas - middle layer,152,Welsh only identity,25
5045,2021,E02003535,2021 super output areas - middle layer,152,Welsh and British only identity,10
5046,2021,E02003535,2021 super output areas - middle layer,152,Any other combination of only UK identities,80
5047,2021,E02003535,2021 super output areas - middle layer,152,Scottish only identity,47
5048,2021,E02003535,2021 super output areas - middle layer,152,Scottish and British only identity,11
5049,2021,E02003535,2021 super output areas - middle layer,152,Northern Irish only identity,6
5050,2021,E02003535,2021 super output areas - middle layer,152,Northern Irish and British only identity,3
5051,2021,E02003535,2021 super output areas - middle layer,152,Cornish only identity,0
5052,2021,E02003535,2021 super output areas - middle layer,152,Cornish and British only identity,0
5053,2021,E02003535,2021 super output areas - middle layer,152,Any other combination of only UK identities ,13
5054,2021,E02003535,2021 super output areas - middle layer,152,Irish only identity,20
5055,2021,E02003535,2021 super output areas - middle layer,152,Irish and at least one UK identity,7
5056,2021,E02003535,2021 super output areas - middle layer,152,Other identity only,877
5057,2021,E02003535,2021 super output areas - middle layer,152,Other identity and at least one UK identity,130
5058,2021,E02003535,2021 super output areas - middle layer,152,Non-UK identity only,897
5059,2021,E02003535,2021 super output areas - middle layer,152,UK identity and non-UK identity,137
5060,2021,E02003536,2021 super output areas - middle layer,152,Total: All usual residents,8012
5061,2021,E02003536,2021 super output areas - middle layer,152,British only identity,4467
5062,2021,E02003536,2021 super output areas - middle layer,152,English only identity,1063
5063,2021,E02003536,2021 super output areas - middle layer,152,English and British only identity,1191
5064,2021,E02003536,2021 super output areas - middle layer,152,Welsh only identity,24
5065,2021,E02003536,2021 super output areas - middle layer,152,Welsh and British only identity,7
5066,2021,E02003536,2021 super output areas - middle layer,152,Any other combination of only UK identities,64
5067,2021,E02003536,2021 super output areas - middle layer,152,Scottish only identity,37
5068,2021,E02003536,2021 super output areas - middle layer,152,Scottish and British only identity,8
5069,2021,E02003536,2021 super output areas - middle layer,152,Northern Irish only identity,7
5070,2021,E02003536,2021 super output areas - middle layer,152,Northern Irish and British only identity,4
5071,2021,E02003536,2021 super output areas - middle layer,152,Cornish only identity,2
5072,2021,E02003536,2021 super output areas - middle layer,152,Cornish and British only identity,0
5073,2021,E02003536,2021 super output areas - middle layer,152,Any other combination of only UK identities ,6
5074,2021,E02003536,2021 super output areas - middle layer,152,Irish only identity,15
5075,2021,E02003536,2021 super output areas - middle layer,152,Irish and at least one UK identity,10
5076,2021,E02003536,2021 super output areas - middle layer,152,Other identity only,1027
5077,2021,E02003536,2021 super output areas - middle layer,152,Other identity and at least one UK identity,144
5078,2021,E02003536,2021 super output areas - middle layer,152,Non-UK identity only,1042
5079,2021,E02003536,2021 super output areas - middle layer,152,UK identity and non-UK identity,154
5080,2021,E02003537,2021 super output areas - middle layer,152,Total: All usual residents,10262
5081,2021,E02003537,2021 super output areas - middle layer,152,British only identity,5881
5082,2021,E02003537,2021 super output areas - middle layer,152,English only identity,1905
5083,2021,E02003537,2021 super output areas - middle layer,152,English and British only identity,1631
5084,2021,E02003537,2021 super output areas - middle layer,152,Welsh only identity,43
5085,2021,E02003537,2021 super output areas - middle layer,152,Welsh and British only identity,12
5086,2021,E02003537,2021 super output areas - middle layer,152,Any other combination of only UK identities,73
5087,2021,E02003537,2021 super output areas - middle layer,152,Scottish only identity,31
5088,2021,E02003537,2021 super output areas - middle layer,152,Scottish and British only identity,16
5089,2021,E02003537,2021 super output areas - middle layer,152,Northern Irish only identity,9
5090,2021,E02003537,2021 super output areas - middle layer,152,Northern Irish and British only identity,5
5091,2021,E02003537,2021 super output areas - middle layer,152,Cornish only identity,0
5092,2021,E02003537,2021 super output areas - middle layer,152,Cornish and British only identity,1
5093,2021,E02003537,2021 super output areas - middle layer,152,Any other combination of only UK identities ,11
5094,2021,E02003537,2021 super output areas - middle layer,152,Irish only identity,29
5095,2021,E02003537,2021 super output areas - middle layer,152,Irish and at least one UK identity,5
5096,2021,E02003537,2021 super output areas - middle layer,152,Other identity only,572
5097,2021,E02003537,2021 super output areas - middle layer,152,Other identity and at least one UK identity,111
5098,2021,E02003537,2021 super output areas - middle layer,152,Non-UK identity only,601
5099,2021,E02003537,2021 super output areas - middle layer,152,UK identity and non-UK identity,116
5100,2021,E02003538,2021 super output areas - middle layer,152,Total: All usual residents,10355
5101,2021,E02003538,2021 super output areas - middle layer,152,British only identity,5422
5102,2021,E02003538,2021 super output areas - middle layer,152,English only identity,1352
5103,2021,E02003538,2021 super output areas - middle layer,152,English and British only identity,1516
5104,2021,E02003538,2021 super output areas - middle layer,152,Welsh only identity,31
5105,2021,E02003538,2021 super output areas - middle layer,152,Welsh and British only identity,8
5106,2021,E02003538,2021 super output areas - middle layer,152,Any other combination of only UK identities,64
5107,2021,E02003538,2021 super output areas - middle layer,152,Scottish only identity,30
5108,2021,E02003538,2021 super output areas - middle layer,152,Scottish and British only identity,10
5109,2021,E02003538,2021 super output areas - middle layer,152,Northern Irish only identity,8
5110,2021,E02003538,2021 super output areas - middle layer,152,Northern Irish and British only identity,6
5111,2021,E02003538,2021 super output areas - middle layer,152,Cornish only identity,3
5112,2021,E02003538,2021 super output areas - middle layer,152,Cornish and British only identity,0
5113,2021,E02003538,2021 super output areas - middle layer,152,Any other combination of only UK identities ,7
5114,2021,E02003538,2021 super output areas - middle layer,152,Irish only identity,18
5115,2021,E02003538,2021 super output areas - middle layer,152,Irish and at least one UK identity,6
5116,2021,E02003538,2021 super output areas - middle layer,152,Other identity only,1738
5117,2021,E02003538,2021 super output areas - middle layer,152,Other identity and at least one UK identity,200
5118,2021,E02003538,2021 super output areas - middle layer,152,Non-UK identity only,1756
5119,2021,E02003538,2021 super output areas - middle layer,152,UK identity and non-UK identity,206
5120,2021,E02003540,2021 super output areas - middle layer,152,Total: All usual residents,9432
5121,2021,E02003540,2021 super output areas - middle layer,152,British only identity,5355
5122,2021,E02003540,2021 super output areas - middle layer,152,English only identity,1706
5123,2021,E02003540,2021 super output areas - middle layer,152,English and British only identity,1319
5124,2021,E02003540,2021 super output areas - middle layer,152,Welsh only identity,36
5125,2021,E02003540,2021 super output areas - middle layer,152,Welsh and British only identity,8
5126,2021,E02003540,2021 super output areas - middle layer,152,Any other combination of only UK identities,103
5127,2021,E02003540,2021 super output areas - middle layer,152,Scottish only identity,44
5128,2021,E02003540,2021 super output areas - middle layer,152,Scottish and British only identity,32
5129,2021,E02003540,2021 super output areas - middle layer,152,Northern Irish only identity,9
5130,2021,E02003540,2021 super output areas - middle layer,152,Northern Irish and British only identity,5
5131,2021,E02003540,2021 super output areas - middle layer,152,Cornish only identity,0
5132,2021,E02003540,2021 super output areas - middle layer,152,Cornish and British only identity,0
5133,2021,E02003540,2021 super output areas - middle layer,152,Any other combination of only UK identities ,13
5134,2021,E02003540,2021 super output areas - middle layer,152,Irish only identity,24
5135,2021,E02003540,2021 super output areas - middle layer,152,Irish and at least one UK identity,6
5136,2021,E02003540,2021 super output areas - middle layer,152,Other identity only,700
5137,2021,E02003540,2021 super output areas - middle layer,152,Other identity and at least one UK identity,175
5138,2021,E02003540,2021 super output areas - middle layer,152,Non-UK identity only,724
5139,2021,E02003540,2021 super output areas - middle layer,152,UK identity and non-UK identity,181
5140,2021,E02003541,2021 super output areas - middle layer,152,Total: All usual residents,10934
5141,2021,E02003541,2021 super output areas - middle layer,152,British only identity,6068
5142,2021,E02003541,2021 super output areas - middle layer,152,English only identity,1284
5143,2021,E02003541,2021 super output areas - middle layer,152,English and British only identity,1454
5144,2021,E02003541,2021 super output areas - middle layer,152,Welsh only identity,51
5145,2021,E02003541,2021 super output areas - middle layer,152,Welsh and British only identity,17
5146,2021,E02003541,2021 super output areas - middle layer,152,Any other combination of only UK identities,112
5147,2021,E02003541,2021 super output areas - middle layer,152,Scottish only identity,39
5148,2021,E02003541,2021 super output areas - middle layer,152,Scottish and British only identity,17
5149,2021,E02003541,2021 super output areas - middle layer,152,Northern Irish only identity,22
5150,2021,E02003541,2021 super output areas - middle layer,152,Northern Irish and British only identity,5
5151,2021,E02003541,2021 super output areas - middle layer,152,Cornish only identity,1
5152,2021,E02003541,2021 super output areas - middle layer,152,Cornish and British only identity,0
5153,2021,E02003541,2021 super output areas - middle layer,152,Any other combination of only UK identities ,28
5154,2021,E02003541,2021 super output areas - middle layer,152,Irish only identity,50
5155,2021,E02003541,2021 super output areas - middle layer,152,Irish and at least one UK identity,5
5156,2021,E02003541,2021 super output areas - middle layer,152,Other identity only,1616
5157,2021,E02003541,2021 super output areas - middle layer,152,Other identity and at least one UK identity,277
5158,2021,E02003541,2021 super output areas - middle layer,152,Non-UK identity only,1666
5159,2021,E02003541,2021 super output areas - middle layer,152,UK identity and non-UK identity,282
5160,2021,E02003542,2021 super output areas - middle layer,152,Total: All usual residents,8830
5161,2021,E02003542,2021 super output areas - middle layer,152,British only identity,5048
5162,2021,E02003542,2021 super output areas - middle layer,152,English only identity,1146
5163,2021,E02003542,2021 super output areas - middle layer,152,English and British only identity,1198
5164,2021,E02003542,2021 super output areas - middle layer,152,Welsh only identity,47
5165,2021,E02003542,2021 super output areas - middle layer,152,Welsh and British only identity,13
5166,2021,E02003542,2021 super output areas - middle layer,152,Any other combination of only UK identities,124
5167,2021,E02003542,2021 super output areas - middle layer,152,Scottish only identity,45
5168,2021,E02003542,2021 super output areas - middle layer,152,Scottish and British only identity,22
5169,2021,E02003542,2021 super output areas - middle layer,152,Northern Irish only identity,19
5170,2021,E02003542,2021 super output areas - middle layer,152,Northern Irish and British only identity,6
5171,2021,E02003542,2021 super output areas - middle layer,152,Cornish only identity,0
5172,2021,E02003542,2021 super output areas - middle layer,152,Cornish and British only identity,0
5173,2021,E02003542,2021 super output areas - middle layer,152,Any other combination of only UK identities ,32
5174,2021,E02003542,2021 super output areas - middle layer,152,Irish only identity,32
5175,2021,E02003542,2021 super output areas - middle layer,152,Irish and at least one UK identity,7
5176,2021,E02003542,2021 super output areas - middle layer,152,Other identity only,1014
5177,2021,E02003542,2021 super output areas - middle layer,152,Other identity and at least one UK identity,201
5178,2021,E02003542,2021 super output areas - middle layer,152,Non-UK identity only,1046
5179,2021,E02003542,2021 super output areas - middle layer,152,UK identity and non-UK identity,208
5180,2021,E02003543,2021 super output areas - middle layer,152,Total: All usual residents,8782
5181,2021,E02003543,2021 super output areas - middle layer,152,British only identity,4886
5182,2021,E02003543,2021 super output areas - middle layer,152,English only identity,1016
5183,2021,E02003543,2021 super output areas - middle layer,152,English and British only identity,1078
5184,2021,E02003543,2021 super output areas - middle layer,152,Welsh only identity,69
5185,2021,E02003543,2021 super output areas - middle layer,152,Welsh and British only identity,20
5186,2021,E02003543,2021 super output areas - middle layer,152,Any other combination of only UK identities,103
5187,2021,E02003543,2021 super output areas - middle layer,152,Scottish only identity,45
5188,2021,E02003543,2021 super output areas - middle layer,152,Scottish and British only identity,17
5189,2021,E02003543,2021 super output areas - middle layer,152,Northern Irish only identity,8
5190,2021,E02003543,2021 super output areas - middle layer,152,Northern Irish and British only identity,4
5191,2021,E02003543,2021 super output areas - middle layer,152,Cornish only identity,2
5192,2021,E02003543,2021 super output areas - middle layer,152,Cornish and British only identity,1
5193,2021,E02003543,2021 super output areas - middle layer,152,Any other combination of only UK identities ,26
5194,2021,E02003543,2021 super output areas - middle layer,152,Irish only identity,50
5195,2021,E02003543,2021 super output areas - middle layer,152,Irish and at least one UK identity,16
5196,2021,E02003543,2021 super output areas - middle layer,152,Other identity only,1309
5197,2021,E02003543,2021 super output areas - middle layer,152,Other identity and at least one UK identity,235
5198,2021,E02003543,2021 super output areas - middle layer,152,Non-UK identity only,1359
5199,2021,E02003543,2021 super output areas - middle layer,152,UK identity and non-UK identity,251
5200,2021,E02003544,2021 super output areas - middle layer,152,Total: All usual residents,6313
5201,2021,E02003544,2021 super output areas - middle layer,152,British only identity,3713
5202,2021,E02003544,2021 super output areas - middle layer,152,English only identity,893
5203,2021,E02003544,2021 super output areas - middle layer,152,English and British only identity,896
5204,2021,E02003544,2021 super output areas - middle layer,152,Welsh only identity,29
5205,2021,E02003544,2021 super output areas - middle layer,152,Welsh and British only identity,12
5206,2021,E02003544,2021 super output areas - middle layer,152,Any other combination of only UK identities,72
5207,2021,E02003544,2021 super output areas - middle layer,152,Scottish only identity,34
5208,2021,E02003544,2021 super output areas - middle layer,152,Scottish and British only identity,16
5209,2021,E02003544,2021 super output areas - middle layer,152,Northern Irish only identity,8
5210,2021,E02003544,2021 super output areas - middle layer,152,Northern Irish and British only identity,4
5211,2021,E02003544,2021 super output areas - middle layer,152,Cornish only identity,1
5212,2021,E02003544,2021 super output areas - middle layer,152,Cornish and British only identity,1
5213,2021,E02003544,2021 super output areas - middle layer,152,Any other combination of only UK identities ,8
5214,2021,E02003544,2021 super output areas - middle layer,152,Irish only identity,17
5215,2021,E02003544,2021 super output areas - middle layer,152,Irish and at least one UK identity,4
5216,2021,E02003544,2021 super output areas - middle layer,152,Other identity only,566
5217,2021,E02003544,2021 super output areas - middle layer,152,Other identity and at least one UK identity,111
5218,2021,E02003544,2021 super output areas - middle layer,152,Non-UK identity only,583
5219,2021,E02003544,2021 super output areas - middle layer,152,UK identity and non-UK identity,115
5220,2021,E02003545,2021 super output areas - middle layer,152,Total: All usual residents,6747
5221,2021,E02003545,2021 super output areas - middle layer,152,British only identity,3600
5222,2021,E02003545,2021 super output areas - middle layer,152,English only identity,874
5223,2021,E02003545,2021 super output areas - middle layer,152,English and British only identity,818
5224,2021,E02003545,2021 super output areas - middle layer,152,Welsh only identity,47
5225,2021,E02003545,2021 super output areas - middle layer,152,Welsh and British only identity,9
5226,2021,E02003545,2021 super output areas - middle layer,152,Any other combination of only UK identities,115
5227,2021,E02003545,2021 super output areas - middle layer,152,Scottish only identity,46
5228,2021,E02003545,2021 super output areas - middle layer,152,Scottish and British only identity,31
5229,2021,E02003545,2021 super output areas - middle layer,152,Northern Irish only identity,9
5230,2021,E02003545,2021 super output areas - middle layer,152,Northern Irish and British only identity,6
5231,2021,E02003545,2021 super output areas - middle layer,152,Cornish only identity,4
5232,2021,E02003545,2021 super output areas - middle layer,152,Cornish and British only identity,0
5233,2021,E02003545,2021 super output areas - middle layer,152,Any other combination of only UK identities ,19
5234,2021,E02003545,2021 super output areas - middle layer,152,Irish only identity,25
5235,2021,E02003545,2021 super output areas - middle layer,152,Irish and at least one UK identity,8
5236,2021,E02003545,2021 super output areas - middle layer,152,Other identity only,1080
5237,2021,E02003545,2021 super output areas - middle layer,152,Other identity and at least one UK identity,171
5238,2021,E02003545,2021 super output areas - middle layer,152,Non-UK identity only,1105
5239,2021,E02003545,2021 super output areas - middle layer,152,UK identity and non-UK identity,179
5240,2021,E02003546,2021 super output areas - middle layer,152,Total: All usual residents,7929
5241,2021,E02003546,2021 super output areas - middle layer,152,British only identity,4486
5242,2021,E02003546,2021 super output areas - middle layer,152,English only identity,1197
5243,2021,E02003546,2021 super output areas - middle layer,152,English and British only identity,1124
5244,2021,E02003546,2021 super output areas - middle layer,152,Welsh only identity,40
5245,2021,E02003546,2021 super output areas - middle layer,152,Welsh and British only identity,21
5246,2021,E02003546,2021 super output areas - middle layer,152,Any other combination of only UK identities,101
5247,2021,E02003546,2021 super output areas - middle layer,152,Scottish only identity,44
5248,2021,E02003546,2021 super output areas - middle layer,152,Scottish and British only identity,26
5249,2021,E02003546,2021 super output areas - middle layer,152,Northern Irish only identity,12
5250,2021,E02003546,2021 super output areas - middle layer,152,Northern Irish and British only identity,6
5251,2021,E02003546,2021 super output areas - middle layer,152,Cornish only identity,0
5252,2021,E02003546,2021 super output areas - middle layer,152,Cornish and British only identity,0
5253,2021,E02003546,2021 super output areas - middle layer,152,Any other combination of only UK identities ,13
5254,2021,E02003546,2021 super output areas - middle layer,152,Irish only identity,34
5255,2021,E02003546,2021 super output areas - middle layer,152,Irish and at least one UK identity,10
5256,2021,E02003546,2021 super output areas - middle layer,152,Other identity only,755
5257,2021,E02003546,2021 super output areas - middle layer,152,Other identity and at least one UK identity,161
5258,2021,E02003546,2021 super output areas - middle layer,152,Non-UK identity only,789
5259,2021,E02003546,2021 super output areas - middle layer,152,UK identity and non-UK identity,171
5260,2021,E02003547,2021 super output areas - middle layer,152,Total: All usual residents,8086
5261,2021,E02003547,2021 super output areas - middle layer,152,British only identity,4237
5262,2021,E02003547,2021 super output areas - middle layer,152,English only identity,1046
5263,2021,E02003547,2021 super output areas - middle layer,152,English and British only identity,1019
5264,2021,E02003547,2021 super output areas - middle layer,152,Welsh only identity,50
5265,2021,E02003547,2021 super output areas - middle layer,152,Welsh and British only identity,16
5266,2021,E02003547,2021 super output areas - middle layer,152,Any other combination of only UK identities,147
5267,2021,E02003547,2021 super output areas - middle layer,152,Scottish only identity,50
5268,2021,E02003547,2021 super output areas - middle layer,152,Scottish and British only identity,38
5269,2021,E02003547,2021 super output areas - middle layer,152,Northern Irish only identity,22
5270,2021,E02003547,2021 super output areas - middle layer,152,Northern Irish and British only identity,7
5271,2021,E02003547,2021 super output areas - middle layer,152,Cornish only identity,1
5272,2021,E02003547,2021 super output areas - middle layer,152,Cornish and British only identity,1
5273,2021,E02003547,2021 super output areas - middle layer,152,Any other combination of only UK identities ,28
5274,2021,E02003547,2021 super output areas - middle layer,152,Irish only identity,45
5275,2021,E02003547,2021 super output areas - middle layer,152,Irish and at least one UK identity,15
5276,2021,E02003547,2021 super output areas - middle layer,152,Other identity only,1269
5277,2021,E02003547,2021 super output areas - middle layer,152,Other identity and at least one UK identity,242
5278,2021,E02003547,2021 super output areas - middle layer,152,Non-UK identity only,1314
5279,2021,E02003547,2021 super output areas - middle layer,152,UK identity and non-UK identity,257
5280,2021,E02003548,2021 super output areas - middle layer,152,Total: All usual residents,6168
5281,2021,E02003548,2021 super output areas - middle layer,152,British only identity,3453
5282,2021,E02003548,2021 super output areas - middle layer,152,English only identity,758
5283,2021,E02003548,2021 super output areas - middle layer,152,English and British only identity,784
5284,2021,E02003548,2021 super output areas - middle layer,152,Welsh only identity,36
5285,2021,E02003548,2021 super output areas - middle layer,152,Welsh and British only identity,15
5286,2021,E02003548,2021 super output areas - middle layer,152,Any other combination of only UK identities,102
5287,2021,E02003548,2021 super output areas - middle layer,152,Scottish only identity,41
5288,2021,E02003548,2021 super output areas - middle layer,152,Scottish and British only identity,28
5289,2021,E02003548,2021 super output areas - middle layer,152,Northern Irish only identity,15
5290,2021,E02003548,2021 super output areas - middle layer,152,Northern Irish and British only identity,6
5291,2021,E02003548,2021 super output areas - middle layer,152,Cornish only identity,1
5292,2021,E02003548,2021 super output areas - middle layer,152,Cornish and British only identity,0
5293,2021,E02003548,2021 super output areas - middle layer,152,Any other combination of only UK identities ,11
5294,2021,E02003548,2021 super output areas - middle layer,152,Irish only identity,30
5295,2021,E02003548,2021 super output areas - middle layer,152,Irish and at least one UK identity,8
5296,2021,E02003548,2021 super output areas - middle layer,152,Other identity only,777
5297,2021,E02003548,2021 super output areas - middle layer,152,Other identity and at least one UK identity,205
5298,2021,E02003548,2021 super output areas - middle layer,152,Non-UK identity only,807
5299,2021,E02003548,2021 super output areas - middle layer,152,UK identity and non-UK identity,213
5300,2021,E02006821,2021 super output areas - middle layer,152,Total: All usual residents,6663
5301,2021,E02006821,2021 super output areas - middle layer,152,British only identity,3925
5302,2021,E02006821,2021 super output areas - middle layer,152,English only identity,1267
5303,2021,E02006821,2021 super output areas - middle layer,152,English and British only identity,1127
5304,2021,E02006821,2021 super output areas - middle layer,152,Welsh only identity,27
5305,2021,E02006821,2021 super output areas - middle layer,152,Welsh and British only identity,11
5306,2021,E02006821,2021 super output areas - middle layer,152,Any other combination of only UK identities,43
5307,2021,E02006821,2021 super output areas - middle layer,152,Scottish only identity,11
5308,2021,E02006821,2021 super output areas - middle layer,152,Scottish and British only identity,7
5309,2021,E02006821,2021 super output areas - middle layer,152,Northern Irish only identity,11
5310,2021,E02006821,2021 super output areas - middle layer,152,Northern Irish and British only identity,3
5311,2021,E02006821,2021 super output areas - middle layer,152,Cornish only identity,3
5312,2021,E02006821,2021 super output areas - middle layer,152,Cornish and British only identity,1
5313,2021,E02006821,2021 super output areas - middle layer,152,Any other combination of only UK identities ,7
5314,2021,E02006821,2021 super output areas - middle layer,152,Irish only identity,5
5315,2021,E02006821,2021 super output areas - middle layer,152,Irish and at least one UK identity,1
5316,2021,E02006821,2021 super output areas - middle layer,152,Other identity only,194
5317,2021,E02006821,2021 super output areas - middle layer,152,Other identity and at least one UK identity,63
5318,2021,E02006821,2021 super output areas - middle layer,152,Non-UK identity only,199
5319,2021,E02006821,2021 super output areas - middle layer,152,UK identity and non-UK identity,64
5320,2021,E02006975,2021 super output areas - middle layer,152,Total: All usual residents,10278
5321,2021,E02006975,2021 super output areas - middle layer,152,British only identity,5143
5322,2021,E02006975,2021 super output areas - middle layer,152,English only identity,1061
5323,2021,E02006975,2021 super output areas - middle layer,152,English and British only identity,1600
5324,2021,E02006975,2021 super output areas - middle layer,152,Welsh only identity,57
5325,2021,E02006975,2021 super output areas - middle layer,152,Welsh and British only identity,18
5326,2021,E02006975,2021 super output areas - middle layer,152,Any other combination of only UK identities,75
5327,2021,E02006975,2021 super output areas - middle layer,152,Scottish only identity,18
5328,2021,E02006975,2021 super output areas - middle layer,152,Scottish and British only identity,7
5329,2021,E02006975,2021 super output areas - middle layer,152,Northern Irish only identity,16
5330,2021,E02006975,2021 super output areas - middle layer,152,Northern Irish and British only identity,8
5331,2021,E02006975,2021 super output areas - middle layer,152,Cornish only identity,2
5332,2021,E02006975,2021 super output areas - middle layer,152,Cornish and British only identity,0
5333,2021,E02006975,2021 super output areas - middle layer,152,Any other combination of only UK identities ,24
5334,2021,E02006975,2021 super output areas - middle layer,152,Irish only identity,32
5335,2021,E02006975,2021 super output areas - middle layer,152,Irish and at least one UK identity,13
5336,2021,E02006975,2021 super output areas - middle layer,152,Other identity only,1958
5337,2021,E02006975,2021 super output areas - middle layer,152,Other identity and at least one UK identity,321
5338,2021,E02006975,2021 super output areas - middle layer,152,Non-UK identity only,1990
5339,2021,E02006975,2021 super output areas - middle layer,152,UK identity and non-UK identity,334
5340,2021,E02006976,2021 super output areas - middle layer,152,Total: All usual residents,5312
5341,2021,E02006976,2021 super output areas - middle layer,152,British only identity,3061
5342,2021,E02006976,2021 super output areas - middle layer,152,English only identity,673
5343,2021,E02006976,2021 super output areas - middle layer,152,English and British only identity,715
5344,2021,E02006976,2021 super output areas - middle layer,152,Welsh only identity,12
5345,2021,E02006976,2021 super output areas - middle layer,152,Welsh and British only identity,4
5346,2021,E02006976,2021 super output areas - middle layer,152,Any other combination of only UK identities,59
5347,2021,E02006976,2021 super output areas - middle layer,152,Scottish only identity,33
5348,2021,E02006976,2021 super output areas - middle layer,152,Scottish and British only identity,19
5349,2021,E02006976,2021 super output areas - middle layer,152,Northern Irish only identity,1
5350,2021,E02006976,2021 super output areas - middle layer,152,Northern Irish and British only identity,0
5351,2021,E02006976,2021 super output areas - middle layer,152,Cornish only identity,0
5352,2021,E02006976,2021 super output areas - middle layer,152,Cornish and British only identity,0
5353,2021,E02006976,2021 super output areas - middle layer,152,Any other combination of only UK identities ,6
5354,2021,E02006976,2021 super output areas - middle layer,152,Irish only identity,9
5355,2021,E02006976,2021 super output areas - middle layer,152,Irish and at least one UK identity,2
5356,2021,E02006976,2021 super output areas - middle layer,152,Other identity only,709
5357,2021,E02006976,2021 super output areas - middle layer,152,Other identity and at least one UK identity,68
5358,2021,E02006976,2021 super output areas - middle layer,152,Non-UK identity only,718
5359,2021,E02006976,2021 super output areas - middle layer,152,UK identity and non-UK identity,70
5360,2021,E02003549,2021 super output areas - middle layer,152,Total: All usual residents,8489
5361,2021,E02003549,2021 super output areas - middle layer,152,British only identity,4414
5362,2021,E02003549,2021 super output areas - middle layer,152,English only identity,832
5363,2021,E02003549,2021 super output areas - middle layer,152,English and British only identity,1258
5364,2021,E02003549,2021 super output areas - middle layer,152,Welsh only identity,50
5365,2021,E02003549,2021 super output areas - middle layer,152,Welsh and British only identity,24
5366,2021,E02003549,2021 super output areas - middle layer,152,Any other combination of only UK identities,89
5367,2021,E02003549,2021 super output areas - middle layer,152,Scottish only identity,21
5368,2021,E02003549,2021 super output areas - middle layer,152,Scottish and British only identity,18
5369,2021,E02003549,2021 super output areas - middle layer,152,Northern Irish only identity,10
5370,2021,E02003549,2021 super output areas - middle layer,152,Northern Irish and British only identity,3
5371,2021,E02003549,2021 super output areas - middle layer,152,Cornish only identity,7
5372,2021,E02003549,2021 super output areas - middle layer,152,Cornish and British only identity,0
5373,2021,E02003549,2021 super output areas - middle layer,152,Any other combination of only UK identities ,30
5374,2021,E02003549,2021 super output areas - middle layer,152,Irish only identity,45
5375,2021,E02003549,2021 super output areas - middle layer,152,Irish and at least one UK identity,22
5376,2021,E02003549,2021 super output areas - middle layer,152,Other identity only,1422
5377,2021,E02003549,2021 super output areas - middle layer,152,Other identity and at least one UK identity,333
5378,2021,E02003549,2021 super output areas - middle layer,152,Non-UK identity only,1467
5379,2021,E02003549,2021 super output areas - middle layer,152,UK identity and non-UK identity,355
5380,2021,E02003550,2021 super output areas - middle layer,152,Total: All usual residents,7887
5381,2021,E02003550,2021 super output areas - middle layer,152,British only identity,4298
5382,2021,E02003550,2021 super output areas - middle layer,152,English only identity,1337
5383,2021,E02003550,2021 super output areas - middle layer,152,English and British only identity,1210
5384,2021,E02003550,2021 super output areas - middle layer,152,Welsh only identity,15
5385,2021,E02003550,2021 super output areas - middle layer,152,Welsh and British only identity,8
5386,2021,E02003550,2021 super output areas - middle layer,152,Any other combination of only UK identities,68
5387,2021,E02003550,2021 super output areas - middle layer,152,Scottish only identity,27
5388,2021,E02003550,2021 super output areas - middle layer,152,Scottish and British only identity,13
5389,2021,E02003550,2021 super output areas - middle layer,152,Northern Irish only identity,11
5390,2021,E02003550,2021 super output areas - middle layer,152,Northern Irish and British only identity,6
5391,2021,E02003550,2021 super output areas - middle layer,152,Cornish only identity,1
5392,2021,E02003550,2021 super output areas - middle layer,152,Cornish and British only identity,0
5393,2021,E02003550,2021 super output areas - middle layer,152,Any other combination of only UK identities ,10
5394,2021,E02003550,2021 super output areas - middle layer,152,Irish only identity,36
5395,2021,E02003550,2021 super output areas - middle layer,152,Irish and at least one UK identity,9
5396,2021,E02003550,2021 super output areas - middle layer,152,Other identity only,752
5397,2021,E02003550,2021 super output areas - middle layer,152,Other identity and at least one UK identity,154
5398,2021,E02003550,2021 super output areas - middle layer,152,Non-UK identity only,788
5399,2021,E02003550,2021 super output areas - middle layer,152,UK identity and non-UK identity,163
5400,2021,E02003551,2021 super output areas - middle layer,152,Total: All usual residents,6488
5401,2021,E02003551,2021 super output areas - middle layer,152,British only identity,3343
5402,2021,E02003551,2021 super output areas - middle layer,152,English only identity,863
5403,2021,E02003551,2021 super output areas - middle layer,152,English and British only identity,935
5404,2021,E02003551,2021 super output areas - middle layer,152,Welsh only identity,24
5405,2021,E02003551,2021 super output areas - middle layer,152,Welsh and British only identity,12
5406,2021,E02003551,2021 super output areas - middle layer,152,Any other combination of only UK identities,76
5407,2021,E02003551,2021 super output areas - middle layer,152,Scottish only identity,29
5408,2021,E02003551,2021 super output areas - middle layer,152,Scottish and British only identity,16
5409,2021,E02003551,2021 super output areas - middle layer,152,Northern Irish only identity,9
5410,2021,E02003551,2021 super output areas - middle layer,152,Northern Irish and British only identity,6
5411,2021,E02003551,2021 super output areas - middle layer,152,Cornish only identity,2
5412,2021,E02003551,2021 super output areas - middle layer,152,Cornish and British only identity,0
5413,2021,E02003551,2021 super output areas - middle layer,152,Any other combination of only UK identities ,14
5414,2021,E02003551,2021 super output areas - middle layer,152,Irish only identity,27
5415,2021,E02003551,2021 super output areas - middle layer,152,Irish and at least one UK identity,8
5416,2021,E02003551,2021 super output areas - middle layer,152,Other identity only,1021
5417,2021,E02003551,2021 super output areas - middle layer,152,Other identity and at least one UK identity,179
5418,2021,E02003551,2021 super output areas - middle layer,152,Non-UK identity only,1048
5419,2021,E02003551,2021 super output areas - middle layer,152,UK identity and non-UK identity,187
5420,2021,E02003552,2021 super output areas - middle layer,152,Total: All usual residents,6135
5421,2021,E02003552,2021 super output areas - middle layer,152,British only identity,3419
5422,2021,E02003552,2021 super output areas - middle layer,152,English only identity,945
5423,2021,E02003552,2021 super output areas - middle layer,152,English and British only identity,935
5424,2021,E02003552,2021 super output areas - middle layer,152,Welsh only identity,19
5425,2021,E02003552,2021 super output areas - middle layer,152,Welsh and British only identity,3
5426,2021,E02003552,2021 super output areas - middle layer,152,Any other combination of only UK identities,55
5427,2021,E02003552,2021 super output areas - middle layer,152,Scottish only identity,20
5428,2021,E02003552,2021 super output areas - middle layer,152,Scottish and British only identity,11
5429,2021,E02003552,2021 super output areas - middle layer,152,Northern Irish only identity,7
5430,2021,E02003552,2021 super output areas - middle layer,152,Northern Irish and British only identity,0
5431,2021,E02003552,2021 super output areas - middle layer,152,Cornish only identity,3
5432,2021,E02003552,2021 super output areas - middle layer,152,Cornish and British only identity,0
5433,2021,E02003552,2021 super output areas - middle layer,152,Any other combination of only UK identities ,14
5434,2021,E02003552,2021 super output areas - middle layer,152,Irish only identity,15
5435,2021,E02003552,2021 super output areas - middle layer,152,Irish and at least one UK identity,4
5436,2021,E02003552,2021 super output areas - middle layer,152,Other identity only,628
5437,2021,E02003552,2021 super output areas - middle layer,152,Other identity and at least one UK identity,112
5438,2021,E02003552,2021 super output areas - middle layer,152,Non-UK identity only,643
5439,2021,E02003552,2021 super output areas - middle layer,152,UK identity and non-UK identity,116
5440,2021,E02003553,2021 super output areas - middle layer,152,Total: All usual residents,7273
5441,2021,E02003553,2021 super output areas - middle layer,152,British only identity,3552
5442,2021,E02003553,2021 super output areas - middle layer,152,English only identity,669
5443,2021,E02003553,2021 super output areas - middle layer,152,English and British only identity,942
5444,2021,E02003553,2021 super output areas - middle layer,152,Welsh only identity,29
5445,2021,E02003553,2021 super output areas - middle layer,152,Welsh and British only identity,19
5446,2021,E02003553,2021 super output areas - middle layer,152,Any other combination of only UK identities,48
5447,2021,E02003553,2021 super output areas - middle layer,152,Scottish only identity,13
5448,2021,E02003553,2021 super output areas - middle layer,152,Scottish and British only identity,10
5449,2021,E02003553,2021 super output areas - middle layer,152,Northern Irish only identity,4
5450,2021,E02003553,2021 super output areas - middle layer,152,Northern Irish and British only identity,4
5451,2021,E02003553,2021 super output areas - middle layer,152,Cornish only identity,2
5452,2021,E02003553,2021 super output areas - middle layer,152,Cornish and British only identity,0
5453,2021,E02003553,2021 super output areas - middle layer,152,Any other combination of only UK identities ,15
5454,2021,E02003553,2021 super output areas - middle layer,152,Irish only identity,16
5455,2021,E02003553,2021 super output areas - middle layer,152,Irish and at least one UK identity,10
5456,2021,E02003553,2021 super output areas - middle layer,152,Other identity only,1739
5457,2021,E02003553,2021 super output areas - middle layer,152,Other identity and at least one UK identity,249
5458,2021,E02003553,2021 super output areas - middle layer,152,Non-UK identity only,1755
5459,2021,E02003553,2021 super output areas - middle layer,152,UK identity and non-UK identity,259
5460,2021,E02003554,2021 super output areas - middle layer,152,Total: All usual residents,6075
5461,2021,E02003554,2021 super output areas - middle layer,152,British only identity,3206
5462,2021,E02003554,2021 super output areas - middle layer,152,English only identity,771
5463,2021,E02003554,2021 super output areas - middle layer,152,English and British only identity,779
5464,2021,E02003554,2021 super output areas - middle layer,152,Welsh only identity,24
5465,2021,E02003554,2021 super output areas - middle layer,152,Welsh and British only identity,11
5466,2021,E02003554,2021 super output areas - middle layer,152,Any other combination of only UK identities,73
5467,2021,E02003554,2021 super output areas - middle layer,152,Scottish only identity,31
5468,2021,E02003554,2021 super output areas - middle layer,152,Scottish and British only identity,13
5469,2021,E02003554,2021 super output areas - middle layer,152,Northern Irish only identity,10
5470,2021,E02003554,2021 super output areas - middle layer,152,Northern Irish and British only identity,6
5471,2021,E02003554,2021 super output areas - middle layer,152,Cornish only identity,2
5472,2021,E02003554,2021 super output areas - middle layer,152,Cornish and British only identity,0
5473,2021,E02003554,2021 super output areas - middle layer,152,Any other combination of only UK identities ,11
5474,2021,E02003554,2021 super output areas - middle layer,152,Irish only identity,33
5475,2021,E02003554,2021 super output areas - middle layer,152,Irish and at least one UK identity,13
5476,2021,E02003554,2021 super output areas - middle layer,152,Other identity only,968
5477,2021,E02003554,2021 super output areas - middle layer,152,Other identity and at least one UK identity,197
5478,2021,E02003554,2021 super output areas - middle layer,152,Non-UK identity only,1001
5479,2021,E02003554,2021 super output areas - middle layer,152,UK identity and non-UK identity,210
5480,2021,E02003555,2021 super output areas - middle layer,152,Total: All usual residents,8702
5481,2021,E02003555,2021 super output areas - middle layer,152,British only identity,4887
5482,2021,E02003555,2021 super output areas - middle layer,152,English only identity,1223
5483,2021,E02003555,2021 super output areas - middle layer,152,English and British only identity,1412
5484,2021,E02003555,2021 super output areas - middle layer,152,Welsh only identity,21
5485,2021,E02003555,2021 super output areas - middle layer,152,Welsh and British only identity,7
5486,2021,E02003555,2021 super output areas - middle layer,152,Any other combination of only UK identities,71
5487,2021,E02003555,2021 super output areas - middle layer,152,Scottish only identity,33
5488,2021,E02003555,2021 super output areas - middle layer,152,Scottish and British only identity,8
5489,2021,E02003555,2021 super output areas - middle layer,152,Northern Irish only identity,13
5490,2021,E02003555,2021 super output areas - middle layer,152,Northern Irish and British only identity,8
5491,2021,E02003555,2021 super output areas - middle layer,152,Cornish only identity,1
5492,2021,E02003555,2021 super output areas - middle layer,152,Cornish and British only identity,0
5493,2021,E02003555,2021 super output areas - middle layer,152,Any other combination of only UK identities ,8
5494,2021,E02003555,2021 super output areas - middle layer,152,Irish only identity,22
5495,2021,E02003555,2021 super output areas - middle layer,152,Irish and at least one UK identity,2
5496,2021,E02003555,2021 super output areas - middle layer,152,Other identity only,877
5497,2021,E02003555,2021 super output areas - middle layer,152,Other identity and at least one UK identity,180
5498,2021,E02003555,2021 super output areas - middle layer,152,Non-UK identity only,899
5499,2021,E02003555,2021 super output areas - middle layer,152,UK identity and non-UK identity,182
5500,2021,E02003556,2021 super output areas - middle layer,152,Total: All usual residents,5749
5501,2021,E02003556,2021 super output areas - middle layer,152,British only identity,3220
5502,2021,E02003556,2021 super output areas - middle layer,152,English only identity,1029
5503,2021,E02003556,2021 super output areas - middle layer,152,English and British only identity,880
5504,2021,E02003556,2021 super output areas - middle layer,152,Welsh only identity,13
5505,2021,E02003556,2021 super output areas - middle layer,152,Welsh and British only identity,4
5506,2021,E02003556,2021 super output areas - middle layer,152,Any other combination of only UK identities,61
5507,2021,E02003556,2021 super output areas - middle layer,152,Scottish only identity,28
5508,2021,E02003556,2021 super output areas - middle layer,152,Scottish and British only identity,13
5509,2021,E02003556,2021 super output areas - middle layer,152,Northern Irish only identity,4
5510,2021,E02003556,2021 super output areas - middle layer,152,Northern Irish and British only identity,3
5511,2021,E02003556,2021 super output areas - middle layer,152,Cornish only identity,2
5512,2021,E02003556,2021 super output areas - middle layer,152,Cornish and British only identity,1
5513,2021,E02003556,2021 super output areas - middle layer,152,Any other combination of only UK identities ,10
5514,2021,E02003556,2021 super output areas - middle layer,152,Irish only identity,15
5515,2021,E02003556,2021 super output areas - middle layer,152,Irish and at least one UK identity,4
5516,2021,E02003556,2021 super output areas - middle layer,152,Other identity only,407
5517,2021,E02003556,2021 super output areas - middle layer,152,Other identity and at least one UK identity,116
5518,2021,E02003556,2021 super output areas - middle layer,152,Non-UK identity only,422
5519,2021,E02003556,2021 super output areas - middle layer,152,UK identity and non-UK identity,120
5520,2021,E02003557,2021 super output areas - middle layer,152,Total: All usual residents,6801
5521,2021,E02003557,2021 super output areas - middle layer,152,British only identity,3476
5522,2021,E02003557,2021 super output areas - middle layer,152,English only identity,591
5523,2021,E02003557,2021 super output areas - middle layer,152,English and British only identity,993
5524,2021,E02003557,2021 super output areas - middle layer,152,Welsh only identity,51
5525,2021,E02003557,2021 super output areas - middle layer,152,Welsh and British only identity,34
5526,2021,E02003557,2021 super output areas - middle layer,152,Any other combination of only UK identities,106
5527,2021,E02003557,2021 super output areas - middle layer,152,Scottish only identity,27
5528,2021,E02003557,2021 super output areas - middle layer,152,Scottish and British only identity,22
5529,2021,E02003557,2021 super output areas - middle layer,152,Northern Irish only identity,18
5530,2021,E02003557,2021 super output areas - middle layer,152,Northern Irish and British only identity,13
5531,2021,E02003557,2021 super output areas - middle layer,152,Cornish only identity,3
5532,2021,E02003557,2021 super output areas - middle layer,152,Cornish and British only identity,4
5533,2021,E02003557,2021 super output areas - middle layer,152,Any other combination of only UK identities ,19
5534,2021,E02003557,2021 super output areas - middle layer,152,Irish only identity,40
5535,2021,E02003557,2021 super output areas - middle layer,152,Irish and at least one UK identity,27
5536,2021,E02003557,2021 super output areas - middle layer,152,Other identity only,1220
5537,2021,E02003557,2021 super output areas - middle layer,152,Other identity and at least one UK identity,263
5538,2021,E02003557,2021 super output areas - middle layer,152,Non-UK identity only,1260
5539,2021,E02003557,2021 super output areas - middle layer,152,UK identity and non-UK identity,290
5540,2021,E02003558,2021 super output areas - middle layer,152,Total: All usual residents,7248
5541,2021,E02003558,2021 super output areas - middle layer,152,British only identity,3546
5542,2021,E02003558,2021 super output areas - middle layer,152,English only identity,751
5543,2021,E02003558,2021 super output areas - middle layer,152,English and British only identity,980
5544,2021,E02003558,2021 super output areas - middle layer,152,Welsh only identity,28
5545,2021,E02003558,2021 super output areas - middle layer,152,Welsh and British only identity,4
5546,2021,E02003558,2021 super output areas - middle layer,152,Any other combination of only UK identities,46
5547,2021,E02003558,2021 super output areas - middle layer,152,Scottish only identity,18
5548,2021,E02003558,2021 super output areas - middle layer,152,Scottish and British only identity,5
5549,2021,E02003558,2021 super output areas - middle layer,152,Northern Irish only identity,10
5550,2021,E02003558,2021 super output areas - middle layer,152,Northern Irish and British only identity,4
5551,2021,E02003558,2021 super output areas - middle layer,152,Cornish only identity,0
5552,2021,E02003558,2021 super output areas - middle layer,152,Cornish and British only identity,1
5553,2021,E02003558,2021 super output areas - middle layer,152,Any other combination of only UK identities ,8
5554,2021,E02003558,2021 super output areas - middle layer,152,Irish only identity,20
5555,2021,E02003558,2021 super output areas - middle layer,152,Irish and at least one UK identity,4
5556,2021,E02003558,2021 super output areas - middle layer,152,Other identity only,1609
5557,2021,E02003558,2021 super output areas - middle layer,152,Other identity and at least one UK identity,260
5558,2021,E02003558,2021 super output areas - middle layer,152,Non-UK identity only,1629
5559,2021,E02003558,2021 super output areas - middle layer,152,UK identity and non-UK identity,264
5560,2021,E02003559,2021 super output areas - middle layer,152,Total: All usual residents,7837
5561,2021,E02003559,2021 super output areas - middle layer,152,British only identity,4465
5562,2021,E02003559,2021 super output areas - middle layer,152,English only identity,844
5563,2021,E02003559,2021 super output areas - middle layer,152,English and British only identity,1090
5564,2021,E02003559,2021 super output areas - middle layer,152,Welsh only identity,26
5565,2021,E02003559,2021 super output areas - middle layer,152,Welsh and British only identity,8
5566,2021,E02003559,2021 super output areas - middle layer,152,Any other combination of only UK identities,101
5567,2021,E02003559,2021 super output areas - middle layer,152,Scottish only identity,29
5568,2021,E02003559,2021 super output areas - middle layer,152,Scottish and British only identity,21
5569,2021,E02003559,2021 super output areas - middle layer,152,Northern Irish only identity,14
5570,2021,E02003559,2021 super output areas - middle layer,152,Northern Irish and British only identity,6
5571,2021,E02003559,2021 super output areas - middle layer,152,Cornish only identity,1
5572,2021,E02003559,2021 super output areas - middle layer,152,Cornish and British only identity,1
5573,2021,E02003559,2021 super output areas - middle layer,152,Any other combination of only UK identities ,29
5574,2021,E02003559,2021 super output areas - middle layer,152,Irish only identity,66
5575,2021,E02003559,2021 super output areas - middle layer,152,Irish and at least one UK identity,20
5576,2021,E02003559,2021 super output areas - middle layer,152,Other identity only,934
5577,2021,E02003559,2021 super output areas - middle layer,152,Other identity and at least one UK identity,283
5578,2021,E02003559,2021 super output areas - middle layer,152,Non-UK identity only,1000
5579,2021,E02003559,2021 super output areas - middle layer,152,UK identity and non-UK identity,303
5580,2021,E02003560,2021 super output areas - middle layer,152,Total: All usual residents,7469
5581,2021,E02003560,2021 super output areas - middle layer,152,British only identity,4200
5582,2021,E02003560,2021 super output areas - middle layer,152,English only identity,1134
5583,2021,E02003560,2021 super output areas - middle layer,152,English and British only identity,1365
5584,2021,E02003560,2021 super output areas - middle layer,152,Welsh only identity,14
5585,2021,E02003560,2021 super output areas - middle layer,152,Welsh and British only identity,7
5586,2021,E02003560,2021 super output areas - middle layer,152,Any other combination of only UK identities,67
5587,2021,E02003560,2021 super output areas - middle layer,152,Scottish only identity,25
5588,2021,E02003560,2021 super output areas - middle layer,152,Scottish and British only identity,8
5589,2021,E02003560,2021 super output areas - middle layer,152,Northern Irish only identity,13
5590,2021,E02003560,2021 super output areas - middle layer,152,Northern Irish and British only identity,4
5591,2021,E02003560,2021 super output areas - middle layer,152,Cornish only identity,5
5592,2021,E02003560,2021 super output areas - middle layer,152,Cornish and British only identity,0
5593,2021,E02003560,2021 super output areas - middle layer,152,Any other combination of only UK identities ,12
5594,2021,E02003560,2021 super output areas - middle layer,152,Irish only identity,24
5595,2021,E02003560,2021 super output areas - middle layer,152,Irish and at least one UK identity,4
5596,2021,E02003560,2021 super output areas - middle layer,152,Other identity only,570
5597,2021,E02003560,2021 super output areas - middle layer,152,Other identity and at least one UK identity,84
5598,2021,E02003560,2021 super output areas - middle layer,152,Non-UK identity only,594
5599,2021,E02003560,2021 super output areas - middle layer,152,UK identity and non-UK identity,88
5600,2021,E02003561,2021 super output areas - middle layer,152,Total: All usual residents,7924
5601,2021,E02003561,2021 super output areas - middle layer,152,British only identity,3842
5602,2021,E02003561,2021 super output areas - middle layer,152,English only identity,725
5603,2021,E02003561,2021 super output areas - middle layer,152,English and British only identity,997
5604,2021,E02003561,2021 super output areas - middle layer,152,Welsh only identity,44
5605,2021,E02003561,2021 super output areas - middle layer,152,Welsh and British only identity,16
5606,2021,E02003561,2021 super output areas - middle layer,152,Any other combination of only UK identities,102
5607,2021,E02003561,2021 super output areas - middle layer,152,Scottish only identity,32
5608,2021,E02003561,2021 super output areas - middle layer,152,Scottish and British only identity,17
5609,2021,E02003561,2021 super output areas - middle layer,152,Northern Irish only identity,21
5610,2021,E02003561,2021 super output areas - middle layer,152,Northern Irish and British only identity,6
5611,2021,E02003561,2021 super output areas - middle layer,152,Cornish only identity,3
5612,2021,E02003561,2021 super output areas - middle layer,152,Cornish and British only identity,1
5613,2021,E02003561,2021 super output areas - middle layer,152,Any other combination of only UK identities ,22
5614,2021,E02003561,2021 super output areas - middle layer,152,Irish only identity,34
5615,2021,E02003561,2021 super output areas - middle layer,152,Irish and at least one UK identity,17
5616,2021,E02003561,2021 super output areas - middle layer,152,Other identity only,1889
5617,2021,E02003561,2021 super output areas - middle layer,152,Other identity and at least one UK identity,258
5618,2021,E02003561,2021 super output areas - middle layer,152,Non-UK identity only,1923
5619,2021,E02003561,2021 super output areas - middle layer,152,UK identity and non-UK identity,275
5620,2021,E02003562,2021 super output areas - middle layer,152,Total: All usual residents,8317
5621,2021,E02003562,2021 super output areas - middle layer,152,British only identity,4568
5622,2021,E02003562,2021 super output areas - middle layer,152,English only identity,1194
5623,2021,E02003562,2021 super output areas - middle layer,152,English and British only identity,1138
5624,2021,E02003562,2021 super output areas - middle layer,152,Welsh only identity,31
5625,2021,E02003562,2021 super output areas - middle layer,152,Welsh and British only identity,15
5626,2021,E02003562,2021 super output areas - middle layer,152,Any other combination of only UK identities,90
5627,2021,E02003562,2021 super output areas - middle layer,152,Scottish only identity,34
5628,2021,E02003562,2021 super output areas - middle layer,152,Scottish and British only identity,14
5629,2021,E02003562,2021 super output areas - middle layer,152,Northern Irish only identity,16
5630,2021,E02003562,2021 super output areas - middle layer,152,Northern Irish and British only identity,4
5631,2021,E02003562,2021 super output areas - middle layer,152,Cornish only identity,0
5632,2021,E02003562,2021 super output areas - middle layer,152,Cornish and British only identity,0
5633,2021,E02003562,2021 super output areas - middle layer,152,Any other combination of only UK identities ,22
5634,2021,E02003562,2021 super output areas - middle layer,152,Irish only identity,29
5635,2021,E02003562,2021 super output areas - middle layer,152,Irish and at least one UK identity,9
5636,2021,E02003562,2021 super output areas - middle layer,152,Other identity only,1002
5637,2021,E02003562,2021 super output areas - middle layer,152,Other identity and at least one UK identity,241
5638,2021,E02003562,2021 super output areas - middle layer,152,Non-UK identity only,1031
5639,2021,E02003562,2021 super output areas - middle layer,152,UK identity and non-UK identity,250
5640,2021,E02003563,2021 super output areas - middle layer,152,Total: All usual residents,8019
5641,2021,E02003563,2021 super output areas - middle layer,152,British only identity,4215
5642,2021,E02003563,2021 super output areas - middle layer,152,English only identity,1037
5643,2021,E02003563,2021 super output areas - middle layer,152,English and British only identity,1155
5644,2021,E02003563,2021 super output areas - middle layer,152,Welsh only identity,35
5645,2021,E02003563,2021 super output areas - middle layer,152,Welsh and British only identity,14
5646,2021,E02003563,2021 super output areas - middle layer,152,Any other combination of only UK identities,69
5647,2021,E02003563,2021 super output areas - middle layer,152,Scottish only identity,32
5648,2021,E02003563,2021 super output areas - middle layer,152,Scottish and British only identity,10
5649,2021,E02003563,2021 super output areas - middle layer,152,Northern Irish only identity,9
5650,2021,E02003563,2021 super output areas - middle layer,152,Northern Irish and British only identity,0
5651,2021,E02003563,2021 super output areas - middle layer,152,Cornish only identity,1
5652,2021,E02003563,2021 super output areas - middle layer,152,Cornish and British only identity,0
5653,2021,E02003563,2021 super output areas - middle layer,152,Any other combination of only UK identities ,17
5654,2021,E02003563,2021 super output areas - middle layer,152,Irish only identity,38
5655,2021,E02003563,2021 super output areas - middle layer,152,Irish and at least one UK identity,11
5656,2021,E02003563,2021 super output areas - middle layer,152,Other identity only,1243
5657,2021,E02003563,2021 super output areas - middle layer,152,Other identity and at least one UK identity,202
5658,2021,E02003563,2021 super output areas - middle layer,152,Non-UK identity only,1281
5659,2021,E02003563,2021 super output areas - middle layer,152,UK identity and non-UK identity,213
5660,2021,E02003564,2021 super output areas - middle layer,152,Total: All usual residents,8085
5661,2021,E02003564,2021 super output areas - middle layer,152,British only identity,4540
5662,2021,E02003564,2021 super output areas - middle layer,152,English only identity,1416
5663,2021,E02003564,2021 super output areas - middle layer,152,English and British only identity,1206
5664,2021,E02003564,2021 super output areas - middle layer,152,Welsh only identity,20
5665,2021,E02003564,2021 super output areas - middle layer,152,Welsh and British only identity,3
5666,2021,E02003564,2021 super output areas - middle layer,152,Any other combination of only UK identities,50
5667,2021,E02003564,2021 super output areas - middle layer,152,Scottish only identity,28
5668,2021,E02003564,2021 super output areas - middle layer,152,Scottish and British only identity,6
5669,2021,E02003564,2021 super output areas - middle layer,152,Northern Irish only identity,3
5670,2021,E02003564,2021 super output areas - middle layer,152,Northern Irish and British only identity,4
5671,2021,E02003564,2021 super output areas - middle layer,152,Cornish only identity,0
5672,2021,E02003564,2021 super output areas - middle layer,152,Cornish and British only identity,0
5673,2021,E02003564,2021 super output areas - middle layer,152,Any other combination of only UK identities ,9
5674,2021,E02003564,2021 super output areas - middle layer,152,Irish only identity,19
5675,2021,E02003564,2021 super output areas - middle layer,152,Irish and at least one UK identity,8
5676,2021,E02003564,2021 super output areas - middle layer,152,Other identity only,716
5677,2021,E02003564,2021 super output areas - middle layer,152,Other identity and at least one UK identity,107
5678,2021,E02003564,2021 super output areas - middle layer,152,Non-UK identity only,735
5679,2021,E02003564,2021 super output areas - middle layer,152,UK identity and non-UK identity,115
5680,2021,E02003565,2021 super output areas - middle layer,152,Total: All usual residents,6760
5681,2021,E02003565,2021 super output areas - middle layer,152,British only identity,3157
5682,2021,E02003565,2021 super output areas - middle layer,152,English only identity,508
5683,2021,E02003565,2021 super output areas - middle layer,152,English and British only identity,819
5684,2021,E02003565,2021 super output areas - middle layer,152,Welsh only identity,42
5685,2021,E02003565,2021 super output areas - middle layer,152,Welsh and British only identity,11
5686,2021,E02003565,2021 super output areas - middle layer,152,Any other combination of only UK identities,92
5687,2021,E02003565,2021 super output areas - middle layer,152,Scottish only identity,24
5688,2021,E02003565,2021 super output areas - middle layer,152,Scottish and British only identity,7
5689,2021,E02003565,2021 super output areas - middle layer,152,Northern Irish only identity,19
5690,2021,E02003565,2021 super output areas - middle layer,152,Northern Irish and British only identity,5
5691,2021,E02003565,2021 super output areas - middle layer,152,Cornish only identity,3
5692,2021,E02003565,2021 super output areas - middle layer,152,Cornish and British only identity,0
5693,2021,E02003565,2021 super output areas - middle layer,152,Any other combination of only UK identities ,34
5694,2021,E02003565,2021 super output areas - middle layer,152,Irish only identity,48
5695,2021,E02003565,2021 super output areas - middle layer,152,Irish and at least one UK identity,12
5696,2021,E02003565,2021 super output areas - middle layer,152,Other identity only,1768
5697,2021,E02003565,2021 super output areas - middle layer,152,Other identity and at least one UK identity,303
5698,2021,E02003565,2021 super output areas - middle layer,152,Non-UK identity only,1816
5699,2021,E02003565,2021 super output areas - middle layer,152,UK identity and non-UK identity,315
5700,2021,E02003566,2021 super output areas - middle layer,152,Total: All usual residents,6401
5701,2021,E02003566,2021 super output areas - middle layer,152,British only identity,3639
5702,2021,E02003566,2021 super output areas - middle layer,152,English only identity,1079
5703,2021,E02003566,2021 super output areas - middle layer,152,English and British only identity,1013
5704,2021,E02003566,2021 super output areas - middle layer,152,Welsh only identity,13
5705,2021,E02003566,2021 super output areas - middle layer,152,Welsh and British only identity,8
5706,2021,E02003566,2021 super output areas - middle layer,152,Any other combination of only UK identities,50
5707,2021,E02003566,2021 super output areas - middle layer,152,Scottish only identity,26
5708,2021,E02003566,2021 super output areas - middle layer,152,Scottish and British only identity,7
5709,2021,E02003566,2021 super output areas - middle layer,152,Northern Irish only identity,12
5710,2021,E02003566,2021 super output areas - middle layer,152,Northern Irish and British only identity,2
5711,2021,E02003566,2021 super output areas - middle layer,152,Cornish only identity,0
5712,2021,E02003566,2021 super output areas - middle layer,152,Cornish and British only identity,0
5713,2021,E02003566,2021 super output areas - middle layer,152,Any other combination of only UK identities ,3
5714,2021,E02003566,2021 super output areas - middle layer,152,Irish only identity,22
5715,2021,E02003566,2021 super output areas - middle layer,152,Irish and at least one UK identity,2
5716,2021,E02003566,2021 super output areas - middle layer,152,Other identity only,464
5717,2021,E02003566,2021 super output areas - middle layer,152,Other identity and at least one UK identity,111
5718,2021,E02003566,2021 super output areas - middle layer,152,Non-UK identity only,486
5719,2021,E02003566,2021 super output areas - middle layer,152,UK identity and non-UK identity,113
5720,2021,E02003567,2021 super output areas - middle layer,152,Total: All usual residents,8064
5721,2021,E02003567,2021 super output areas - middle layer,152,British only identity,4481
5722,2021,E02003567,2021 super output areas - middle layer,152,English only identity,1087
5723,2021,E02003567,2021 super output areas - middle layer,152,English and British only identity,1263
5724,2021,E02003567,2021 super output areas - middle layer,152,Welsh only identity,17
5725,2021,E02003567,2021 super output areas - middle layer,152,Welsh and British only identity,8
5726,2021,E02003567,2021 super output areas - middle layer,152,Any other combination of only UK identities,73
5727,2021,E02003567,2021 super output areas - middle layer,152,Scottish only identity,31
5728,2021,E02003567,2021 super output areas - middle layer,152,Scottish and British only identity,12
5729,2021,E02003567,2021 super output areas - middle layer,152,Northern Irish only identity,16
5730,2021,E02003567,2021 super output areas - middle layer,152,Northern Irish and British only identity,4
5731,2021,E02003567,2021 super output areas - middle layer,152,Cornish only identity,1
5732,2021,E02003567,2021 super output areas - middle layer,152,Cornish and British only identity,0
5733,2021,E02003567,2021 super output areas - middle layer,152,Any other combination of only UK identities ,9
5734,2021,E02003567,2021 super output areas - middle layer,152,Irish only identity,28
5735,2021,E02003567,2021 super output areas - middle layer,152,Irish and at least one UK identity,6
5736,2021,E02003567,2021 super output areas - middle layer,152,Other identity only,935
5737,2021,E02003567,2021 super output areas - middle layer,152,Other identity and at least one UK identity,166
5738,2021,E02003567,2021 super output areas - middle layer,152,Non-UK identity only,963
5739,2021,E02003567,2021 super output areas - middle layer,152,UK identity and non-UK identity,172
5740,2021,E02003568,2021 super output areas - middle layer,152,Total: All usual residents,8267
5741,2021,E02003568,2021 super output areas - middle layer,152,British only identity,4087
5742,2021,E02003568,2021 super output areas - middle layer,152,English only identity,729
5743,2021,E02003568,2021 super output areas - middle layer,152,English and British only identity,946
5744,2021,E02003568,2021 super output areas - middle layer,152,Welsh only identity,34
5745,2021,E02003568,2021 super output areas - middle layer,152,Welsh and British only identity,21
5746,2021,E02003568,2021 super output areas - middle layer,152,Any other combination of only UK identities,105
5747,2021,E02003568,2021 super output areas - middle layer,152,Scottish only identity,36
5748,2021,E02003568,2021 super output areas - middle layer,152,Scottish and British only identity,20
5749,2021,E02003568,2021 super output areas - middle layer,152,Northern Irish only identity,17
5750,2021,E02003568,2021 super output areas - middle layer,152,Northern Irish and British only identity,4
5751,2021,E02003568,2021 super output areas - middle layer,152,Cornish only identity,4
5752,2021,E02003568,2021 super output areas - middle layer,152,Cornish and British only identity,1
5753,2021,E02003568,2021 super output areas - middle layer,152,Any other combination of only UK identities ,23
5754,2021,E02003568,2021 super output areas - middle layer,152,Irish only identity,56
5755,2021,E02003568,2021 super output areas - middle layer,152,Irish and at least one UK identity,12
5756,2021,E02003568,2021 super output areas - middle layer,152,Other identity only,1959
5757,2021,E02003568,2021 super output areas - middle layer,152,Other identity and at least one UK identity,318
5758,2021,E02003568,2021 super output areas - middle layer,152,Non-UK identity only,2015
5759,2021,E02003568,2021 super output areas - middle layer,152,UK identity and non-UK identity,330
5760,2021,E02003569,2021 super output areas - middle layer,152,Total: All usual residents,7814
5761,2021,E02003569,2021 super output areas - middle layer,152,British only identity,3670
5762,2021,E02003569,2021 super output areas - middle layer,152,English only identity,875
5763,2021,E02003569,2021 super output areas - middle layer,152,English and British only identity,868
5764,2021,E02003569,2021 super output areas - middle layer,152,Welsh only identity,16
5765,2021,E02003569,2021 super output areas - middle layer,152,Welsh and British only identity,15
5766,2021,E02003569,2021 super output areas - middle layer,152,Any other combination of only UK identities,82
5767,2021,E02003569,2021 super output areas - middle layer,152,Scottish only identity,33
5768,2021,E02003569,2021 super output areas - middle layer,152,Scottish and British only identity,12
5769,2021,E02003569,2021 super output areas - middle layer,152,Northern Irish only identity,13
5770,2021,E02003569,2021 super output areas - middle layer,152,Northern Irish and British only identity,3
5771,2021,E02003569,2021 super output areas - middle layer,152,Cornish only identity,7
5772,2021,E02003569,2021 super output areas - middle layer,152,Cornish and British only identity,0
5773,2021,E02003569,2021 super output areas - middle layer,152,Any other combination of only UK identities ,14
5774,2021,E02003569,2021 super output areas - middle layer,152,Irish only identity,37
5775,2021,E02003569,2021 super output areas - middle layer,152,Irish and at least one UK identity,8
5776,2021,E02003569,2021 super output areas - middle layer,152,Other identity only,1955
5777,2021,E02003569,2021 super output areas - middle layer,152,Other identity and at least one UK identity,288
5778,2021,E02003569,2021 super output areas - middle layer,152,Non-UK identity only,1992
5779,2021,E02003569,2021 super output areas - middle layer,152,UK identity and non-UK identity,296
5780,2021,E02003570,2021 super output areas - middle layer,152,Total: All usual residents,11609
5781,2021,E02003570,2021 super output areas - middle layer,152,British only identity,5924
5782,2021,E02003570,2021 super output areas - middle layer,152,English only identity,598
5783,2021,E02003570,2021 super output areas - middle layer,152,English and British only identity,701
5784,2021,E02003570,2021 super output areas - middle layer,152,Welsh only identity,28
5785,2021,E02003570,2021 super output areas - middle layer,152,Welsh and British only identity,6
5786,2021,E02003570,2021 super output areas - middle layer,152,Any other combination of only UK identities,75
5787,2021,E02003570,2021 super output areas - middle layer,152,Scottish only identity,20
5788,2021,E02003570,2021 super output areas - middle layer,152,Scottish and British only identity,20
5789,2021,E02003570,2021 super output areas - middle layer,152,Northern Irish only identity,12
5790,2021,E02003570,2021 super output areas - middle layer,152,Northern Irish and British only identity,3
5791,2021,E02003570,2021 super output areas - middle layer,152,Cornish only identity,1
5792,2021,E02003570,2021 super output areas - middle layer,152,Cornish and British only identity,0
5793,2021,E02003570,2021 super output areas - middle layer,152,Any other combination of only UK identities ,19
5794,2021,E02003570,2021 super output areas - middle layer,152,Irish only identity,54
5795,2021,E02003570,2021 super output areas - middle layer,152,Irish and at least one UK identity,7
5796,2021,E02003570,2021 super output areas - middle layer,152,Other identity only,3798
5797,2021,E02003570,2021 super output areas - middle layer,152,Other identity and at least one UK identity,418
5798,2021,E02003570,2021 super output areas - middle layer,152,Non-UK identity only,3852
5799,2021,E02003570,2021 super output areas - middle layer,152,UK identity and non-UK identity,425
5800,2021,E02003571,2021 super output areas - middle layer,152,Total: All usual residents,8964
5801,2021,E02003571,2021 super output areas - middle layer,152,British only identity,3842
5802,2021,E02003571,2021 super output areas - middle layer,152,English only identity,737
5803,2021,E02003571,2021 super output areas - middle layer,152,English and British only identity,1179
5804,2021,E02003571,2021 super output areas - middle layer,152,Welsh only identity,46
5805,2021,E02003571,2021 super output areas - middle layer,152,Welsh and British only identity,26
5806,2021,E02003571,2021 super output areas - middle layer,152,Any other combination of only UK identities,96
5807,2021,E02003571,2021 super output areas - middle layer,152,Scottish only identity,26
5808,2021,E02003571,2021 super output areas - middle layer,152,Scottish and British only identity,18
5809,2021,E02003571,2021 super output areas - middle layer,152,Northern Irish only identity,23
5810,2021,E02003571,2021 super output areas - middle layer,152,Northern Irish and British only identity,7
5811,2021,E02003571,2021 super output areas - middle layer,152,Cornish only identity,3
5812,2021,E02003571,2021 super output areas - middle layer,152,Cornish and British only identity,1
5813,2021,E02003571,2021 super output areas - middle layer,152,Any other combination of only UK identities ,18
5814,2021,E02003571,2021 super output areas - middle layer,152,Irish only identity,57
5815,2021,E02003571,2021 super output areas - middle layer,152,Irish and at least one UK identity,26
5816,2021,E02003571,2021 super output areas - middle layer,152,Other identity only,2640
5817,2021,E02003571,2021 super output areas - middle layer,152,Other identity and at least one UK identity,315
5818,2021,E02003571,2021 super output areas - middle layer,152,Non-UK identity only,2697
5819,2021,E02003571,2021 super output areas - middle layer,152,UK identity and non-UK identity,341
5820,2021,E02003572,2021 super output areas - middle layer,152,Total: All usual residents,6179
5821,2021,E02003572,2021 super output areas - middle layer,152,British only identity,3654
5822,2021,E02003572,2021 super output areas - middle layer,152,English only identity,921
5823,2021,E02003572,2021 super output areas - middle layer,152,English and British only identity,958
5824,2021,E02003572,2021 super output areas - middle layer,152,Welsh only identity,25
5825,2021,E02003572,2021 super output areas - middle layer,152,Welsh and British only identity,8
5826,2021,E02003572,2021 super output areas - middle layer,152,Any other combination of only UK identities,61
5827,2021,E02003572,2021 super output areas - middle layer,152,Scottish only identity,26
5828,2021,E02003572,2021 super output areas - middle layer,152,Scottish and British only identity,13
5829,2021,E02003572,2021 super output areas - middle layer,152,Northern Irish only identity,3
5830,2021,E02003572,2021 super output areas - middle layer,152,Northern Irish and British only identity,5
5831,2021,E02003572,2021 super output areas - middle layer,152,Cornish only identity,1
5832,2021,E02003572,2021 super output areas - middle layer,152,Cornish and British only identity,0
5833,2021,E02003572,2021 super output areas - middle layer,152,Any other combination of only UK identities ,13
5834,2021,E02003572,2021 super output areas - middle layer,152,Irish only identity,12
5835,2021,E02003572,2021 super output areas - middle layer,152,Irish and at least one UK identity,2
5836,2021,E02003572,2021 super output areas - middle layer,152,Other identity only,446
5837,2021,E02003572,2021 super output areas - middle layer,152,Other identity and at least one UK identity,92
5838,2021,E02003572,2021 super output areas - middle layer,152,Non-UK identity only,458
5839,2021,E02003572,2021 super output areas - middle layer,152,UK identity and non-UK identity,94
5840,2021,E02003573,2021 super output areas - middle layer,152,Total: All usual residents,7875
5841,2021,E02003573,2021 super output areas - middle layer,152,British only identity,4367
5842,2021,E02003573,2021 super output areas - middle layer,152,English only identity,1287
5843,2021,E02003573,2021 super output areas - middle layer,152,English and British only identity,1478
5844,2021,E02003573,2021 super output areas - middle layer,152,Welsh only identity,14
5845,2021,E02003573,2021 super output areas - middle layer,152,Welsh and British only identity,10
5846,2021,E02003573,2021 super output areas - middle layer,152,Any other combination of only UK identities,43
5847,2021,E02003573,2021 super output areas - middle layer,152,Scottish only identity,19
5848,2021,E02003573,2021 super output areas - middle layer,152,Scottish and British only identity,5
5849,2021,E02003573,2021 super output areas - middle layer,152,Northern Irish only identity,11
5850,2021,E02003573,2021 super output areas - middle layer,152,Northern Irish and British only identity,2
5851,2021,E02003573,2021 super output areas - middle layer,152,Cornish only identity,0
5852,2021,E02003573,2021 super output areas - middle layer,152,Cornish and British only identity,0
5853,2021,E02003573,2021 super output areas - middle layer,152,Any other combination of only UK identities ,6
5854,2021,E02003573,2021 super output areas - middle layer,152,Irish only identity,21
5855,2021,E02003573,2021 super output areas - middle layer,152,Irish and at least one UK identity,1
5856,2021,E02003573,2021 super output areas - middle layer,152,Other identity only,555
5857,2021,E02003573,2021 super output areas - middle layer,152,Other identity and at least one UK identity,99
5858,2021,E02003573,2021 super output areas - middle layer,152,Non-UK identity only,576
5859,2021,E02003573,2021 super output areas - middle layer,152,UK identity and non-UK identity,100
5860,2021,E02003574,2021 super output areas - middle layer,152,Total: All usual residents,7661
5861,2021,E02003574,2021 super output areas - middle layer,152,British only identity,4257
5862,2021,E02003574,2021 super output areas - middle layer,152,English only identity,1528
5863,2021,E02003574,2021 super output areas - middle layer,152,English and British only identity,1242
5864,2021,E02003574,2021 super output areas - middle layer,152,Welsh only identity,18
5865,2021,E02003574,2021 super output areas - middle layer,152,Welsh and British only identity,9
5866,2021,E02003574,2021 super output areas - middle layer,152,Any other combination of only UK identities,71
5867,2021,E02003574,2021 super output areas - middle layer,152,Scottish only identity,30
5868,2021,E02003574,2021 super output areas - middle layer,152,Scottish and British only identity,17
5869,2021,E02003574,2021 super output areas - middle layer,152,Northern Irish only identity,4
5870,2021,E02003574,2021 super output areas - middle layer,152,Northern Irish and British only identity,3
5871,2021,E02003574,2021 super output areas - middle layer,152,Cornish only identity,4
5872,2021,E02003574,2021 super output areas - middle layer,152,Cornish and British only identity,0
5873,2021,E02003574,2021 super output areas - middle layer,152,Any other combination of only UK identities ,13
5874,2021,E02003574,2021 super output areas - middle layer,152,Irish only identity,20
5875,2021,E02003574,2021 super output areas - middle layer,152,Irish and at least one UK identity,2
5876,2021,E02003574,2021 super output areas - middle layer,152,Other identity only,438
5877,2021,E02003574,2021 super output areas - middle layer,152,Other identity and at least one UK identity,76
5878,2021,E02003574,2021 super output areas - middle layer,152,Non-UK identity only,458
5879,2021,E02003574,2021 super output areas - middle layer,152,UK identity and non-UK identity,78
5880,2021,E02003575,2021 super output areas - middle layer,152,Total: All usual residents,6534
5881,2021,E02003575,2021 super output areas - middle layer,152,British only identity,3628
5882,2021,E02003575,2021 super output areas - middle layer,152,English only identity,1071
5883,2021,E02003575,2021 super output areas - middle layer,152,English and British only identity,1220
5884,2021,E02003575,2021 super output areas - middle layer,152,Welsh only identity,10
5885,2021,E02003575,2021 super output areas - middle layer,152,Welsh and British only identity,8
5886,2021,E02003575,2021 super output areas - middle layer,152,Any other combination of only UK identities,40
5887,2021,E02003575,2021 super output areas - middle layer,152,Scottish only identity,14
5888,2021,E02003575,2021 super output areas - middle layer,152,Scottish and British only identity,4
5889,2021,E02003575,2021 super output areas - middle layer,152,Northern Irish only identity,3
5890,2021,E02003575,2021 super output areas - middle layer,152,Northern Irish and British only identity,5
5891,2021,E02003575,2021 super output areas - middle layer,152,Cornish only identity,1
5892,2021,E02003575,2021 super output areas - middle layer,152,Cornish and British only identity,0
5893,2021,E02003575,2021 super output areas - middle layer,152,Any other combination of only UK identities ,13
5894,2021,E02003575,2021 super output areas - middle layer,152,Irish only identity,12
5895,2021,E02003575,2021 super output areas - middle layer,152,Irish and at least one UK identity,2
5896,2021,E02003575,2021 super output areas - middle layer,152,Other identity only,457
5897,2021,E02003575,2021 super output areas - middle layer,152,Other identity and at least one UK identity,86
5898,2021,E02003575,2021 super output areas - middle layer,152,Non-UK identity only,469
5899,2021,E02003575,2021 super output areas - middle layer,152,UK identity and non-UK identity,88
5900,2021,E02003576,2021 super output areas - middle layer,152,Total: All usual residents,8124
5901,2021,E02003576,2021 super output areas - middle layer,152,British only identity,4518
5902,2021,E02003576,2021 super output areas - middle layer,152,English only identity,1345
5903,2021,E02003576,2021 super output areas - middle layer,152,English and British only identity,1388
5904,2021,E02003576,2021 super output areas - middle layer,152,Welsh only identity,31
5905,2021,E02003576,2021 super output areas - middle layer,152,Welsh and British only identity,12
5906,2021,E02003576,2021 super output areas - middle layer,152,Any other combination of only UK identities,61
5907,2021,E02003576,2021 super output areas - middle layer,152,Scottish only identity,27
5908,2021,E02003576,2021 super output areas - middle layer,152,Scottish and British only identity,12
5909,2021,E02003576,2021 super output areas - middle layer,152,Northern Irish only identity,10
5910,2021,E02003576,2021 super output areas - middle layer,152,Northern Irish and British only identity,2
5911,2021,E02003576,2021 super output areas - middle layer,152,Cornish only identity,0
5912,2021,E02003576,2021 super output areas - middle layer,152,Cornish and British only identity,0
5913,2021,E02003576,2021 super output areas - middle layer,152,Any other combination of only UK identities ,10
5914,2021,E02003576,2021 super output areas - middle layer,152,Irish only identity,17
5915,2021,E02003576,2021 super output areas - middle layer,152,Irish and at least one UK identity,1
5916,2021,E02003576,2021 super output areas - middle layer,152,Other identity only,630
5917,2021,E02003576,2021 super output areas - middle layer,152,Other identity and at least one UK identity,121
5918,2021,E02003576,2021 super output areas - middle layer,152,Non-UK identity only,647
5919,2021,E02003576,2021 super output areas - middle layer,152,UK identity and non-UK identity,122
5920,2021,E02003578,2021 super output areas - middle layer,152,Total: All usual residents,6337
5921,2021,E02003578,2021 super output areas - middle layer,152,British only identity,3652
5922,2021,E02003578,2021 super output areas - middle layer,152,English only identity,1090
5923,2021,E02003578,2021 super output areas - middle layer,152,English and British only identity,1036
5924,2021,E02003578,2021 super output areas - middle layer,152,Welsh only identity,12
5925,2021,E02003578,2021 super output areas - middle layer,152,Welsh and British only identity,8
5926,2021,E02003578,2021 super output areas - middle layer,152,Any other combination of only UK identities,51
5927,2021,E02003578,2021 super output areas - middle layer,152,Scottish only identity,23
5928,2021,E02003578,2021 super output areas - middle layer,152,Scottish and British only identity,6
5929,2021,E02003578,2021 super output areas - middle layer,152,Northern Irish only identity,6
5930,2021,E02003578,2021 super output areas - middle layer,152,Northern Irish and British only identity,5
5931,2021,E02003578,2021 super output areas - middle layer,152,Cornish only identity,2
5932,2021,E02003578,2021 super output areas - middle layer,152,Cornish and British only identity,0
5933,2021,E02003578,2021 super output areas - middle layer,152,Any other combination of only UK identities ,9
5934,2021,E02003578,2021 super output areas - middle layer,152,Irish only identity,27
5935,2021,E02003578,2021 super output areas - middle layer,152,Irish and at least one UK identity,4
5936,2021,E02003578,2021 super output areas - middle layer,152,Other identity only,369
5937,2021,E02003578,2021 super output areas - middle layer,152,Other identity and at least one UK identity,88
5938,2021,E02003578,2021 super output areas - middle layer,152,Non-UK identity only,396
5939,2021,E02003578,2021 super output areas - middle layer,152,UK identity and non-UK identity,92
5940,2021,E02003579,2021 super output areas - middle layer,152,Total: All usual residents,9585
5941,2021,E02003579,2021 super output areas - middle layer,152,British only identity,5335
5942,2021,E02003579,2021 super output areas - middle layer,152,English only identity,1360
5943,2021,E02003579,2021 super output areas - middle layer,152,English and British only identity,1514
5944,2021,E02003579,2021 super output areas - middle layer,152,Welsh only identity,42
5945,2021,E02003579,2021 super output areas - middle layer,152,Welsh and British only identity,17
5946,2021,E02003579,2021 super output areas - middle layer,152,Any other combination of only UK identities,67
5947,2021,E02003579,2021 super output areas - middle layer,152,Scottish only identity,27
5948,2021,E02003579,2021 super output areas - middle layer,152,Scottish and British only identity,11
5949,2021,E02003579,2021 super output areas - middle layer,152,Northern Irish only identity,10
5950,2021,E02003579,2021 super output areas - middle layer,152,Northern Irish and British only identity,6
5951,2021,E02003579,2021 super output areas - middle layer,152,Cornish only identity,2
5952,2021,E02003579,2021 super output areas - middle layer,152,Cornish and British only identity,0
5953,2021,E02003579,2021 super output areas - middle layer,152,Any other combination of only UK identities ,11
5954,2021,E02003579,2021 super output areas - middle layer,152,Irish only identity,19
5955,2021,E02003579,2021 super output areas - middle layer,152,Irish and at least one UK identity,12
5956,2021,E02003579,2021 super output areas - middle layer,152,Other identity only,992
5957,2021,E02003579,2021 super output areas - middle layer,152,Other identity and at least one UK identity,227
5958,2021,E02003579,2021 super output areas - middle layer,152,Non-UK identity only,1011
5959,2021,E02003579,2021 super output areas - middle layer,152,UK identity and non-UK identity,239
5960,2021,E02003580,2021 super output areas - middle layer,152,Total: All usual residents,6201
5961,2021,E02003580,2021 super output areas - middle layer,152,British only identity,3320
5962,2021,E02003580,2021 super output areas - middle layer,152,English only identity,970
5963,2021,E02003580,2021 super output areas - middle layer,152,English and British only identity,1209
5964,2021,E02003580,2021 super output areas - middle layer,152,Welsh only identity,13
5965,2021,E02003580,2021 super output areas - middle layer,152,Welsh and British only identity,3
5966,2021,E02003580,2021 super output areas - middle layer,152,Any other combination of only UK identities,34
5967,2021,E02003580,2021 super output areas - middle layer,152,Scottish only identity,15
5968,2021,E02003580,2021 super output areas - middle layer,152,Scottish and British only identity,5
5969,2021,E02003580,2021 super output areas - middle layer,152,Northern Irish only identity,7
5970,2021,E02003580,2021 super output areas - middle layer,152,Northern Irish and British only identity,1
5971,2021,E02003580,2021 super output areas - middle layer,152,Cornish only identity,1
5972,2021,E02003580,2021 super output areas - middle layer,152,Cornish and British only identity,0
5973,2021,E02003580,2021 super output areas - middle layer,152,Any other combination of only UK identities ,5
5974,2021,E02003580,2021 super output areas - middle layer,152,Irish only identity,11
5975,2021,E02003580,2021 super output areas - middle layer,152,Irish and at least one UK identity,3
5976,2021,E02003580,2021 super output areas - middle layer,152,Other identity only,539
5977,2021,E02003580,2021 super output areas - middle layer,152,Other identity and at least one UK identity,99
5978,2021,E02003580,2021 super output areas - middle layer,152,Non-UK identity only,550
5979,2021,E02003580,2021 super output areas - middle layer,152,UK identity and non-UK identity,102
5980,2021,E02007074,2021 super output areas - middle layer,152,Total: All usual residents,8741
5981,2021,E02007074,2021 super output areas - middle layer,152,British only identity,4128
5982,2021,E02007074,2021 super output areas - middle layer,152,English only identity,702
5983,2021,E02007074,2021 super output areas - middle layer,152,English and British only identity,886
5984,2021,E02007074,2021 super output areas - middle layer,152,Welsh only identity,24
5985,2021,E02007074,2021 super output areas - middle layer,152,Welsh and British only identity,6
5986,2021,E02007074,2021 super output areas - middle layer,152,Any other combination of only UK identities,59
5987,2021,E02007074,2021 super output areas - middle layer,152,Scottish only identity,10
5988,2021,E02007074,2021 super output areas - middle layer,152,Scottish and British only identity,5
5989,2021,E02007074,2021 super output areas - middle layer,152,Northern Irish only identity,22
5990,2021,E02007074,2021 super output areas - middle layer,152,Northern Irish and British only identity,3
5991,2021,E02007074,2021 super output areas - middle layer,152,Cornish only identity,3
5992,2021,E02007074,2021 super output areas - middle layer,152,Cornish and British only identity,0
5993,2021,E02007074,2021 super output areas - middle layer,152,Any other combination of only UK identities ,16
5994,2021,E02007074,2021 super output areas - middle layer,152,Irish only identity,38
5995,2021,E02007074,2021 super output areas - middle layer,152,Irish and at least one UK identity,4
5996,2021,E02007074,2021 super output areas - middle layer,152,Other identity only,2594
5997,2021,E02007074,2021 super output areas - middle layer,152,Other identity and at least one UK identity,300
5998,2021,E02007074,2021 super output areas - middle layer,152,Non-UK identity only,2632
5999,2021,E02007074,2021 super output areas - middle layer,152,UK identity and non-UK identity,304
6000,2021,E02007075,2021 super output areas - middle layer,152,Total: All usual residents,5304
6001,2021,E02007075,2021 super output areas - middle layer,152,British only identity,2344
6002,2021,E02007075,2021 super output areas - middle layer,152,English only identity,469
6003,2021,E02007075,2021 super output areas - middle layer,152,English and British only identity,611
6004,2021,E02007075,2021 super output areas - middle layer,152,Welsh only identity,28
6005,2021,E02007075,2021 super output areas - middle layer,152,Welsh and British only identity,15
6006,2021,E02007075,2021 super output areas - middle layer,152,Any other combination of only UK identities,76
6007,2021,E02007075,2021 super output areas - middle layer,152,Scottish only identity,28
6008,2021,E02007075,2021 super output areas - middle layer,152,Scottish and British only identity,12
6009,2021,E02007075,2021 super output areas - middle layer,152,Northern Irish only identity,8
6010,2021,E02007075,2021 super output areas - middle layer,152,Northern Irish and British only identity,7
6011,2021,E02007075,2021 super output areas - middle layer,152,Cornish only identity,3
6012,2021,E02007075,2021 super output areas - middle layer,152,Cornish and British only identity,0
6013,2021,E02007075,2021 super output areas - middle layer,152,Any other combination of only UK identities ,18
6014,2021,E02007075,2021 super output areas - middle layer,152,Irish only identity,30
6015,2021,E02007075,2021 super output areas - middle layer,152,Irish and at least one UK identity,10
6016,2021,E02007075,2021 super output areas - middle layer,152,Other identity only,1509
6017,2021,E02007075,2021 super output areas - middle layer,152,Other identity and at least one UK identity,212
6018,2021,E02007075,2021 super output areas - middle layer,152,Non-UK identity only,1539
6019,2021,E02007075,2021 super output areas - middle layer,152,UK identity and non-UK identity,222
6020,2021,E02003581,2021 super output areas - middle layer,152,Total: All usual residents,7801
6021,2021,E02003581,2021 super output areas - middle layer,152,British only identity,4454
6022,2021,E02003581,2021 super output areas - middle layer,152,English only identity,1395
6023,2021,E02003581,2021 super output areas - middle layer,152,English and British only identity,1264
6024,2021,E02003581,2021 super output areas - middle layer,152,Welsh only identity,31
6025,2021,E02003581,2021 super output areas - middle layer,152,Welsh and British only identity,12
6026,2021,E02003581,2021 super output areas - middle layer,152,Any other combination of only UK identities,98
6027,2021,E02003581,2021 super output areas - middle layer,152,Scottish only identity,46
6028,2021,E02003581,2021 super output areas - middle layer,152,Scottish and British only identity,19
6029,2021,E02003581,2021 super output areas - middle layer,152,Northern Irish only identity,5
6030,2021,E02003581,2021 super output areas - middle layer,152,Northern Irish and British only identity,3
6031,2021,E02003581,2021 super output areas - middle layer,152,Cornish only identity,2
6032,2021,E02003581,2021 super output areas - middle layer,152,Cornish and British only identity,2
6033,2021,E02003581,2021 super output areas - middle layer,152,Any other combination of only UK identities ,21
6034,2021,E02003581,2021 super output areas - middle layer,152,Irish only identity,26
6035,2021,E02003581,2021 super output areas - middle layer,152,Irish and at least one UK identity,4
6036,2021,E02003581,2021 super output areas - middle layer,152,Other identity only,413
6037,2021,E02003581,2021 super output areas - middle layer,152,Other identity and at least one UK identity,104
6038,2021,E02003581,2021 super output areas - middle layer,152,Non-UK identity only,439
6039,2021,E02003581,2021 super output areas - middle layer,152,UK identity and non-UK identity,108
6040,2021,E02003582,2021 super output areas - middle layer,152,Total: All usual residents,8579
6041,2021,E02003582,2021 super output areas - middle layer,152,British only identity,4761
6042,2021,E02003582,2021 super output areas - middle layer,152,English only identity,1579
6043,2021,E02003582,2021 super output areas - middle layer,152,English and British only identity,1675
6044,2021,E02003582,2021 super output areas - middle layer,152,Welsh only identity,42
6045,2021,E02003582,2021 super output areas - middle layer,152,Welsh and British only identity,11
6046,2021,E02003582,2021 super output areas - middle layer,152,Any other combination of only UK identities,78
6047,2021,E02003582,2021 super output areas - middle layer,152,Scottish only identity,40
6048,2021,E02003582,2021 super output areas - middle layer,152,Scottish and British only identity,21
6049,2021,E02003582,2021 super output areas - middle layer,152,Northern Irish only identity,4
6050,2021,E02003582,2021 super output areas - middle layer,152,Northern Irish and British only identity,3
6051,2021,E02003582,2021 super output areas - middle layer,152,Cornish only identity,2
6052,2021,E02003582,2021 super output areas - middle layer,152,Cornish and British only identity,0
6053,2021,E02003582,2021 super output areas - middle layer,152,Any other combination of only UK identities ,8
6054,2021,E02003582,2021 super output areas - middle layer,152,Irish only identity,29
6055,2021,E02003582,2021 super output areas - middle layer,152,Irish and at least one UK identity,8
6056,2021,E02003582,2021 super output areas - middle layer,152,Other identity only,290
6057,2021,E02003582,2021 super output areas - middle layer,152,Other identity and at least one UK identity,106
6058,2021,E02003582,2021 super output areas - middle layer,152,Non-UK identity only,319
6059,2021,E02003582,2021 super output areas - middle layer,152,UK identity and non-UK identity,114
6060,2021,E02003583,2021 super output areas - middle layer,152,Total: All usual residents,7706
6061,2021,E02003583,2021 super output areas - middle layer,152,British only identity,4416
6062,2021,E02003583,2021 super output areas - middle layer,152,English only identity,1616
6063,2021,E02003583,2021 super output areas - middle layer,152,English and British only identity,1356
6064,2021,E02003583,2021 super output areas - middle layer,152,Welsh only identity,28
6065,2021,E02003583,2021 super output areas - middle layer,152,Welsh and British only identity,8
6066,2021,E02003583,2021 super output areas - middle layer,152,Any other combination of only UK identities,60
6067,2021,E02003583,2021 super output areas - middle layer,152,Scottish only identity,34
6068,2021,E02003583,2021 super output areas - middle layer,152,Scottish and British only identity,11
6069,2021,E02003583,2021 super output areas - middle layer,152,Northern Irish only identity,4
6070,2021,E02003583,2021 super output areas - middle layer,152,Northern Irish and British only identity,1
6071,2021,E02003583,2021 super output areas - middle layer,152,Cornish only identity,1
6072,2021,E02003583,2021 super output areas - middle layer,152,Cornish and British only identity,0
6073,2021,E02003583,2021 super output areas - middle layer,152,Any other combination of only UK identities ,9
6074,2021,E02003583,2021 super output areas - middle layer,152,Irish only identity,14
6075,2021,E02003583,2021 super output areas - middle layer,152,Irish and at least one UK identity,1
6076,2021,E02003583,2021 super output areas - middle layer,152,Other identity only,161
6077,2021,E02003583,2021 super output areas - middle layer,152,Other identity and at least one UK identity,46
6078,2021,E02003583,2021 super output areas - middle layer,152,Non-UK identity only,175
6079,2021,E02003583,2021 super output areas - middle layer,152,UK identity and non-UK identity,47
6080,2021,E02003584,2021 super output areas - middle layer,152,Total: All usual residents,6127
6081,2021,E02003584,2021 super output areas - middle layer,152,British only identity,3336
6082,2021,E02003584,2021 super output areas - middle layer,152,English only identity,1249
6083,2021,E02003584,2021 super output areas - middle layer,152,English and British only identity,1027
6084,2021,E02003584,2021 super output areas - middle layer,152,Welsh only identity,32
6085,2021,E02003584,2021 super output areas - middle layer,152,Welsh and British only identity,10
6086,2021,E02003584,2021 super output areas - middle layer,152,Any other combination of only UK identities,76
6087,2021,E02003584,2021 super output areas - middle layer,152,Scottish only identity,39
6088,2021,E02003584,2021 super output areas - middle layer,152,Scottish and British only identity,13
6089,2021,E02003584,2021 super output areas - middle layer,152,Northern Irish only identity,10
6090,2021,E02003584,2021 super output areas - middle layer,152,Northern Irish and British only identity,3
6091,2021,E02003584,2021 super output areas - middle layer,152,Cornish only identity,5
6092,2021,E02003584,2021 super output areas - middle layer,152,Cornish and British only identity,0
6093,2021,E02003584,2021 super output areas - middle layer,152,Any other combination of only UK identities ,6
6094,2021,E02003584,2021 super output areas - middle layer,152,Irish only identity,31
6095,2021,E02003584,2021 super output areas - middle layer,152,Irish and at least one UK identity,6
6096,2021,E02003584,2021 super output areas - middle layer,152,Other identity only,285
6097,2021,E02003584,2021 super output areas - middle layer,152,Other identity and at least one UK identity,75
6098,2021,E02003584,2021 super output areas - middle layer,152,Non-UK identity only,316
6099,2021,E02003584,2021 super output areas - middle layer,152,UK identity and non-UK identity,81
6100,2021,E02003585,2021 super output areas - middle layer,152,Total: All usual residents,6598
6101,2021,E02003585,2021 super output areas - middle layer,152,British only identity,3557
6102,2021,E02003585,2021 super output areas - middle layer,152,English only identity,1552
6103,2021,E02003585,2021 super output areas - middle layer,152,English and British only identity,1128
6104,2021,E02003585,2021 super output areas - middle layer,152,Welsh only identity,31
6105,2021,E02003585,2021 super output areas - middle layer,152,Welsh and British only identity,13
6106,2021,E02003585,2021 super output areas - middle layer,152,Any other combination of only UK identities,75
6107,2021,E02003585,2021 super output areas - middle layer,152,Scottish only identity,38
6108,2021,E02003585,2021 super output areas - middle layer,152,Scottish and British only identity,13
6109,2021,E02003585,2021 super output areas - middle layer,152,Northern Irish only identity,11
6110,2021,E02003585,2021 super output areas - middle layer,152,Northern Irish and British only identity,5
6111,2021,E02003585,2021 super output areas - middle layer,152,Cornish only identity,0
6112,2021,E02003585,2021 super output areas - middle layer,152,Cornish and British only identity,0
6113,2021,E02003585,2021 super output areas - middle layer,152,Any other combination of only UK identities ,8
6114,2021,E02003585,2021 super output areas - middle layer,152,Irish only identity,32
6115,2021,E02003585,2021 super output areas - middle layer,152,Irish and at least one UK identity,6
6116,2021,E02003585,2021 super output areas - middle layer,152,Other identity only,139
6117,2021,E02003585,2021 super output areas - middle layer,152,Other identity and at least one UK identity,65
6118,2021,E02003585,2021 super output areas - middle layer,152,Non-UK identity only,171
6119,2021,E02003585,2021 super output areas - middle layer,152,UK identity and non-UK identity,71
6120,2021,E02003586,2021 super output areas - middle layer,152,Total: All usual residents,7689
6121,2021,E02003586,2021 super output areas - middle layer,152,British only identity,4430
6122,2021,E02003586,2021 super output areas - middle layer,152,English only identity,1493
6123,2021,E02003586,2021 super output areas - middle layer,152,English and British only identity,1359
6124,2021,E02003586,2021 super output areas - middle layer,152,Welsh only identity,29
6125,2021,E02003586,2021 super output areas - middle layer,152,Welsh and British only identity,9
6126,2021,E02003586,2021 super output areas - middle layer,152,Any other combination of only UK identities,64
6127,2021,E02003586,2021 super output areas - middle layer,152,Scottish only identity,32
6128,2021,E02003586,2021 super output areas - middle layer,152,Scottish and British only identity,10
6129,2021,E02003586,2021 super output areas - middle layer,152,Northern Irish only identity,4
6130,2021,E02003586,2021 super output areas - middle layer,152,Northern Irish and British only identity,0
6131,2021,E02003586,2021 super output areas - middle layer,152,Cornish only identity,0
6132,2021,E02003586,2021 super output areas - middle layer,152,Cornish and British only identity,0
6133,2021,E02003586,2021 super output areas - middle layer,152,Any other combination of only UK identities ,18
6134,2021,E02003586,2021 super output areas - middle layer,152,Irish only identity,19
6135,2021,E02003586,2021 super output areas - middle layer,152,Irish and at least one UK identity,5
6136,2021,E02003586,2021 super output areas - middle layer,152,Other identity only,193
6137,2021,E02003586,2021 super output areas - middle layer,152,Other identity and at least one UK identity,88
6138,2021,E02003586,2021 super output areas - middle layer,152,Non-UK identity only,212
6139,2021,E02003586,2021 super output areas - middle layer,152,UK identity and non-UK identity,93
6140,2021,E02003587,2021 super output areas - middle layer,152,Total: All usual residents,8573
6141,2021,E02003587,2021 super output areas - middle layer,152,British only identity,4843
6142,2021,E02003587,2021 super output areas - middle layer,152,English only identity,1679
6143,2021,E02003587,2021 super output areas - middle layer,152,English and British only identity,1608
6144,2021,E02003587,2021 super output areas - middle layer,152,Welsh only identity,33
6145,2021,E02003587,2021 super output areas - middle layer,152,Welsh and British only identity,9
6146,2021,E02003587,2021 super output areas - middle layer,152,Any other combination of only UK identities,73
6147,2021,E02003587,2021 super output areas - middle layer,152,Scottish only identity,31
6148,2021,E02003587,2021 super output areas - middle layer,152,Scottish and British only identity,11
6149,2021,E02003587,2021 super output areas - middle layer,152,Northern Irish only identity,6
6150,2021,E02003587,2021 super output areas - middle layer,152,Northern Irish and British only identity,3
6151,2021,E02003587,2021 super output areas - middle layer,152,Cornish only identity,1
6152,2021,E02003587,2021 super output areas - middle layer,152,Cornish and British only identity,0
6153,2021,E02003587,2021 super output areas - middle layer,152,Any other combination of only UK identities ,21
6154,2021,E02003587,2021 super output areas - middle layer,152,Irish only identity,30
6155,2021,E02003587,2021 super output areas - middle layer,152,Irish and at least one UK identity,7
6156,2021,E02003587,2021 super output areas - middle layer,152,Other identity only,223
6157,2021,E02003587,2021 super output areas - middle layer,152,Other identity and at least one UK identity,68
6158,2021,E02003587,2021 super output areas - middle layer,152,Non-UK identity only,253
6159,2021,E02003587,2021 super output areas - middle layer,152,UK identity and non-UK identity,75
6160,2021,E02003588,2021 super output areas - middle layer,152,Total: All usual residents,9265
6161,2021,E02003588,2021 super output areas - middle layer,152,British only identity,5153
6162,2021,E02003588,2021 super output areas - middle layer,152,English only identity,1818
6163,2021,E02003588,2021 super output areas - middle layer,152,English and British only identity,1729
6164,2021,E02003588,2021 super output areas - middle layer,152,Welsh only identity,36
6165,2021,E02003588,2021 super output areas - middle layer,152,Welsh and British only identity,15
6166,2021,E02003588,2021 super output areas - middle layer,152,Any other combination of only UK identities,108
6167,2021,E02003588,2021 super output areas - middle layer,152,Scottish only identity,43
6168,2021,E02003588,2021 super output areas - middle layer,152,Scottish and British only identity,19
6169,2021,E02003588,2021 super output areas - middle layer,152,Northern Irish only identity,20
6170,2021,E02003588,2021 super output areas - middle layer,152,Northern Irish and British only identity,3
6171,2021,E02003588,2021 super output areas - middle layer,152,Cornish only identity,3
6172,2021,E02003588,2021 super output areas - middle layer,152,Cornish and British only identity,0
6173,2021,E02003588,2021 super output areas - middle layer,152,Any other combination of only UK identities ,20
6174,2021,E02003588,2021 super output areas - middle layer,152,Irish only identity,17
6175,2021,E02003588,2021 super output areas - middle layer,152,Irish and at least one UK identity,1
6176,2021,E02003588,2021 super output areas - middle layer,152,Other identity only,315
6177,2021,E02003588,2021 super output areas - middle layer,152,Other identity and at least one UK identity,73
6178,2021,E02003588,2021 super output areas - middle layer,152,Non-UK identity only,332
6179,2021,E02003588,2021 super output areas - middle layer,152,UK identity and non-UK identity,74
6180,2021,E02003589,2021 super output areas - middle layer,152,Total: All usual residents,7407
6181,2021,E02003589,2021 super output areas - middle layer,152,British only identity,4165
6182,2021,E02003589,2021 super output areas - middle layer,152,English only identity,1338
6183,2021,E02003589,2021 super output areas - middle layer,152,English and British only identity,1400
6184,2021,E02003589,2021 super output areas - middle layer,152,Welsh only identity,22
6185,2021,E02003589,2021 super output areas - middle layer,152,Welsh and British only identity,14
6186,2021,E02003589,2021 super output areas - middle layer,152,Any other combination of only UK identities,62
6187,2021,E02003589,2021 super output areas - middle layer,152,Scottish only identity,35
6188,2021,E02003589,2021 super output areas - middle layer,152,Scottish and British only identity,1
6189,2021,E02003589,2021 super output areas - middle layer,152,Northern Irish only identity,5
6190,2021,E02003589,2021 super output areas - middle layer,152,Northern Irish and British only identity,6
6191,2021,E02003589,2021 super output areas - middle layer,152,Cornish only identity,5
6192,2021,E02003589,2021 super output areas - middle layer,152,Cornish and British only identity,0
6193,2021,E02003589,2021 super output areas - middle layer,152,Any other combination of only UK identities ,10
6194,2021,E02003589,2021 super output areas - middle layer,152,Irish only identity,11
6195,2021,E02003589,2021 super output areas - middle layer,152,Irish and at least one UK identity,1
6196,2021,E02003589,2021 super output areas - middle layer,152,Other identity only,332
6197,2021,E02003589,2021 super output areas - middle layer,152,Other identity and at least one UK identity,62
6198,2021,E02003589,2021 super output areas - middle layer,152,Non-UK identity only,343
6199,2021,E02003589,2021 super output areas - middle layer,152,UK identity and non-UK identity,63
6200,2021,E02003590,2021 super output areas - middle layer,152,Total: All usual residents,7328
6201,2021,E02003590,2021 super output areas - middle layer,152,British only identity,4108
6202,2021,E02003590,2021 super output areas - middle layer,152,English only identity,1735
6203,2021,E02003590,2021 super output areas - middle layer,152,English and British only identity,1085
6204,2021,E02003590,2021 super output areas - middle layer,152,Welsh only identity,36
6205,2021,E02003590,2021 super output areas - middle layer,152,Welsh and British only identity,10
6206,2021,E02003590,2021 super output areas - middle layer,152,Any other combination of only UK identities,87
6207,2021,E02003590,2021 super output areas - middle layer,152,Scottish only identity,35
6208,2021,E02003590,2021 super output areas - middle layer,152,Scottish and British only identity,22
6209,2021,E02003590,2021 super output areas - middle layer,152,Northern Irish only identity,14
6210,2021,E02003590,2021 super output areas - middle layer,152,Northern Irish and British only identity,3
6211,2021,E02003590,2021 super output areas - middle layer,152,Cornish only identity,2
6212,2021,E02003590,2021 super output areas - middle layer,152,Cornish and British only identity,0
6213,2021,E02003590,2021 super output areas - middle layer,152,Any other combination of only UK identities ,11
6214,2021,E02003590,2021 super output areas - middle layer,152,Irish only identity,35
6215,2021,E02003590,2021 super output areas - middle layer,152,Irish and at least one UK identity,7
6216,2021,E02003590,2021 super output areas - middle layer,152,Other identity only,163
6217,2021,E02003590,2021 super output areas - middle layer,152,Other identity and at least one UK identity,62
6218,2021,E02003590,2021 super output areas - middle layer,152,Non-UK identity only,198
6219,2021,E02003590,2021 super output areas - middle layer,152,UK identity and non-UK identity,69
6220,2021,E02003591,2021 super output areas - middle layer,152,Total: All usual residents,9415
6221,2021,E02003591,2021 super output areas - middle layer,152,British only identity,5299
6222,2021,E02003591,2021 super output areas - middle layer,152,English only identity,1805
6223,2021,E02003591,2021 super output areas - middle layer,152,English and British only identity,1796
6224,2021,E02003591,2021 super output areas - middle layer,152,Welsh only identity,32
6225,2021,E02003591,2021 super output areas - middle layer,152,Welsh and British only identity,14
6226,2021,E02003591,2021 super output areas - middle layer,152,Any other combination of only UK identities,72
6227,2021,E02003591,2021 super output areas - middle layer,152,Scottish only identity,35
6228,2021,E02003591,2021 super output areas - middle layer,152,Scottish and British only identity,9
6229,2021,E02003591,2021 super output areas - middle layer,152,Northern Irish only identity,8
6230,2021,E02003591,2021 super output areas - middle layer,152,Northern Irish and British only identity,3
6231,2021,E02003591,2021 super output areas - middle layer,152,Cornish only identity,3
6232,2021,E02003591,2021 super output areas - middle layer,152,Cornish and British only identity,1
6233,2021,E02003591,2021 super output areas - middle layer,152,Any other combination of only UK identities ,13
6234,2021,E02003591,2021 super output areas - middle layer,152,Irish only identity,20
6235,2021,E02003591,2021 super output areas - middle layer,152,Irish and at least one UK identity,12
6236,2021,E02003591,2021 super output areas - middle layer,152,Other identity only,307
6237,2021,E02003591,2021 super output areas - middle layer,152,Other identity and at least one UK identity,58
6238,2021,E02003591,2021 super output areas - middle layer,152,Non-UK identity only,327
6239,2021,E02003591,2021 super output areas - middle layer,152,UK identity and non-UK identity,70
6240,2021,E02003592,2021 super output areas - middle layer,152,Total: All usual residents,9694
6241,2021,E02003592,2021 super output areas - middle layer,152,British only identity,5247
6242,2021,E02003592,2021 super output areas - middle layer,152,English only identity,2332
6243,2021,E02003592,2021 super output areas - middle layer,152,English and British only identity,1612
6244,2021,E02003592,2021 super output areas - middle layer,152,Welsh only identity,41
6245,2021,E02003592,2021 super output areas - middle layer,152,Welsh and British only identity,9
6246,2021,E02003592,2021 super output areas - middle layer,152,Any other combination of only UK identities,102
6247,2021,E02003592,2021 super output areas - middle layer,152,Scottish only identity,59
6248,2021,E02003592,2021 super output areas - middle layer,152,Scottish and British only identity,18
6249,2021,E02003592,2021 super output areas - middle layer,152,Northern Irish only identity,8
6250,2021,E02003592,2021 super output areas - middle layer,152,Northern Irish and British only identity,5
6251,2021,E02003592,2021 super output areas - middle layer,152,Cornish only identity,0
6252,2021,E02003592,2021 super output areas - middle layer,152,Cornish and British only identity,1
6253,2021,E02003592,2021 super output areas - middle layer,152,Any other combination of only UK identities ,11
6254,2021,E02003592,2021 super output areas - middle layer,152,Irish only identity,36
6255,2021,E02003592,2021 super output areas - middle layer,152,Irish and at least one UK identity,5
6256,2021,E02003592,2021 super output areas - middle layer,152,Other identity only,215
6257,2021,E02003592,2021 super output areas - middle layer,152,Other identity and at least one UK identity,95
6258,2021,E02003592,2021 super output areas - middle layer,152,Non-UK identity only,251
6259,2021,E02003592,2021 super output areas - middle layer,152,UK identity and non-UK identity,100
6260,2021,E02003593,2021 super output areas - middle layer,152,Total: All usual residents,5256
6261,2021,E02003593,2021 super output areas - middle layer,152,British only identity,2972
6262,2021,E02003593,2021 super output areas - middle layer,152,English only identity,1158
6263,2021,E02003593,2021 super output areas - middle layer,152,English and British only identity,852
6264,2021,E02003593,2021 super output areas - middle layer,152,Welsh only identity,36
6265,2021,E02003593,2021 super output areas - middle layer,152,Welsh and British only identity,12
6266,2021,E02003593,2021 super output areas - middle layer,152,Any other combination of only UK identities,52
6267,2021,E02003593,2021 super output areas - middle layer,152,Scottish only identity,26
6268,2021,E02003593,2021 super output areas - middle layer,152,Scottish and British only identity,7
6269,2021,E02003593,2021 super output areas - middle layer,152,Northern Irish only identity,2
6270,2021,E02003593,2021 super output areas - middle layer,152,Northern Irish and British only identity,7
6271,2021,E02003593,2021 super output areas - middle layer,152,Cornish only identity,0
6272,2021,E02003593,2021 super output areas - middle layer,152,Cornish and British only identity,0
6273,2021,E02003593,2021 super output areas - middle layer,152,Any other combination of only UK identities ,10
6274,2021,E02003593,2021 super output areas - middle layer,152,Irish only identity,10
6275,2021,E02003593,2021 super output areas - middle layer,152,Irish and at least one UK identity,4
6276,2021,E02003593,2021 super output areas - middle layer,152,Other identity only,113
6277,2021,E02003593,2021 super output areas - middle layer,152,Other identity and at least one UK identity,47
6278,2021,E02003593,2021 super output areas - middle layer,152,Non-UK identity only,123
6279,2021,E02003593,2021 super output areas - middle layer,152,UK identity and non-UK identity,51
6280,2021,E02003594,2021 super output areas - middle layer,152,Total: All usual residents,9301
6281,2021,E02003594,2021 super output areas - middle layer,152,British only identity,5043
6282,2021,E02003594,2021 super output areas - middle layer,152,English only identity,2170
6283,2021,E02003594,2021 super output areas - middle layer,152,English and British only identity,1642
6284,2021,E02003594,2021 super output areas - middle layer,152,Welsh only identity,28
6285,2021,E02003594,2021 super output areas - middle layer,152,Welsh and British only identity,17
6286,2021,E02003594,2021 super output areas - middle layer,152,Any other combination of only UK identities,52
6287,2021,E02003594,2021 super output areas - middle layer,152,Scottish only identity,23
6288,2021,E02003594,2021 super output areas - middle layer,152,Scottish and British only identity,9
6289,2021,E02003594,2021 super output areas - middle layer,152,Northern Irish only identity,6
6290,2021,E02003594,2021 super output areas - middle layer,152,Northern Irish and British only identity,4
6291,2021,E02003594,2021 super output areas - middle layer,152,Cornish only identity,0
6292,2021,E02003594,2021 super output areas - middle layer,152,Cornish and British only identity,0
6293,2021,E02003594,2021 super output areas - middle layer,152,Any other combination of only UK identities ,10
6294,2021,E02003594,2021 super output areas - middle layer,152,Irish only identity,27
6295,2021,E02003594,2021 super output areas - middle layer,152,Irish and at least one UK identity,5
6296,2021,E02003594,2021 super output areas - middle layer,152,Other identity only,262
6297,2021,E02003594,2021 super output areas - middle layer,152,Other identity and at least one UK identity,55
6298,2021,E02003594,2021 super output areas - middle layer,152,Non-UK identity only,289
6299,2021,E02003594,2021 super output areas - middle layer,152,UK identity and non-UK identity,60
6300,2021,E02003595,2021 super output areas - middle layer,152,Total: All usual residents,8023
6301,2021,E02003595,2021 super output areas - middle layer,152,British only identity,4395
6302,2021,E02003595,2021 super output areas - middle layer,152,English only identity,2009
6303,2021,E02003595,2021 super output areas - middle layer,152,English and British only identity,1286
6304,2021,E02003595,2021 super output areas - middle layer,152,Welsh only identity,44
6305,2021,E02003595,2021 super output areas - middle layer,152,Welsh and British only identity,11
6306,2021,E02003595,2021 super output areas - middle layer,152,Any other combination of only UK identities,47
6307,2021,E02003595,2021 super output areas - middle layer,152,Scottish only identity,18
6308,2021,E02003595,2021 super output areas - middle layer,152,Scottish and British only identity,13
6309,2021,E02003595,2021 super output areas - middle layer,152,Northern Irish only identity,5
6310,2021,E02003595,2021 super output areas - middle layer,152,Northern Irish and British only identity,6
6311,2021,E02003595,2021 super output areas - middle layer,152,Cornish only identity,1
6312,2021,E02003595,2021 super output areas - middle layer,152,Cornish and British only identity,0
6313,2021,E02003595,2021 super output areas - middle layer,152,Any other combination of only UK identities ,4
6314,2021,E02003595,2021 super output areas - middle layer,152,Irish only identity,25
6315,2021,E02003595,2021 super output areas - middle layer,152,Irish and at least one UK identity,9
6316,2021,E02003595,2021 super output areas - middle layer,152,Other identity only,140
6317,2021,E02003595,2021 super output areas - middle layer,152,Other identity and at least one UK identity,57
6318,2021,E02003595,2021 super output areas - middle layer,152,Non-UK identity only,165
6319,2021,E02003595,2021 super output areas - middle layer,152,UK identity and non-UK identity,66
6320,2021,E02003596,2021 super output areas - middle layer,152,Total: All usual residents,8716
6321,2021,E02003596,2021 super output areas - middle layer,152,British only identity,4646
6322,2021,E02003596,2021 super output areas - middle layer,152,English only identity,2120
6323,2021,E02003596,2021 super output areas - middle layer,152,English and British only identity,1440
6324,2021,E02003596,2021 super output areas - middle layer,152,Welsh only identity,27
6325,2021,E02003596,2021 super output areas - middle layer,152,Welsh and British only identity,10
6326,2021,E02003596,2021 super output areas - middle layer,152,Any other combination of only UK identities,90
6327,2021,E02003596,2021 super output areas - middle layer,152,Scottish only identity,37
6328,2021,E02003596,2021 super output areas - middle layer,152,Scottish and British only identity,21
6329,2021,E02003596,2021 super output areas - middle layer,152,Northern Irish only identity,6
6330,2021,E02003596,2021 super output areas - middle layer,152,Northern Irish and British only identity,3
6331,2021,E02003596,2021 super output areas - middle layer,152,Cornish only identity,2
6332,2021,E02003596,2021 super output areas - middle layer,152,Cornish and British only identity,0
6333,2021,E02003596,2021 super output areas - middle layer,152,Any other combination of only UK identities ,21
6334,2021,E02003596,2021 super output areas - middle layer,152,Irish only identity,32
6335,2021,E02003596,2021 super output areas - middle layer,152,Irish and at least one UK identity,4
6336,2021,E02003596,2021 super output areas - middle layer,152,Other identity only,274
6337,2021,E02003596,2021 super output areas - middle layer,152,Other identity and at least one UK identity,73
6338,2021,E02003596,2021 super output areas - middle layer,152,Non-UK identity only,306
6339,2021,E02003596,2021 super output areas - middle layer,152,UK identity and non-UK identity,77
6340,2021,E02003597,2021 super output areas - middle layer,152,Total: All usual residents,5703
6341,2021,E02003597,2021 super output areas - middle layer,152,British only identity,3098
6342,2021,E02003597,2021 super output areas - middle layer,152,English only identity,1335
6343,2021,E02003597,2021 super output areas - middle layer,152,English and British only identity,978
6344,2021,E02003597,2021 super output areas - middle layer,152,Welsh only identity,34
6345,2021,E02003597,2021 super output areas - middle layer,152,Welsh and British only identity,9
6346,2021,E02003597,2021 super output areas - middle layer,152,Any other combination of only UK identities,33
6347,2021,E02003597,2021 super output areas - middle layer,152,Scottish only identity,9
6348,2021,E02003597,2021 super output areas - middle layer,152,Scottish and British only identity,9
6349,2021,E02003597,2021 super output areas - middle layer,152,Northern Irish only identity,3
6350,2021,E02003597,2021 super output areas - middle layer,152,Northern Irish and British only identity,4
6351,2021,E02003597,2021 super output areas - middle layer,152,Cornish only identity,2
6352,2021,E02003597,2021 super output areas - middle layer,152,Cornish and British only identity,0
6353,2021,E02003597,2021 super output areas - middle layer,152,Any other combination of only UK identities ,6
6354,2021,E02003597,2021 super output areas - middle layer,152,Irish only identity,23
6355,2021,E02003597,2021 super output areas - middle layer,152,Irish and at least one UK identity,6
6356,2021,E02003597,2021 super output areas - middle layer,152,Other identity only,123
6357,2021,E02003597,2021 super output areas - middle layer,152,Other identity and at least one UK identity,64
6358,2021,E02003597,2021 super output areas - middle layer,152,Non-UK identity only,146
6359,2021,E02003597,2021 super output areas - middle layer,152,UK identity and non-UK identity,70
6360,2021,E02003598,2021 super output areas - middle layer,152,Total: All usual residents,7275
6361,2021,E02003598,2021 super output areas - middle layer,152,British only identity,3961
6362,2021,E02003598,2021 super output areas - middle layer,152,English only identity,1740
6363,2021,E02003598,2021 super output areas - middle layer,152,English and British only identity,1127
6364,2021,E02003598,2021 super output areas - middle layer,152,Welsh only identity,34
6365,2021,E02003598,2021 super output areas - middle layer,152,Welsh and British only identity,18
6366,2021,E02003598,2021 super output areas - middle layer,152,Any other combination of only UK identities,61
6367,2021,E02003598,2021 super output areas - middle layer,152,Scottish only identity,35
6368,2021,E02003598,2021 super output areas - middle layer,152,Scottish and British only identity,7
6369,2021,E02003598,2021 super output areas - middle layer,152,Northern Irish only identity,8
6370,2021,E02003598,2021 super output areas - middle layer,152,Northern Irish and British only identity,1
6371,2021,E02003598,2021 super output areas - middle layer,152,Cornish only identity,1
6372,2021,E02003598,2021 super output areas - middle layer,152,Cornish and British only identity,0
6373,2021,E02003598,2021 super output areas - middle layer,152,Any other combination of only UK identities ,9
6374,2021,E02003598,2021 super output areas - middle layer,152,Irish only identity,39
6375,2021,E02003598,2021 super output areas - middle layer,152,Irish and at least one UK identity,2
6376,2021,E02003598,2021 super output areas - middle layer,152,Other identity only,219
6377,2021,E02003598,2021 super output areas - middle layer,152,Other identity and at least one UK identity,74
6378,2021,E02003598,2021 super output areas - middle layer,152,Non-UK identity only,258
6379,2021,E02003598,2021 super output areas - middle layer,152,UK identity and non-UK identity,76
6380,2021,E02003652,2021 super output areas - middle layer,152,Total: All usual residents,10558
6381,2021,E02003652,2021 super output areas - middle layer,152,British only identity,6019
6382,2021,E02003652,2021 super output areas - middle layer,152,English only identity,1721
6383,2021,E02003652,2021 super output areas - middle layer,152,English and British only identity,1585
6384,2021,E02003652,2021 super output areas - middle layer,152,Welsh only identity,49
6385,2021,E02003652,2021 super output areas - middle layer,152,Welsh and British only identity,26
6386,2021,E02003652,2021 super output areas - middle layer,152,Any other combination of only UK identities,146
6387,2021,E02003652,2021 super output areas - middle layer,152,Scottish only identity,50
6388,2021,E02003652,2021 super output areas - middle layer,152,Scottish and British only identity,21
6389,2021,E02003652,2021 super output areas - middle layer,152,Northern Irish only identity,13
6390,2021,E02003652,2021 super output areas - middle layer,152,Northern Irish and British only identity,12
6391,2021,E02003652,2021 super output areas - middle layer,152,Cornish only identity,4
6392,2021,E02003652,2021 super output areas - middle layer,152,Cornish and British only identity,0
6393,2021,E02003652,2021 super output areas - middle layer,152,Any other combination of only UK identities ,46
6394,2021,E02003652,2021 super output areas - middle layer,152,Irish only identity,51
6395,2021,E02003652,2021 super output areas - middle layer,152,Irish and at least one UK identity,20
6396,2021,E02003652,2021 super output areas - middle layer,152,Other identity only,698
6397,2021,E02003652,2021 super output areas - middle layer,152,Other identity and at least one UK identity,243
6398,2021,E02003652,2021 super output areas - middle layer,152,Non-UK identity only,749
6399,2021,E02003652,2021 super output areas - middle layer,152,UK identity and non-UK identity,263
6400,2021,E02003653,2021 super output areas - middle layer,152,Total: All usual residents,6752
6401,2021,E02003653,2021 super output areas - middle layer,152,British only identity,3663
6402,2021,E02003653,2021 super output areas - middle layer,152,English only identity,1158
6403,2021,E02003653,2021 super output areas - middle layer,152,English and British only identity,1086
6404,2021,E02003653,2021 super output areas - middle layer,152,Welsh only identity,39
6405,2021,E02003653,2021 super output areas - middle layer,152,Welsh and British only identity,24
6406,2021,E02003653,2021 super output areas - middle layer,152,Any other combination of only UK identities,93
6407,2021,E02003653,2021 super output areas - middle layer,152,Scottish only identity,38
6408,2021,E02003653,2021 super output areas - middle layer,152,Scottish and British only identity,27
6409,2021,E02003653,2021 super output areas - middle layer,152,Northern Irish only identity,9
6410,2021,E02003653,2021 super output areas - middle layer,152,Northern Irish and British only identity,7
6411,2021,E02003653,2021 super output areas - middle layer,152,Cornish only identity,1
6412,2021,E02003653,2021 super output areas - middle layer,152,Cornish and British only identity,0
6413,2021,E02003653,2021 super output areas - middle layer,152,Any other combination of only UK identities ,11
6414,2021,E02003653,2021 super output areas - middle layer,152,Irish only identity,41
6415,2021,E02003653,2021 super output areas - middle layer,152,Irish and at least one UK identity,6
6416,2021,E02003653,2021 super output areas - middle layer,152,Other identity only,504
6417,2021,E02003653,2021 super output areas - middle layer,152,Other identity and at least one UK identity,138
6418,2021,E02003653,2021 super output areas - middle layer,152,Non-UK identity only,545
6419,2021,E02003653,2021 super output areas - middle layer,152,UK identity and non-UK identity,144
6420,2021,E02003654,2021 super output areas - middle layer,152,Total: All usual residents,5791
6421,2021,E02003654,2021 super output areas - middle layer,152,British only identity,3318
6422,2021,E02003654,2021 super output areas - middle layer,152,English only identity,1165
6423,2021,E02003654,2021 super output areas - middle layer,152,English and British only identity,949
6424,2021,E02003654,2021 super output areas - middle layer,152,Welsh only identity,29
6425,2021,E02003654,2021 super output areas - middle layer,152,Welsh and British only identity,10
6426,2021,E02003654,2021 super output areas - middle layer,152,Any other combination of only UK identities,63
6427,2021,E02003654,2021 super output areas - middle layer,152,Scottish only identity,17
6428,2021,E02003654,2021 super output areas - middle layer,152,Scottish and British only identity,19
6429,2021,E02003654,2021 super output areas - middle layer,152,Northern Irish only identity,7
6430,2021,E02003654,2021 super output areas - middle layer,152,Northern Irish and British only identity,5
6431,2021,E02003654,2021 super output areas - middle layer,152,Cornish only identity,3
6432,2021,E02003654,2021 super output areas - middle layer,152,Cornish and British only identity,0
6433,2021,E02003654,2021 super output areas - middle layer,152,Any other combination of only UK identities ,12
6434,2021,E02003654,2021 super output areas - middle layer,152,Irish only identity,32
6435,2021,E02003654,2021 super output areas - middle layer,152,Irish and at least one UK identity,8
6436,2021,E02003654,2021 super output areas - middle layer,152,Other identity only,151
6437,2021,E02003654,2021 super output areas - middle layer,152,Other identity and at least one UK identity,66
6438,2021,E02003654,2021 super output areas - middle layer,152,Non-UK identity only,183
6439,2021,E02003654,2021 super output areas - middle layer,152,UK identity and non-UK identity,74
6440,2021,E02003655,2021 super output areas - middle layer,152,Total: All usual residents,10364
6441,2021,E02003655,2021 super output areas - middle layer,152,British only identity,6157
6442,2021,E02003655,2021 super output areas - middle layer,152,English only identity,1946
6443,2021,E02003655,2021 super output areas - middle layer,152,English and British only identity,1588
6444,2021,E02003655,2021 super output areas - middle layer,152,Welsh only identity,48
6445,2021,E02003655,2021 super output areas - middle layer,152,Welsh and British only identity,29
6446,2021,E02003655,2021 super output areas - middle layer,152,Any other combination of only UK identities,131
6447,2021,E02003655,2021 super output areas - middle layer,152,Scottish only identity,47
6448,2021,E02003655,2021 super output areas - middle layer,152,Scottish and British only identity,30
6449,2021,E02003655,2021 super output areas - middle layer,152,Northern Irish only identity,23
6450,2021,E02003655,2021 super output areas - middle layer,152,Northern Irish and British only identity,10
6451,2021,E02003655,2021 super output areas - middle layer,152,Cornish only identity,2
6452,2021,E02003655,2021 super output areas - middle layer,152,Cornish and British only identity,0
6453,2021,E02003655,2021 super output areas - middle layer,152,Any other combination of only UK identities ,19
6454,2021,E02003655,2021 super output areas - middle layer,152,Irish only identity,61
6455,2021,E02003655,2021 super output areas - middle layer,152,Irish and at least one UK identity,21
6456,2021,E02003655,2021 super output areas - middle layer,152,Other identity only,270
6457,2021,E02003655,2021 super output areas - middle layer,152,Other identity and at least one UK identity,113
6458,2021,E02003655,2021 super output areas - middle layer,152,Non-UK identity only,331
6459,2021,E02003655,2021 super output areas - middle layer,152,UK identity and non-UK identity,134
6460,2021,E02003656,2021 super output areas - middle layer,152,Total: All usual residents,6638
6461,2021,E02003656,2021 super output areas - middle layer,152,British only identity,3917
6462,2021,E02003656,2021 super output areas - middle layer,152,English only identity,1238
6463,2021,E02003656,2021 super output areas - middle layer,152,English and British only identity,1042
6464,2021,E02003656,2021 super output areas - middle layer,152,Welsh only identity,15
6465,2021,E02003656,2021 super output areas - middle layer,152,Welsh and British only identity,15
6466,2021,E02003656,2021 super output areas - middle layer,152,Any other combination of only UK identities,93
6467,2021,E02003656,2021 super output areas - middle layer,152,Scottish only identity,40
6468,2021,E02003656,2021 super output areas - middle layer,152,Scottish and British only identity,23
6469,2021,E02003656,2021 super output areas - middle layer,152,Northern Irish only identity,16
6470,2021,E02003656,2021 super output areas - middle layer,152,Northern Irish and British only identity,5
6471,2021,E02003656,2021 super output areas - middle layer,152,Cornish only identity,0
6472,2021,E02003656,2021 super output areas - middle layer,152,Cornish and British only identity,0
6473,2021,E02003656,2021 super output areas - middle layer,152,Any other combination of only UK identities ,9
6474,2021,E02003656,2021 super output areas - middle layer,152,Irish only identity,31
6475,2021,E02003656,2021 super output areas - middle layer,152,Irish and at least one UK identity,10
6476,2021,E02003656,2021 super output areas - middle layer,152,Other identity only,202
6477,2021,E02003656,2021 super output areas - middle layer,152,Other identity and at least one UK identity,75
6478,2021,E02003656,2021 super output areas - middle layer,152,Non-UK identity only,233
6479,2021,E02003656,2021 super output areas - middle layer,152,UK identity and non-UK identity,85
6480,2021,E02003657,2021 super output areas - middle layer,152,Total: All usual residents,7466
6481,2021,E02003657,2021 super output areas - middle layer,152,British only identity,4355
6482,2021,E02003657,2021 super output areas - middle layer,152,English only identity,1356
6483,2021,E02003657,2021 super output areas - middle layer,152,English and British only identity,1237
6484,2021,E02003657,2021 super output areas - middle layer,152,Welsh only identity,31
6485,2021,E02003657,2021 super output areas - middle layer,152,Welsh and British only identity,14
6486,2021,E02003657,2021 super output areas - middle layer,152,Any other combination of only UK identities,81
6487,2021,E02003657,2021 super output areas - middle layer,152,Scottish only identity,31
6488,2021,E02003657,2021 super output areas - middle layer,152,Scottish and British only identity,20
6489,2021,E02003657,2021 super output areas - middle layer,152,Northern Irish only identity,10
6490,2021,E02003657,2021 super output areas - middle layer,152,Northern Irish and British only identity,3
6491,2021,E02003657,2021 super output areas - middle layer,152,Cornish only identity,1
6492,2021,E02003657,2021 super output areas - middle layer,152,Cornish and British only identity,0
6493,2021,E02003657,2021 super output areas - middle layer,152,Any other combination of only UK identities ,16
6494,2021,E02003657,2021 super output areas - middle layer,152,Irish only identity,37
6495,2021,E02003657,2021 super output areas - middle layer,152,Irish and at least one UK identity,15
6496,2021,E02003657,2021 super output areas - middle layer,152,Other identity only,221
6497,2021,E02003657,2021 super output areas - middle layer,152,Other identity and at least one UK identity,119
6498,2021,E02003657,2021 super output areas - middle layer,152,Non-UK identity only,258
6499,2021,E02003657,2021 super output areas - middle layer,152,UK identity and non-UK identity,134
6500,2021,E02003658,2021 super output areas - middle layer,152,Total: All usual residents,10009
6501,2021,E02003658,2021 super output areas - middle layer,152,British only identity,5803
6502,2021,E02003658,2021 super output areas - middle layer,152,English only identity,1776
6503,2021,E02003658,2021 super output areas - middle layer,152,English and British only identity,1552
6504,2021,E02003658,2021 super output areas - middle layer,152,Welsh only identity,46
6505,2021,E02003658,2021 super output areas - middle layer,152,Welsh and British only identity,15
6506,2021,E02003658,2021 super output areas - middle layer,152,Any other combination of only UK identities,103
6507,2021,E02003658,2021 super output areas - middle layer,152,Scottish only identity,38
6508,2021,E02003658,2021 super output areas - middle layer,152,Scottish and British only identity,26
6509,2021,E02003658,2021 super output areas - middle layer,152,Northern Irish only identity,15
6510,2021,E02003658,2021 super output areas - middle layer,152,Northern Irish and British only identity,4
6511,2021,E02003658,2021 super output areas - middle layer,152,Cornish only identity,3
6512,2021,E02003658,2021 super output areas - middle layer,152,Cornish and British only identity,0
6513,2021,E02003658,2021 super output areas - middle layer,152,Any other combination of only UK identities ,17
6514,2021,E02003658,2021 super output areas - middle layer,152,Irish only identity,85
6515,2021,E02003658,2021 super output areas - middle layer,152,Irish and at least one UK identity,13
6516,2021,E02003658,2021 super output areas - middle layer,152,Other identity only,446
6517,2021,E02003658,2021 super output areas - middle layer,152,Other identity and at least one UK identity,170
6518,2021,E02003658,2021 super output areas - middle layer,152,Non-UK identity only,531
6519,2021,E02003658,2021 super output areas - middle layer,152,UK identity and non-UK identity,183
6520,2021,E02003659,2021 super output areas - middle layer,152,Total: All usual residents,9785
6521,2021,E02003659,2021 super output areas - middle layer,152,British only identity,5771
6522,2021,E02003659,2021 super output areas - middle layer,152,English only identity,1614
6523,2021,E02003659,2021 super output areas - middle layer,152,English and British only identity,1487
6524,2021,E02003659,2021 super output areas - middle layer,152,Welsh only identity,41
6525,2021,E02003659,2021 super output areas - middle layer,152,Welsh and British only identity,22
6526,2021,E02003659,2021 super output areas - middle layer,152,Any other combination of only UK identities,96
6527,2021,E02003659,2021 super output areas - middle layer,152,Scottish only identity,41
6528,2021,E02003659,2021 super output areas - middle layer,152,Scottish and British only identity,26
6529,2021,E02003659,2021 super output areas - middle layer,152,Northern Irish only identity,5
6530,2021,E02003659,2021 super output areas - middle layer,152,Northern Irish and British only identity,8
6531,2021,E02003659,2021 super output areas - middle layer,152,Cornish only identity,2
6532,2021,E02003659,2021 super output areas - middle layer,152,Cornish and British only identity,0
6533,2021,E02003659,2021 super output areas - middle layer,152,Any other combination of only UK identities ,14
6534,2021,E02003659,2021 super output areas - middle layer,152,Irish only identity,54
6535,2021,E02003659,2021 super output areas - middle layer,152,Irish and at least one UK identity,7
6536,2021,E02003659,2021 super output areas - middle layer,152,Other identity only,523
6537,2021,E02003659,2021 super output areas - middle layer,152,Other identity and at least one UK identity,170
6538,2021,E02003659,2021 super output areas - middle layer,152,Non-UK identity only,577
6539,2021,E02003659,2021 super output areas - middle layer,152,UK identity and non-UK identity,177
6540,2021,E02003660,2021 super output areas - middle layer,152,Total: All usual residents,10802
6541,2021,E02003660,2021 super output areas - middle layer,152,British only identity,6289
6542,2021,E02003660,2021 super output areas - middle layer,152,English only identity,2058
6543,2021,E02003660,2021 super output areas - middle layer,152,English and British only identity,1696
6544,2021,E02003660,2021 super output areas - middle layer,152,Welsh only identity,37
6545,2021,E02003660,2021 super output areas - middle layer,152,Welsh and British only identity,22
6546,2021,E02003660,2021 super output areas - middle layer,152,Any other combination of only UK identities,130
6547,2021,E02003660,2021 super output areas - middle layer,152,Scottish only identity,54
6548,2021,E02003660,2021 super output areas - middle layer,152,Scottish and British only identity,22
6549,2021,E02003660,2021 super output areas - middle layer,152,Northern Irish only identity,17
6550,2021,E02003660,2021 super output areas - middle layer,152,Northern Irish and British only identity,8
6551,2021,E02003660,2021 super output areas - middle layer,152,Cornish only identity,3
6552,2021,E02003660,2021 super output areas - middle layer,152,Cornish and British only identity,1
6553,2021,E02003660,2021 super output areas - middle layer,152,Any other combination of only UK identities ,25
6554,2021,E02003660,2021 super output areas - middle layer,152,Irish only identity,68
6555,2021,E02003660,2021 super output areas - middle layer,152,Irish and at least one UK identity,13
6556,2021,E02003660,2021 super output areas - middle layer,152,Other identity only,290
6557,2021,E02003660,2021 super output areas - middle layer,152,Other identity and at least one UK identity,199
6558,2021,E02003660,2021 super output areas - middle layer,152,Non-UK identity only,358
6559,2021,E02003660,2021 super output areas - middle layer,152,UK identity and non-UK identity,212
6560,2021,E02003661,2021 super output areas - middle layer,152,Total: All usual residents,5891
6561,2021,E02003661,2021 super output areas - middle layer,152,British only identity,3531
6562,2021,E02003661,2021 super output areas - middle layer,152,English only identity,1046
6563,2021,E02003661,2021 super output areas - middle layer,152,English and British only identity,891
6564,2021,E02003661,2021 super output areas - middle layer,152,Welsh only identity,40
6565,2021,E02003661,2021 super output areas - middle layer,152,Welsh and British only identity,9
6566,2021,E02003661,2021 super output areas - middle layer,152,Any other combination of only UK identities,70
6567,2021,E02003661,2021 super output areas - middle layer,152,Scottish only identity,30
6568,2021,E02003661,2021 super output areas - middle layer,152,Scottish and British only identity,11
6569,2021,E02003661,2021 super output areas - middle layer,152,Northern Irish only identity,6
6570,2021,E02003661,2021 super output areas - middle layer,152,Northern Irish and British only identity,6
6571,2021,E02003661,2021 super output areas - middle layer,152,Cornish only identity,2
6572,2021,E02003661,2021 super output areas - middle layer,152,Cornish and British only identity,0
6573,2021,E02003661,2021 super output areas - middle layer,152,Any other combination of only UK identities ,15
6574,2021,E02003661,2021 super output areas - middle layer,152,Irish only identity,32
6575,2021,E02003661,2021 super output areas - middle layer,152,Irish and at least one UK identity,4
6576,2021,E02003661,2021 super output areas - middle layer,152,Other identity only,180
6577,2021,E02003661,2021 super output areas - middle layer,152,Other identity and at least one UK identity,88
6578,2021,E02003661,2021 super output areas - middle layer,152,Non-UK identity only,212
6579,2021,E02003661,2021 super output areas - middle layer,152,UK identity and non-UK identity,92
6580,2021,E02003662,2021 super output areas - middle layer,152,Total: All usual residents,6212
6581,2021,E02003662,2021 super output areas - middle layer,152,British only identity,3654
6582,2021,E02003662,2021 super output areas - middle layer,152,English only identity,979
6583,2021,E02003662,2021 super output areas - middle layer,152,English and British only identity,717
6584,2021,E02003662,2021 super output areas - middle layer,152,Welsh only identity,15
6585,2021,E02003662,2021 super output areas - middle layer,152,Welsh and British only identity,9
6586,2021,E02003662,2021 super output areas - middle layer,152,Any other combination of only UK identities,54
6587,2021,E02003662,2021 super output areas - middle layer,152,Scottish only identity,26
6588,2021,E02003662,2021 super output areas - middle layer,152,Scottish and British only identity,9
6589,2021,E02003662,2021 super output areas - middle layer,152,Northern Irish only identity,10
6590,2021,E02003662,2021 super output areas - middle layer,152,Northern Irish and British only identity,3
6591,2021,E02003662,2021 super output areas - middle layer,152,Cornish only identity,0
6592,2021,E02003662,2021 super output areas - middle layer,152,Cornish and British only identity,0
6593,2021,E02003662,2021 super output areas - middle layer,152,Any other combination of only UK identities ,6
6594,2021,E02003662,2021 super output areas - middle layer,152,Irish only identity,43
6595,2021,E02003662,2021 super output areas - middle layer,152,Irish and at least one UK identity,6
6596,2021,E02003662,2021 super output areas - middle layer,152,Other identity only,633
6597,2021,E02003662,2021 super output areas - middle layer,152,Other identity and at least one UK identity,102
6598,2021,E02003662,2021 super output areas - middle layer,152,Non-UK identity only,676
6599,2021,E02003662,2021 super output areas - middle layer,152,UK identity and non-UK identity,108
6600,2021,E02003663,2021 super output areas - middle layer,152,Total: All usual residents,14107
6601,2021,E02003663,2021 super output areas - middle layer,152,British only identity,8342
6602,2021,E02003663,2021 super output areas - middle layer,152,English only identity,1696
6603,2021,E02003663,2021 super output areas - middle layer,152,English and British only identity,1732
6604,2021,E02003663,2021 super output areas - middle layer,152,Welsh only identity,28
6605,2021,E02003663,2021 super output areas - middle layer,152,Welsh and British only identity,9
6606,2021,E02003663,2021 super output areas - middle layer,152,Any other combination of only UK identities,105
6607,2021,E02003663,2021 super output areas - middle layer,152,Scottish only identity,44
6608,2021,E02003663,2021 super output areas - middle layer,152,Scottish and British only identity,22
6609,2021,E02003663,2021 super output areas - middle layer,152,Northern Irish only identity,7
6610,2021,E02003663,2021 super output areas - middle layer,152,Northern Irish and British only identity,9
6611,2021,E02003663,2021 super output areas - middle layer,152,Cornish only identity,4
6612,2021,E02003663,2021 super output areas - middle layer,152,Cornish and British only identity,0
6613,2021,E02003663,2021 super output areas - middle layer,152,Any other combination of only UK identities ,19
6614,2021,E02003663,2021 super output areas - middle layer,152,Irish only identity,73
6615,2021,E02003663,2021 super output areas - middle layer,152,Irish and at least one UK identity,13
6616,2021,E02003663,2021 super output areas - middle layer,152,Other identity only,1608
6617,2021,E02003663,2021 super output areas - middle layer,152,Other identity and at least one UK identity,501
6618,2021,E02003663,2021 super output areas - middle layer,152,Non-UK identity only,1681
6619,2021,E02003663,2021 super output areas - middle layer,152,UK identity and non-UK identity,514
6620,2021,E02003664,2021 super output areas - middle layer,152,Total: All usual residents,8121
6621,2021,E02003664,2021 super output areas - middle layer,152,British only identity,4713
6622,2021,E02003664,2021 super output areas - middle layer,152,English only identity,977
6623,2021,E02003664,2021 super output areas - middle layer,152,English and British only identity,874
6624,2021,E02003664,2021 super output areas - middle layer,152,Welsh only identity,15
6625,2021,E02003664,2021 super output areas - middle layer,152,Welsh and British only identity,6
6626,2021,E02003664,2021 super output areas - middle layer,152,Any other combination of only UK identities,53
6627,2021,E02003664,2021 super output areas - middle layer,152,Scottish only identity,32
6628,2021,E02003664,2021 super output areas - middle layer,152,Scottish and British only identity,6
6629,2021,E02003664,2021 super output areas - middle layer,152,Northern Irish only identity,5
6630,2021,E02003664,2021 super output areas - middle layer,152,Northern Irish and British only identity,3
6631,2021,E02003664,2021 super output areas - middle layer,152,Cornish only identity,1
6632,2021,E02003664,2021 super output areas - middle layer,152,Cornish and British only identity,0
6633,2021,E02003664,2021 super output areas - middle layer,152,Any other combination of only UK identities ,6
6634,2021,E02003664,2021 super output areas - middle layer,152,Irish only identity,33
6635,2021,E02003664,2021 super output areas - middle layer,152,Irish and at least one UK identity,3
6636,2021,E02003664,2021 super output areas - middle layer,152,Other identity only,1234
6637,2021,E02003664,2021 super output areas - middle layer,152,Other identity and at least one UK identity,213
6638,2021,E02003664,2021 super output areas - middle layer,152,Non-UK identity only,1267
6639,2021,E02003664,2021 super output areas - middle layer,152,UK identity and non-UK identity,216
6640,2021,E02003665,2021 super output areas - middle layer,152,Total: All usual residents,6179
6641,2021,E02003665,2021 super output areas - middle layer,152,British only identity,3658
6642,2021,E02003665,2021 super output areas - middle layer,152,English only identity,965
6643,2021,E02003665,2021 super output areas - middle layer,152,English and British only identity,750
6644,2021,E02003665,2021 super output areas - middle layer,152,Welsh only identity,11
6645,2021,E02003665,2021 super output areas - middle layer,152,Welsh and British only identity,2
6646,2021,E02003665,2021 super output areas - middle layer,152,Any other combination of only UK identities,66
6647,2021,E02003665,2021 super output areas - middle layer,152,Scottish only identity,21
6648,2021,E02003665,2021 super output areas - middle layer,152,Scottish and British only identity,17
6649,2021,E02003665,2021 super output areas - middle layer,152,Northern Irish only identity,7
6650,2021,E02003665,2021 super output areas - middle layer,152,Northern Irish and British only identity,7
6651,2021,E02003665,2021 super output areas - middle layer,152,Cornish only identity,0
6652,2021,E02003665,2021 super output areas - middle layer,152,Cornish and British only identity,1
6653,2021,E02003665,2021 super output areas - middle layer,152,Any other combination of only UK identities ,13
6654,2021,E02003665,2021 super output areas - middle layer,152,Irish only identity,38
6655,2021,E02003665,2021 super output areas - middle layer,152,Irish and at least one UK identity,5
6656,2021,E02003665,2021 super output areas - middle layer,152,Other identity only,538
6657,2021,E02003665,2021 super output areas - middle layer,152,Other identity and at least one UK identity,146
6658,2021,E02003665,2021 super output areas - middle layer,152,Non-UK identity only,576
6659,2021,E02003665,2021 super output areas - middle layer,152,UK identity and non-UK identity,151
6660,2021,E02003666,2021 super output areas - middle layer,152,Total: All usual residents,7601
6661,2021,E02003666,2021 super output areas - middle layer,152,British only identity,4215
6662,2021,E02003666,2021 super output areas - middle layer,152,English only identity,785
6663,2021,E02003666,2021 super output areas - middle layer,152,English and British only identity,769
6664,2021,E02003666,2021 super output areas - middle layer,152,Welsh only identity,19
6665,2021,E02003666,2021 super output areas - middle layer,152,Welsh and British only identity,9
6666,2021,E02003666,2021 super output areas - middle layer,152,Any other combination of only UK identities,63
6667,2021,E02003666,2021 super output areas - middle layer,152,Scottish only identity,31
6668,2021,E02003666,2021 super output areas - middle layer,152,Scottish and British only identity,3
6669,2021,E02003666,2021 super output areas - middle layer,152,Northern Irish only identity,8
6670,2021,E02003666,2021 super output areas - middle layer,152,Northern Irish and British only identity,6
6671,2021,E02003666,2021 super output areas - middle layer,152,Cornish only identity,0
6672,2021,E02003666,2021 super output areas - middle layer,152,Cornish and British only identity,0
6673,2021,E02003666,2021 super output areas - middle layer,152,Any other combination of only UK identities ,15
6674,2021,E02003666,2021 super output areas - middle layer,152,Irish only identity,67
6675,2021,E02003666,2021 super output areas - middle layer,152,Irish and at least one UK identity,7
6676,2021,E02003666,2021 super output areas - middle layer,152,Other identity only,1438
6677,2021,E02003666,2021 super output areas - middle layer,152,Other identity and at least one UK identity,229
6678,2021,E02003666,2021 super output areas - middle layer,152,Non-UK identity only,1505
6679,2021,E02003666,2021 super output areas - middle layer,152,UK identity and non-UK identity,236
6680,2021,E02003667,2021 super output areas - middle layer,152,Total: All usual residents,9393
6681,2021,E02003667,2021 super output areas - middle layer,152,British only identity,5247
6682,2021,E02003667,2021 super output areas - middle layer,152,English only identity,1421
6683,2021,E02003667,2021 super output areas - middle layer,152,English and British only identity,1310
6684,2021,E02003667,2021 super output areas - middle layer,152,Welsh only identity,24
6685,2021,E02003667,2021 super output areas - middle layer,152,Welsh and British only identity,7
6686,2021,E02003667,2021 super output areas - middle layer,152,Any other combination of only UK identities,112
6687,2021,E02003667,2021 super output areas - middle layer,152,Scottish only identity,51
6688,2021,E02003667,2021 super output areas - middle layer,152,Scottish and British only identity,18
6689,2021,E02003667,2021 super output areas - middle layer,152,Northern Irish only identity,12
6690,2021,E02003667,2021 super output areas - middle layer,152,Northern Irish and British only identity,5
6691,2021,E02003667,2021 super output areas - middle layer,152,Cornish only identity,3
6692,2021,E02003667,2021 super output areas - middle layer,152,Cornish and British only identity,0
6693,2021,E02003667,2021 super output areas - middle layer,152,Any other combination of only UK identities ,23
6694,2021,E02003667,2021 super output areas - middle layer,152,Irish only identity,47
6695,2021,E02003667,2021 super output areas - middle layer,152,Irish and at least one UK identity,7
6696,2021,E02003667,2021 super output areas - middle layer,152,Other identity only,1003
6697,2021,E02003667,2021 super output areas - middle layer,152,Other identity and at least one UK identity,215
6698,2021,E02003667,2021 super output areas - middle layer,152,Non-UK identity only,1050
6699,2021,E02003667,2021 super output areas - middle layer,152,UK identity and non-UK identity,222
6700,2021,E02003668,2021 super output areas - middle layer,152,Total: All usual residents,8770
6701,2021,E02003668,2021 super output areas - middle layer,152,British only identity,5033
6702,2021,E02003668,2021 super output areas - middle layer,152,English only identity,1705
6703,2021,E02003668,2021 super output areas - middle layer,152,English and British only identity,1155
6704,2021,E02003668,2021 super output areas - middle layer,152,Welsh only identity,33
6705,2021,E02003668,2021 super output areas - middle layer,152,Welsh and British only identity,17
6706,2021,E02003668,2021 super output areas - middle layer,152,Any other combination of only UK identities,97
6707,2021,E02003668,2021 super output areas - middle layer,152,Scottish only identity,44
6708,2021,E02003668,2021 super output areas - middle layer,152,Scottish and British only identity,17
6709,2021,E02003668,2021 super output areas - middle layer,152,Northern Irish only identity,12
6710,2021,E02003668,2021 super output areas - middle layer,152,Northern Irish and British only identity,9
6711,2021,E02003668,2021 super output areas - middle layer,152,Cornish only identity,1
6712,2021,E02003668,2021 super output areas - middle layer,152,Cornish and British only identity,0
6713,2021,E02003668,2021 super output areas - middle layer,152,Any other combination of only UK identities ,14
6714,2021,E02003668,2021 super output areas - middle layer,152,Irish only identity,66
6715,2021,E02003668,2021 super output areas - middle layer,152,Irish and at least one UK identity,22
6716,2021,E02003668,2021 super output areas - middle layer,152,Other identity only,447
6717,2021,E02003668,2021 super output areas - middle layer,152,Other identity and at least one UK identity,195
6718,2021,E02003668,2021 super output areas - middle layer,152,Non-UK identity only,513
6719,2021,E02003668,2021 super output areas - middle layer,152,UK identity and non-UK identity,217
6720,2021,E02003669,2021 super output areas - middle layer,152,Total: All usual residents,7416
6721,2021,E02003669,2021 super output areas - middle layer,152,British only identity,4411
6722,2021,E02003669,2021 super output areas - middle layer,152,English only identity,890
6723,2021,E02003669,2021 super output areas - middle layer,152,English and British only identity,862
6724,2021,E02003669,2021 super output areas - middle layer,152,Welsh only identity,7
6725,2021,E02003669,2021 super output areas - middle layer,152,Welsh and British only identity,9
6726,2021,E02003669,2021 super output areas - middle layer,152,Any other combination of only UK identities,53
6727,2021,E02003669,2021 super output areas - middle layer,152,Scottish only identity,27
6728,2021,E02003669,2021 super output areas - middle layer,152,Scottish and British only identity,11
6729,2021,E02003669,2021 super output areas - middle layer,152,Northern Irish only identity,4
6730,2021,E02003669,2021 super output areas - middle layer,152,Northern Irish and British only identity,0
6731,2021,E02003669,2021 super output areas - middle layer,152,Cornish only identity,0
6732,2021,E02003669,2021 super output areas - middle layer,152,Cornish and British only identity,0
6733,2021,E02003669,2021 super output areas - middle layer,152,Any other combination of only UK identities ,11
6734,2021,E02003669,2021 super output areas - middle layer,152,Irish only identity,23
6735,2021,E02003669,2021 super output areas - middle layer,152,Irish and at least one UK identity,5
6736,2021,E02003669,2021 super output areas - middle layer,152,Other identity only,1007
6737,2021,E02003669,2021 super output areas - middle layer,152,Other identity and at least one UK identity,149
6738,2021,E02003669,2021 super output areas - middle layer,152,Non-UK identity only,1030
6739,2021,E02003669,2021 super output areas - middle layer,152,UK identity and non-UK identity,154
6740,2021,E02003670,2021 super output areas - middle layer,152,Total: All usual residents,9161
6741,2021,E02003670,2021 super output areas - middle layer,152,British only identity,5205
6742,2021,E02003670,2021 super output areas - middle layer,152,English only identity,1393
6743,2021,E02003670,2021 super output areas - middle layer,152,English and British only identity,1315
6744,2021,E02003670,2021 super output areas - middle layer,152,Welsh only identity,23
6745,2021,E02003670,2021 super output areas - middle layer,152,Welsh and British only identity,3
6746,2021,E02003670,2021 super output areas - middle layer,152,Any other combination of only UK identities,71
6747,2021,E02003670,2021 super output areas - middle layer,152,Scottish only identity,30
6748,2021,E02003670,2021 super output areas - middle layer,152,Scottish and British only identity,9
6749,2021,E02003670,2021 super output areas - middle layer,152,Northern Irish only identity,13
6750,2021,E02003670,2021 super output areas - middle layer,152,Northern Irish and British only identity,4
6751,2021,E02003670,2021 super output areas - middle layer,152,Cornish only identity,0
6752,2021,E02003670,2021 super output areas - middle layer,152,Cornish and British only identity,0
6753,2021,E02003670,2021 super output areas - middle layer,152,Any other combination of only UK identities ,15
6754,2021,E02003670,2021 super output areas - middle layer,152,Irish only identity,40
6755,2021,E02003670,2021 super output areas - middle layer,152,Irish and at least one UK identity,10
6756,2021,E02003670,2021 super output areas - middle layer,152,Other identity only,891
6757,2021,E02003670,2021 super output areas - middle layer,152,Other identity and at least one UK identity,210
6758,2021,E02003670,2021 super output areas - middle layer,152,Non-UK identity only,931
6759,2021,E02003670,2021 super output areas - middle layer,152,UK identity and non-UK identity,220
6760,2021,E02003671,2021 super output areas - middle layer,152,Total: All usual residents,5965
6761,2021,E02003671,2021 super output areas - middle layer,152,British only identity,3475
6762,2021,E02003671,2021 super output areas - middle layer,152,English only identity,909
6763,2021,E02003671,2021 super output areas - middle layer,152,English and British only identity,756
6764,2021,E02003671,2021 super output areas - middle layer,152,Welsh only identity,7
6765,2021,E02003671,2021 super output areas - middle layer,152,Welsh and British only identity,2
6766,2021,E02003671,2021 super output areas - middle layer,152,Any other combination of only UK identities,36
6767,2021,E02003671,2021 super output areas - middle layer,152,Scottish only identity,24
6768,2021,E02003671,2021 super output areas - middle layer,152,Scottish and British only identity,5
6769,2021,E02003671,2021 super output areas - middle layer,152,Northern Irish only identity,2
6770,2021,E02003671,2021 super output areas - middle layer,152,Northern Irish and British only identity,2
6771,2021,E02003671,2021 super output areas - middle layer,152,Cornish only identity,0
6772,2021,E02003671,2021 super output areas - middle layer,152,Cornish and British only identity,0
6773,2021,E02003671,2021 super output areas - middle layer,152,Any other combination of only UK identities ,3
6774,2021,E02003671,2021 super output areas - middle layer,152,Irish only identity,17
6775,2021,E02003671,2021 super output areas - middle layer,152,Irish and at least one UK identity,4
6776,2021,E02003671,2021 super output areas - middle layer,152,Other identity only,617
6777,2021,E02003671,2021 super output areas - middle layer,152,Other identity and at least one UK identity,142
6778,2021,E02003671,2021 super output areas - middle layer,152,Non-UK identity only,634
6779,2021,E02003671,2021 super output areas - middle layer,152,UK identity and non-UK identity,146
6780,2021,E02003672,2021 super output areas - middle layer,152,Total: All usual residents,12457
6781,2021,E02003672,2021 super output areas - middle layer,152,British only identity,7328
6782,2021,E02003672,2021 super output areas - middle layer,152,English only identity,2198
6783,2021,E02003672,2021 super output areas - middle layer,152,English and British only identity,1940
6784,2021,E02003672,2021 super output areas - middle layer,152,Welsh only identity,61
6785,2021,E02003672,2021 super output areas - middle layer,152,Welsh and British only identity,31
6786,2021,E02003672,2021 super output areas - middle layer,152,Any other combination of only UK identities,165
6787,2021,E02003672,2021 super output areas - middle layer,152,Scottish only identity,59
6788,2021,E02003672,2021 super output areas - middle layer,152,Scottish and British only identity,37
6789,2021,E02003672,2021 super output areas - middle layer,152,Northern Irish only identity,16
6790,2021,E02003672,2021 super output areas - middle layer,152,Northern Irish and British only identity,6
6791,2021,E02003672,2021 super output areas - middle layer,152,Cornish only identity,8
6792,2021,E02003672,2021 super output areas - middle layer,152,Cornish and British only identity,0
6793,2021,E02003672,2021 super output areas - middle layer,152,Any other combination of only UK identities ,39
6794,2021,E02003672,2021 super output areas - middle layer,152,Irish only identity,62
6795,2021,E02003672,2021 super output areas - middle layer,152,Irish and at least one UK identity,11
6796,2021,E02003672,2021 super output areas - middle layer,152,Other identity only,487
6797,2021,E02003672,2021 super output areas - middle layer,152,Other identity and at least one UK identity,174
6798,2021,E02003672,2021 super output areas - middle layer,152,Non-UK identity only,549
6799,2021,E02003672,2021 super output areas - middle layer,152,UK identity and non-UK identity,185
6800,2021,E02003673,2021 super output areas - middle layer,152,Total: All usual residents,9449
6801,2021,E02003673,2021 super output areas - middle layer,152,British only identity,5544
6802,2021,E02003673,2021 super output areas - middle layer,152,English only identity,1632
6803,2021,E02003673,2021 super output areas - middle layer,152,English and British only identity,1486
6804,2021,E02003673,2021 super output areas - middle layer,152,Welsh only identity,52
6805,2021,E02003673,2021 super output areas - middle layer,152,Welsh and British only identity,30
6806,2021,E02003673,2021 super output areas - middle layer,152,Any other combination of only UK identities,140
6807,2021,E02003673,2021 super output areas - middle layer,152,Scottish only identity,59
6808,2021,E02003673,2021 super output areas - middle layer,152,Scottish and British only identity,29
6809,2021,E02003673,2021 super output areas - middle layer,152,Northern Irish only identity,11
6810,2021,E02003673,2021 super output areas - middle layer,152,Northern Irish and British only identity,9
6811,2021,E02003673,2021 super output areas - middle layer,152,Cornish only identity,3
6812,2021,E02003673,2021 super output areas - middle layer,152,Cornish and British only identity,1
6813,2021,E02003673,2021 super output areas - middle layer,152,Any other combination of only UK identities ,28
6814,2021,E02003673,2021 super output areas - middle layer,152,Irish only identity,53
6815,2021,E02003673,2021 super output areas - middle layer,152,Irish and at least one UK identity,10
6816,2021,E02003673,2021 super output areas - middle layer,152,Other identity only,355
6817,2021,E02003673,2021 super output areas - middle layer,152,Other identity and at least one UK identity,147
6818,2021,E02003673,2021 super output areas - middle layer,152,Non-UK identity only,408
6819,2021,E02003673,2021 super output areas - middle layer,152,UK identity and non-UK identity,157
6820,2021,E02003674,2021 super output areas - middle layer,152,Total: All usual residents,5561
6821,2021,E02003674,2021 super output areas - middle layer,152,British only identity,3197
6822,2021,E02003674,2021 super output areas - middle layer,152,English only identity,931
6823,2021,E02003674,2021 super output areas - middle layer,152,English and British only identity,985
6824,2021,E02003674,2021 super output areas - middle layer,152,Welsh only identity,37
6825,2021,E02003674,2021 super output areas - middle layer,152,Welsh and British only identity,23
6826,2021,E02003674,2021 super output areas - middle layer,152,Any other combination of only UK identities,87
6827,2021,E02003674,2021 super output areas - middle layer,152,Scottish only identity,24
6828,2021,E02003674,2021 super output areas - middle layer,152,Scottish and British only identity,32
6829,2021,E02003674,2021 super output areas - middle layer,152,Northern Irish only identity,12
6830,2021,E02003674,2021 super output areas - middle layer,152,Northern Irish and British only identity,5
6831,2021,E02003674,2021 super output areas - middle layer,152,Cornish only identity,0
6832,2021,E02003674,2021 super output areas - middle layer,152,Cornish and British only identity,0
6833,2021,E02003674,2021 super output areas - middle layer,152,Any other combination of only UK identities ,14
6834,2021,E02003674,2021 super output areas - middle layer,152,Irish only identity,37
6835,2021,E02003674,2021 super output areas - middle layer,152,Irish and at least one UK identity,10
6836,2021,E02003674,2021 super output areas - middle layer,152,Other identity only,160
6837,2021,E02003674,2021 super output areas - middle layer,152,Other identity and at least one UK identity,94
6838,2021,E02003674,2021 super output areas - middle layer,152,Non-UK identity only,197
6839,2021,E02003674,2021 super output areas - middle layer,152,UK identity and non-UK identity,104
6840,2021,E02003675,2021 super output areas - middle layer,152,Total: All usual residents,9652
6841,2021,E02003675,2021 super output areas - middle layer,152,British only identity,5554
6842,2021,E02003675,2021 super output areas - middle layer,152,English only identity,1669
6843,2021,E02003675,2021 super output areas - middle layer,152,English and British only identity,1466
6844,2021,E02003675,2021 super output areas - middle layer,152,Welsh only identity,51
6845,2021,E02003675,2021 super output areas - middle layer,152,Welsh and British only identity,29
6846,2021,E02003675,2021 super output areas - middle layer,152,Any other combination of only UK identities,214
6847,2021,E02003675,2021 super output areas - middle layer,152,Scottish only identity,63
6848,2021,E02003675,2021 super output areas - middle layer,152,Scottish and British only identity,93
6849,2021,E02003675,2021 super output areas - middle layer,152,Northern Irish only identity,15
6850,2021,E02003675,2021 super output areas - middle layer,152,Northern Irish and British only identity,10
6851,2021,E02003675,2021 super output areas - middle layer,152,Cornish only identity,1
6852,2021,E02003675,2021 super output areas - middle layer,152,Cornish and British only identity,0
6853,2021,E02003675,2021 super output areas - middle layer,152,Any other combination of only UK identities ,32
6854,2021,E02003675,2021 super output areas - middle layer,152,Irish only identity,67
6855,2021,E02003675,2021 super output areas - middle layer,152,Irish and at least one UK identity,17
6856,2021,E02003675,2021 super output areas - middle layer,152,Other identity only,386
6857,2021,E02003675,2021 super output areas - middle layer,152,Other identity and at least one UK identity,199
6858,2021,E02003675,2021 super output areas - middle layer,152,Non-UK identity only,453
6859,2021,E02003675,2021 super output areas - middle layer,152,UK identity and non-UK identity,216
6860,2021,E02003676,2021 super output areas - middle layer,152,Total: All usual residents,8145
6861,2021,E02003676,2021 super output areas - middle layer,152,British only identity,4880
6862,2021,E02003676,2021 super output areas - middle layer,152,English only identity,1418
6863,2021,E02003676,2021 super output areas - middle layer,152,English and British only identity,1200
6864,2021,E02003676,2021 super output areas - middle layer,152,Welsh only identity,17
6865,2021,E02003676,2021 super output areas - middle layer,152,Welsh and British only identity,18
6866,2021,E02003676,2021 super output areas - middle layer,152,Any other combination of only UK identities,117
6867,2021,E02003676,2021 super output areas - middle layer,152,Scottish only identity,37
6868,2021,E02003676,2021 super output areas - middle layer,152,Scottish and British only identity,34
6869,2021,E02003676,2021 super output areas - middle layer,152,Northern Irish only identity,13
6870,2021,E02003676,2021 super output areas - middle layer,152,Northern Irish and British only identity,8
6871,2021,E02003676,2021 super output areas - middle layer,152,Cornish only identity,1
6872,2021,E02003676,2021 super output areas - middle layer,152,Cornish and British only identity,0
6873,2021,E02003676,2021 super output areas - middle layer,152,Any other combination of only UK identities ,24
6874,2021,E02003676,2021 super output areas - middle layer,152,Irish only identity,64
6875,2021,E02003676,2021 super output areas - middle layer,152,Irish and at least one UK identity,21
6876,2021,E02003676,2021 super output areas - middle layer,152,Other identity only,294
6877,2021,E02003676,2021 super output areas - middle layer,152,Other identity and at least one UK identity,116
6878,2021,E02003676,2021 super output areas - middle layer,152,Non-UK identity only,358
6879,2021,E02003676,2021 super output areas - middle layer,152,UK identity and non-UK identity,137
6880,2021,E02003677,2021 super output areas - middle layer,152,Total: All usual residents,10409
6881,2021,E02003677,2021 super output areas - middle layer,152,British only identity,6109
6882,2021,E02003677,2021 super output areas - middle layer,152,English only identity,1626
6883,2021,E02003677,2021 super output areas - middle layer,152,English and British only identity,1380
6884,2021,E02003677,2021 super output areas - middle layer,152,Welsh only identity,15
6885,2021,E02003677,2021 super output areas - middle layer,152,Welsh and British only identity,14
6886,2021,E02003677,2021 super output areas - middle layer,152,Any other combination of only UK identities,81
6887,2021,E02003677,2021 super output areas - middle layer,152,Scottish only identity,29
6888,2021,E02003677,2021 super output areas - middle layer,152,Scottish and British only identity,20
6889,2021,E02003677,2021 super output areas - middle layer,152,Northern Irish only identity,11
6890,2021,E02003677,2021 super output areas - middle layer,152,Northern Irish and British only identity,3
6891,2021,E02003677,2021 super output areas - middle layer,152,Cornish only identity,0
6892,2021,E02003677,2021 super output areas - middle layer,152,Cornish and British only identity,0
6893,2021,E02003677,2021 super output areas - middle layer,152,Any other combination of only UK identities ,18
6894,2021,E02003677,2021 super output areas - middle layer,152,Irish only identity,49
6895,2021,E02003677,2021 super output areas - middle layer,152,Irish and at least one UK identity,16
6896,2021,E02003677,2021 super output areas - middle layer,152,Other identity only,844
6897,2021,E02003677,2021 super output areas - middle layer,152,Other identity and at least one UK identity,275
6898,2021,E02003677,2021 super output areas - middle layer,152,Non-UK identity only,893
6899,2021,E02003677,2021 super output areas - middle layer,152,UK identity and non-UK identity,291
6900,2021,E02003678,2021 super output areas - middle layer,152,Total: All usual residents,5820
6901,2021,E02003678,2021 super output areas - middle layer,152,British only identity,3558
6902,2021,E02003678,2021 super output areas - middle layer,152,English only identity,829
6903,2021,E02003678,2021 super output areas - middle layer,152,English and British only identity,748
6904,2021,E02003678,2021 super output areas - middle layer,152,Welsh only identity,13
6905,2021,E02003678,2021 super output areas - middle layer,152,Welsh and British only identity,15
6906,2021,E02003678,2021 super output areas - middle layer,152,Any other combination of only UK identities,68
6907,2021,E02003678,2021 super output areas - middle layer,152,Scottish only identity,22
6908,2021,E02003678,2021 super output areas - middle layer,152,Scottish and British only identity,13
6909,2021,E02003678,2021 super output areas - middle layer,152,Northern Irish only identity,5
6910,2021,E02003678,2021 super output areas - middle layer,152,Northern Irish and British only identity,6
6911,2021,E02003678,2021 super output areas - middle layer,152,Cornish only identity,4
6912,2021,E02003678,2021 super output areas - middle layer,152,Cornish and British only identity,0
6913,2021,E02003678,2021 super output areas - middle layer,152,Any other combination of only UK identities ,18
6914,2021,E02003678,2021 super output areas - middle layer,152,Irish only identity,35
6915,2021,E02003678,2021 super output areas - middle layer,152,Irish and at least one UK identity,12
6916,2021,E02003678,2021 super output areas - middle layer,152,Other identity only,410
6917,2021,E02003678,2021 super output areas - middle layer,152,Other identity and at least one UK identity,132
6918,2021,E02003678,2021 super output areas - middle layer,152,Non-UK identity only,445
6919,2021,E02003678,2021 super output areas - middle layer,152,UK identity and non-UK identity,144
6920,2021,E02003679,2021 super output areas - middle layer,152,Total: All usual residents,6865
6921,2021,E02003679,2021 super output areas - middle layer,152,British only identity,3853
6922,2021,E02003679,2021 super output areas - middle layer,152,English only identity,1077
6923,2021,E02003679,2021 super output areas - middle layer,152,English and British only identity,908
6924,2021,E02003679,2021 super output areas - middle layer,152,Welsh only identity,18
6925,2021,E02003679,2021 super output areas - middle layer,152,Welsh and British only identity,15
6926,2021,E02003679,2021 super output areas - middle layer,152,Any other combination of only UK identities,101
6927,2021,E02003679,2021 super output areas - middle layer,152,Scottish only identity,46
6928,2021,E02003679,2021 super output areas - middle layer,152,Scottish and British only identity,20
6929,2021,E02003679,2021 super output areas - middle layer,152,Northern Irish only identity,8
6930,2021,E02003679,2021 super output areas - middle layer,152,Northern Irish and British only identity,5
6931,2021,E02003679,2021 super output areas - middle layer,152,Cornish only identity,0
6932,2021,E02003679,2021 super output areas - middle layer,152,Cornish and British only identity,0
6933,2021,E02003679,2021 super output areas - middle layer,152,Any other combination of only UK identities ,22
6934,2021,E02003679,2021 super output areas - middle layer,152,Irish only identity,49
6935,2021,E02003679,2021 super output areas - middle layer,152,Irish and at least one UK identity,16
6936,2021,E02003679,2021 super output areas - middle layer,152,Other identity only,660
6937,2021,E02003679,2021 super output areas - middle layer,152,Other identity and at least one UK identity,168
6938,2021,E02003679,2021 super output areas - middle layer,152,Non-UK identity only,709
6939,2021,E02003679,2021 super output areas - middle layer,152,UK identity and non-UK identity,184
6940,2021,E02003680,2021 super output areas - middle layer,152,Total: All usual residents,9826
6941,2021,E02003680,2021 super output areas - middle layer,152,British only identity,5615
6942,2021,E02003680,2021 super output areas - middle layer,152,English only identity,1855
6943,2021,E02003680,2021 super output areas - middle layer,152,English and British only identity,1586
6944,2021,E02003680,2021 super output areas - middle layer,152,Welsh only identity,49
6945,2021,E02003680,2021 super output areas - middle layer,152,Welsh and British only identity,40
6946,2021,E02003680,2021 super output areas - middle layer,152,Any other combination of only UK identities,147
6947,2021,E02003680,2021 super output areas - middle layer,152,Scottish only identity,49
6948,2021,E02003680,2021 super output areas - middle layer,152,Scottish and British only identity,42
6949,2021,E02003680,2021 super output areas - middle layer,152,Northern Irish only identity,16
6950,2021,E02003680,2021 super output areas - middle layer,152,Northern Irish and British only identity,12
6951,2021,E02003680,2021 super output areas - middle layer,152,Cornish only identity,2
6952,2021,E02003680,2021 super output areas - middle layer,152,Cornish and British only identity,0
6953,2021,E02003680,2021 super output areas - middle layer,152,Any other combination of only UK identities ,26
6954,2021,E02003680,2021 super output areas - middle layer,152,Irish only identity,59
6955,2021,E02003680,2021 super output areas - middle layer,152,Irish and at least one UK identity,15
6956,2021,E02003680,2021 super output areas - middle layer,152,Other identity only,310
6957,2021,E02003680,2021 super output areas - middle layer,152,Other identity and at least one UK identity,150
6958,2021,E02003680,2021 super output areas - middle layer,152,Non-UK identity only,369
6959,2021,E02003680,2021 super output areas - middle layer,152,UK identity and non-UK identity,165
6960,2021,E02003681,2021 super output areas - middle layer,152,Total: All usual residents,10560
6961,2021,E02003681,2021 super output areas - middle layer,152,British only identity,6255
6962,2021,E02003681,2021 super output areas - middle layer,152,English only identity,1365
6963,2021,E02003681,2021 super output areas - middle layer,152,English and British only identity,1481
6964,2021,E02003681,2021 super output areas - middle layer,152,Welsh only identity,47
6965,2021,E02003681,2021 super output areas - middle layer,152,Welsh and British only identity,48
6966,2021,E02003681,2021 super output areas - middle layer,152,Any other combination of only UK identities,201
6967,2021,E02003681,2021 super output areas - middle layer,152,Scottish only identity,67
6968,2021,E02003681,2021 super output areas - middle layer,152,Scottish and British only identity,50
6969,2021,E02003681,2021 super output areas - middle layer,152,Northern Irish only identity,25
6970,2021,E02003681,2021 super output areas - middle layer,152,Northern Irish and British only identity,12
6971,2021,E02003681,2021 super output areas - middle layer,152,Cornish only identity,4
6972,2021,E02003681,2021 super output areas - middle layer,152,Cornish and British only identity,0
6973,2021,E02003681,2021 super output areas - middle layer,152,Any other combination of only UK identities ,43
6974,2021,E02003681,2021 super output areas - middle layer,152,Irish only identity,63
6975,2021,E02003681,2021 super output areas - middle layer,152,Irish and at least one UK identity,37
6976,2021,E02003681,2021 super output areas - middle layer,152,Other identity only,728
6977,2021,E02003681,2021 super output areas - middle layer,152,Other identity and at least one UK identity,335
6978,2021,E02003681,2021 super output areas - middle layer,152,Non-UK identity only,791
6979,2021,E02003681,2021 super output areas - middle layer,152,UK identity and non-UK identity,372
6980,2021,E02003682,2021 super output areas - middle layer,152,Total: All usual residents,7572
6981,2021,E02003682,2021 super output areas - middle layer,152,British only identity,4495
6982,2021,E02003682,2021 super output areas - middle layer,152,English only identity,1035
6983,2021,E02003682,2021 super output areas - middle layer,152,English and British only identity,1003
6984,2021,E02003682,2021 super output areas - middle layer,152,Welsh only identity,36
6985,2021,E02003682,2021 super output areas - middle layer,152,Welsh and British only identity,17
6986,2021,E02003682,2021 super output areas - middle layer,152,Any other combination of only UK identities,119
6987,2021,E02003682,2021 super output areas - middle layer,152,Scottish only identity,41
6988,2021,E02003682,2021 super output areas - middle layer,152,Scottish and British only identity,39
6989,2021,E02003682,2021 super output areas - middle layer,152,Northern Irish only identity,11
6990,2021,E02003682,2021 super output areas - middle layer,152,Northern Irish and British only identity,4
6991,2021,E02003682,2021 super output areas - middle layer,152,Cornish only identity,1
6992,2021,E02003682,2021 super output areas - middle layer,152,Cornish and British only identity,1
6993,2021,E02003682,2021 super output areas - middle layer,152,Any other combination of only UK identities ,22
6994,2021,E02003682,2021 super output areas - middle layer,152,Irish only identity,66
6995,2021,E02003682,2021 super output areas - middle layer,152,Irish and at least one UK identity,16
6996,2021,E02003682,2021 super output areas - middle layer,152,Other identity only,521
6997,2021,E02003682,2021 super output areas - middle layer,152,Other identity and at least one UK identity,264
6998,2021,E02003682,2021 super output areas - middle layer,152,Non-UK identity only,587
6999,2021,E02003682,2021 super output areas - middle layer,152,UK identity and non-UK identity,280
7000,2021,E02003683,2021 super output areas - middle layer,152,Total: All usual residents,7165
7001,2021,E02003683,2021 super output areas - middle layer,152,British only identity,4368
7002,2021,E02003683,2021 super output areas - middle layer,152,English only identity,947
7003,2021,E02003683,2021 super output areas - middle layer,152,English and British only identity,845
7004,2021,E02003683,2021 super output areas - middle layer,152,Welsh only identity,33
7005,2021,E02003683,2021 super output areas - middle layer,152,Welsh and British only identity,24
7006,2021,E02003683,2021 super output areas - middle layer,152,Any other combination of only UK identities,116
7007,2021,E02003683,2021 super output areas - middle layer,152,Scottish only identity,34
7008,2021,E02003683,2021 super output areas - middle layer,152,Scottish and British only identity,28
7009,2021,E02003683,2021 super output areas - middle layer,152,Northern Irish only identity,14
7010,2021,E02003683,2021 super output areas - middle layer,152,Northern Irish and British only identity,8
7011,2021,E02003683,2021 super output areas - middle layer,152,Cornish only identity,0
7012,2021,E02003683,2021 super output areas - middle layer,152,Cornish and British only identity,0
7013,2021,E02003683,2021 super output areas - middle layer,152,Any other combination of only UK identities ,32
7014,2021,E02003683,2021 super output areas - middle layer,152,Irish only identity,42
7015,2021,E02003683,2021 super output areas - middle layer,152,Irish and at least one UK identity,9
7016,2021,E02003683,2021 super output areas - middle layer,152,Other identity only,503
7017,2021,E02003683,2021 super output areas - middle layer,152,Other identity and at least one UK identity,278
7018,2021,E02003683,2021 super output areas - middle layer,152,Non-UK identity only,545
7019,2021,E02003683,2021 super output areas - middle layer,152,UK identity and non-UK identity,287
7020,2021,E02003685,2021 super output areas - middle layer,152,Total: All usual residents,8008
7021,2021,E02003685,2021 super output areas - middle layer,152,British only identity,4829
7022,2021,E02003685,2021 super output areas - middle layer,152,English only identity,1336
7023,2021,E02003685,2021 super output areas - middle layer,152,English and British only identity,1098
7024,2021,E02003685,2021 super output areas - middle layer,152,Welsh only identity,46
7025,2021,E02003685,2021 super output areas - middle layer,152,Welsh and British only identity,13
7026,2021,E02003685,2021 super output areas - middle layer,152,Any other combination of only UK identities,123
7027,2021,E02003685,2021 super output areas - middle layer,152,Scottish only identity,37
7028,2021,E02003685,2021 super output areas - middle layer,152,Scottish and British only identity,31
7029,2021,E02003685,2021 super output areas - middle layer,152,Northern Irish only identity,14
7030,2021,E02003685,2021 super output areas - middle layer,152,Northern Irish and British only identity,12
7031,2021,E02003685,2021 super output areas - middle layer,152,Cornish only identity,0
7032,2021,E02003685,2021 super output areas - middle layer,152,Cornish and British only identity,0
7033,2021,E02003685,2021 super output areas - middle layer,152,Any other combination of only UK identities ,29
7034,2021,E02003685,2021 super output areas - middle layer,152,Irish only identity,73
7035,2021,E02003685,2021 super output areas - middle layer,152,Irish and at least one UK identity,27
7036,2021,E02003685,2021 super output areas - middle layer,152,Other identity only,303
7037,2021,E02003685,2021 super output areas - middle layer,152,Other identity and at least one UK identity,160
7038,2021,E02003685,2021 super output areas - middle layer,152,Non-UK identity only,376
7039,2021,E02003685,2021 super output areas - middle layer,152,UK identity and non-UK identity,187
7040,2021,E02003686,2021 super output areas - middle layer,152,Total: All usual residents,7559
7041,2021,E02003686,2021 super output areas - middle layer,152,British only identity,4612
7042,2021,E02003686,2021 super output areas - middle layer,152,English only identity,1168
7043,2021,E02003686,2021 super output areas - middle layer,152,English and British only identity,1009
7044,2021,E02003686,2021 super output areas - middle layer,152,Welsh only identity,29
7045,2021,E02003686,2021 super output areas - middle layer,152,Welsh and British only identity,26
7046,2021,E02003686,2021 super output areas - middle layer,152,Any other combination of only UK identities,110
7047,2021,E02003686,2021 super output areas - middle layer,152,Scottish only identity,34
7048,2021,E02003686,2021 super output areas - middle layer,152,Scottish and British only identity,33
7049,2021,E02003686,2021 super output areas - middle layer,152,Northern Irish only identity,17
7050,2021,E02003686,2021 super output areas - middle layer,152,Northern Irish and British only identity,5
7051,2021,E02003686,2021 super output areas - middle layer,152,Cornish only identity,0
7052,2021,E02003686,2021 super output areas - middle layer,152,Cornish and British only identity,0
7053,2021,E02003686,2021 super output areas - middle layer,152,Any other combination of only UK identities ,21
7054,2021,E02003686,2021 super output areas - middle layer,152,Irish only identity,80
7055,2021,E02003686,2021 super output areas - middle layer,152,Irish and at least one UK identity,12
7056,2021,E02003686,2021 super output areas - middle layer,152,Other identity only,389
7057,2021,E02003686,2021 super output areas - middle layer,152,Other identity and at least one UK identity,124
7058,2021,E02003686,2021 super output areas - middle layer,152,Non-UK identity only,469
7059,2021,E02003686,2021 super output areas - middle layer,152,UK identity and non-UK identity,136
7060,2021,E02003687,2021 super output areas - middle layer,152,Total: All usual residents,5817
7061,2021,E02003687,2021 super output areas - middle layer,152,British only identity,3409
7062,2021,E02003687,2021 super output areas - middle layer,152,English only identity,909
7063,2021,E02003687,2021 super output areas - middle layer,152,English and British only identity,864
7064,2021,E02003687,2021 super output areas - middle layer,152,Welsh only identity,7
7065,2021,E02003687,2021 super output areas - middle layer,152,Welsh and British only identity,11
7066,2021,E02003687,2021 super output areas - middle layer,152,Any other combination of only UK identities,94
7067,2021,E02003687,2021 super output areas - middle layer,152,Scottish only identity,29
7068,2021,E02003687,2021 super output areas - middle layer,152,Scottish and British only identity,28
7069,2021,E02003687,2021 super output areas - middle layer,152,Northern Irish only identity,17
7070,2021,E02003687,2021 super output areas - middle layer,152,Northern Irish and British only identity,7
7071,2021,E02003687,2021 super output areas - middle layer,152,Cornish only identity,0
7072,2021,E02003687,2021 super output areas - middle layer,152,Cornish and British only identity,0
7073,2021,E02003687,2021 super output areas - middle layer,152,Any other combination of only UK identities ,13
7074,2021,E02003687,2021 super output areas - middle layer,152,Irish only identity,92
7075,2021,E02003687,2021 super output areas - middle layer,152,Irish and at least one UK identity,15
7076,2021,E02003687,2021 super output areas - middle layer,152,Other identity only,256
7077,2021,E02003687,2021 super output areas - middle layer,152,Other identity and at least one UK identity,160
7078,2021,E02003687,2021 super output areas - middle layer,152,Non-UK identity only,348
7079,2021,E02003687,2021 super output areas - middle layer,152,UK identity and non-UK identity,175
7080,2021,E02003688,2021 super output areas - middle layer,152,Total: All usual residents,12235
7081,2021,E02003688,2021 super output areas - middle layer,152,British only identity,7463
7082,2021,E02003688,2021 super output areas - middle layer,152,English only identity,1549
7083,2021,E02003688,2021 super output areas - middle layer,152,English and British only identity,1524
7084,2021,E02003688,2021 super output areas - middle layer,152,Welsh only identity,48
7085,2021,E02003688,2021 super output areas - middle layer,152,Welsh and British only identity,30
7086,2021,E02003688,2021 super output areas - middle layer,152,Any other combination of only UK identities,240
7087,2021,E02003688,2021 super output areas - middle layer,152,Scottish only identity,88
7088,2021,E02003688,2021 super output areas - middle layer,152,Scottish and British only identity,72
7089,2021,E02003688,2021 super output areas - middle layer,152,Northern Irish only identity,22
7090,2021,E02003688,2021 super output areas - middle layer,152,Northern Irish and British only identity,14
7091,2021,E02003688,2021 super output areas - middle layer,152,Cornish only identity,5
7092,2021,E02003688,2021 super output areas - middle layer,152,Cornish and British only identity,0
7093,2021,E02003688,2021 super output areas - middle layer,152,Any other combination of only UK identities ,39
7094,2021,E02003688,2021 super output areas - middle layer,152,Irish only identity,120
7095,2021,E02003688,2021 super output areas - middle layer,152,Irish and at least one UK identity,33
7096,2021,E02003688,2021 super output areas - middle layer,152,Other identity only,917
7097,2021,E02003688,2021 super output areas - middle layer,152,Other identity and at least one UK identity,311
7098,2021,E02003688,2021 super output areas - middle layer,152,Non-UK identity only,1037
7099,2021,E02003688,2021 super output areas - middle layer,152,UK identity and non-UK identity,344
7100,2021,E02003689,2021 super output areas - middle layer,152,Total: All usual residents,9263
7101,2021,E02003689,2021 super output areas - middle layer,152,British only identity,5968
7102,2021,E02003689,2021 super output areas - middle layer,152,English only identity,939
7103,2021,E02003689,2021 super output areas - middle layer,152,English and British only identity,928
7104,2021,E02003689,2021 super output areas - middle layer,152,Welsh only identity,41
7105,2021,E02003689,2021 super output areas - middle layer,152,Welsh and British only identity,18
7106,2021,E02003689,2021 super output areas - middle layer,152,Any other combination of only UK identities,134
7107,2021,E02003689,2021 super output areas - middle layer,152,Scottish only identity,58
7108,2021,E02003689,2021 super output areas - middle layer,152,Scottish and British only identity,40
7109,2021,E02003689,2021 super output areas - middle layer,152,Northern Irish only identity,4
7110,2021,E02003689,2021 super output areas - middle layer,152,Northern Irish and British only identity,8
7111,2021,E02003689,2021 super output areas - middle layer,152,Cornish only identity,1
7112,2021,E02003689,2021 super output areas - middle layer,152,Cornish and British only identity,0
7113,2021,E02003689,2021 super output areas - middle layer,152,Any other combination of only UK identities ,23
7114,2021,E02003689,2021 super output areas - middle layer,152,Irish only identity,124
7115,2021,E02003689,2021 super output areas - middle layer,152,Irish and at least one UK identity,14
7116,2021,E02003689,2021 super output areas - middle layer,152,Other identity only,814
7117,2021,E02003689,2021 super output areas - middle layer,152,Other identity and at least one UK identity,283
7118,2021,E02003689,2021 super output areas - middle layer,152,Non-UK identity only,938
7119,2021,E02003689,2021 super output areas - middle layer,152,UK identity and non-UK identity,297
7120,2021,E02003690,2021 super output areas - middle layer,152,Total: All usual residents,7473
7121,2021,E02003690,2021 super output areas - middle layer,152,British only identity,4340
7122,2021,E02003690,2021 super output areas - middle layer,152,English only identity,1366
7123,2021,E02003690,2021 super output areas - middle layer,152,English and British only identity,767
7124,2021,E02003690,2021 super output areas - middle layer,152,Welsh only identity,25
7125,2021,E02003690,2021 super output areas - middle layer,152,Welsh and British only identity,13
7126,2021,E02003690,2021 super output areas - middle layer,152,Any other combination of only UK identities,59
7127,2021,E02003690,2021 super output areas - middle layer,152,Scottish only identity,29
7128,2021,E02003690,2021 super output areas - middle layer,152,Scottish and British only identity,12
7129,2021,E02003690,2021 super output areas - middle layer,152,Northern Irish only identity,13
7130,2021,E02003690,2021 super output areas - middle layer,152,Northern Irish and British only identity,2
7131,2021,E02003690,2021 super output areas - middle layer,152,Cornish only identity,0
7132,2021,E02003690,2021 super output areas - middle layer,152,Cornish and British only identity,0
7133,2021,E02003690,2021 super output areas - middle layer,152,Any other combination of only UK identities ,3
7134,2021,E02003690,2021 super output areas - middle layer,152,Irish only identity,107
7135,2021,E02003690,2021 super output areas - middle layer,152,Irish and at least one UK identity,18
7136,2021,E02003690,2021 super output areas - middle layer,152,Other identity only,644
7137,2021,E02003690,2021 super output areas - middle layer,152,Other identity and at least one UK identity,134
7138,2021,E02003690,2021 super output areas - middle layer,152,Non-UK identity only,751
7139,2021,E02003690,2021 super output areas - middle layer,152,UK identity and non-UK identity,152
7140,2021,E02003691,2021 super output areas - middle layer,152,Total: All usual residents,7295
7141,2021,E02003691,2021 super output areas - middle layer,152,British only identity,4637
7142,2021,E02003691,2021 super output areas - middle layer,152,English only identity,1060
7143,2021,E02003691,2021 super output areas - middle layer,152,English and British only identity,879
7144,2021,E02003691,2021 super output areas - middle layer,152,Welsh only identity,47
7145,2021,E02003691,2021 super output areas - middle layer,152,Welsh and British only identity,15
7146,2021,E02003691,2021 super output areas - middle layer,152,Any other combination of only UK identities,83
7147,2021,E02003691,2021 super output areas - middle layer,152,Scottish only identity,27
7148,2021,E02003691,2021 super output areas - middle layer,152,Scottish and British only identity,21
7149,2021,E02003691,2021 super output areas - middle layer,152,Northern Irish only identity,9
7150,2021,E02003691,2021 super output areas - middle layer,152,Northern Irish and British only identity,8
7151,2021,E02003691,2021 super output areas - middle layer,152,Cornish only identity,1
7152,2021,E02003691,2021 super output areas - middle layer,152,Cornish and British only identity,0
7153,2021,E02003691,2021 super output areas - middle layer,152,Any other combination of only UK identities ,17
7154,2021,E02003691,2021 super output areas - middle layer,152,Irish only identity,63
7155,2021,E02003691,2021 super output areas - middle layer,152,Irish and at least one UK identity,14
7156,2021,E02003691,2021 super output areas - middle layer,152,Other identity only,375
7157,2021,E02003691,2021 super output areas - middle layer,152,Other identity and at least one UK identity,122
7158,2021,E02003691,2021 super output areas - middle layer,152,Non-UK identity only,438
7159,2021,E02003691,2021 super output areas - middle layer,152,UK identity and non-UK identity,136
7160,2021,E02003692,2021 super output areas - middle layer,152,Total: All usual residents,8890
7161,2021,E02003692,2021 super output areas - middle layer,152,British only identity,5609
7162,2021,E02003692,2021 super output areas - middle layer,152,English only identity,1369
7163,2021,E02003692,2021 super output areas - middle layer,152,English and British only identity,926
7164,2021,E02003692,2021 super output areas - middle layer,152,Welsh only identity,20
7165,2021,E02003692,2021 super output areas - middle layer,152,Welsh and British only identity,9
7166,2021,E02003692,2021 super output areas - middle layer,152,Any other combination of only UK identities,57
7167,2021,E02003692,2021 super output areas - middle layer,152,Scottish only identity,21
7168,2021,E02003692,2021 super output areas - middle layer,152,Scottish and British only identity,10
7169,2021,E02003692,2021 super output areas - middle layer,152,Northern Irish only identity,4
7170,2021,E02003692,2021 super output areas - middle layer,152,Northern Irish and British only identity,3
7171,2021,E02003692,2021 super output areas - middle layer,152,Cornish only identity,2
7172,2021,E02003692,2021 super output areas - middle layer,152,Cornish and British only identity,0
7173,2021,E02003692,2021 super output areas - middle layer,152,Any other combination of only UK identities ,17
7174,2021,E02003692,2021 super output areas - middle layer,152,Irish only identity,63
7175,2021,E02003692,2021 super output areas - middle layer,152,Irish and at least one UK identity,6
7176,2021,E02003692,2021 super output areas - middle layer,152,Other identity only,586
7177,2021,E02003692,2021 super output areas - middle layer,152,Other identity and at least one UK identity,245
7178,2021,E02003692,2021 super output areas - middle layer,152,Non-UK identity only,649
7179,2021,E02003692,2021 super output areas - middle layer,152,UK identity and non-UK identity,251
7180,2021,E02003693,2021 super output areas - middle layer,152,Total: All usual residents,7215
7181,2021,E02003693,2021 super output areas - middle layer,152,British only identity,4517
7182,2021,E02003693,2021 super output areas - middle layer,152,English only identity,1032
7183,2021,E02003693,2021 super output areas - middle layer,152,English and British only identity,899
7184,2021,E02003693,2021 super output areas - middle layer,152,Welsh only identity,25
7185,2021,E02003693,2021 super output areas - middle layer,152,Welsh and British only identity,18
7186,2021,E02003693,2021 super output areas - middle layer,152,Any other combination of only UK identities,86
7187,2021,E02003693,2021 super output areas - middle layer,152,Scottish only identity,28
7188,2021,E02003693,2021 super output areas - middle layer,152,Scottish and British only identity,20
7189,2021,E02003693,2021 super output areas - middle layer,152,Northern Irish only identity,13
7190,2021,E02003693,2021 super output areas - middle layer,152,Northern Irish and British only identity,8
7191,2021,E02003693,2021 super output areas - middle layer,152,Cornish only identity,1
7192,2021,E02003693,2021 super output areas - middle layer,152,Cornish and British only identity,0
7193,2021,E02003693,2021 super output areas - middle layer,152,Any other combination of only UK identities ,16
7194,2021,E02003693,2021 super output areas - middle layer,152,Irish only identity,65
7195,2021,E02003693,2021 super output areas - middle layer,152,Irish and at least one UK identity,11
7196,2021,E02003693,2021 super output areas - middle layer,152,Other identity only,415
7197,2021,E02003693,2021 super output areas - middle layer,152,Other identity and at least one UK identity,147
7198,2021,E02003693,2021 super output areas - middle layer,152,Non-UK identity only,480
7199,2021,E02003693,2021 super output areas - middle layer,152,UK identity and non-UK identity,158
7200,2021,E02003694,2021 super output areas - middle layer,152,Total: All usual residents,8442
7201,2021,E02003694,2021 super output areas - middle layer,152,British only identity,4956
7202,2021,E02003694,2021 super output areas - middle layer,152,English only identity,1508
7203,2021,E02003694,2021 super output areas - middle layer,152,English and British only identity,1038
7204,2021,E02003694,2021 super output areas - middle layer,152,Welsh only identity,43
7205,2021,E02003694,2021 super output areas - middle layer,152,Welsh and British only identity,12
7206,2021,E02003694,2021 super output areas - middle layer,152,Any other combination of only UK identities,79
7207,2021,E02003694,2021 super output areas - middle layer,152,Scottish only identity,34
7208,2021,E02003694,2021 super output areas - middle layer,152,Scottish and British only identity,17
7209,2021,E02003694,2021 super output areas - middle layer,152,Northern Irish only identity,13
7210,2021,E02003694,2021 super output areas - middle layer,152,Northern Irish and British only identity,3
7211,2021,E02003694,2021 super output areas - middle layer,152,Cornish only identity,0
7212,2021,E02003694,2021 super output areas - middle layer,152,Cornish and British only identity,0
7213,2021,E02003694,2021 super output areas - middle layer,152,Any other combination of only UK identities ,12
7214,2021,E02003694,2021 super output areas - middle layer,152,Irish only identity,57
7215,2021,E02003694,2021 super output areas - middle layer,152,Irish and at least one UK identity,12
7216,2021,E02003694,2021 super output areas - middle layer,152,Other identity only,576
7217,2021,E02003694,2021 super output areas - middle layer,152,Other identity and at least one UK identity,161
7218,2021,E02003694,2021 super output areas - middle layer,152,Non-UK identity only,633
7219,2021,E02003694,2021 super output areas - middle layer,152,UK identity and non-UK identity,173
7220,2021,E02003695,2021 super output areas - middle layer,152,Total: All usual residents,10807
7221,2021,E02003695,2021 super output areas - middle layer,152,British only identity,6541
7222,2021,E02003695,2021 super output areas - middle layer,152,English only identity,1853
7223,2021,E02003695,2021 super output areas - middle layer,152,English and British only identity,1275
7224,2021,E02003695,2021 super output areas - middle layer,152,Welsh only identity,33
7225,2021,E02003695,2021 super output areas - middle layer,152,Welsh and British only identity,6
7226,2021,E02003695,2021 super output areas - middle layer,152,Any other combination of only UK identities,79
7227,2021,E02003695,2021 super output areas - middle layer,152,Scottish only identity,29
7228,2021,E02003695,2021 super output areas - middle layer,152,Scottish and British only identity,11
7229,2021,E02003695,2021 super output areas - middle layer,152,Northern Irish only identity,16
7230,2021,E02003695,2021 super output areas - middle layer,152,Northern Irish and British only identity,6
7231,2021,E02003695,2021 super output areas - middle layer,152,Cornish only identity,2
7232,2021,E02003695,2021 super output areas - middle layer,152,Cornish and British only identity,0
7233,2021,E02003695,2021 super output areas - middle layer,152,Any other combination of only UK identities ,15
7234,2021,E02003695,2021 super output areas - middle layer,152,Irish only identity,75
7235,2021,E02003695,2021 super output areas - middle layer,152,Irish and at least one UK identity,10
7236,2021,E02003695,2021 super output areas - middle layer,152,Other identity only,655
7237,2021,E02003695,2021 super output areas - middle layer,152,Other identity and at least one UK identity,280
7238,2021,E02003695,2021 super output areas - middle layer,152,Non-UK identity only,730
7239,2021,E02003695,2021 super output areas - middle layer,152,UK identity and non-UK identity,290
7240,2021,E02003696,2021 super output areas - middle layer,152,Total: All usual residents,8548
7241,2021,E02003696,2021 super output areas - middle layer,152,British only identity,4788
7242,2021,E02003696,2021 super output areas - middle layer,152,English only identity,1787
7243,2021,E02003696,2021 super output areas - middle layer,152,English and British only identity,1271
7244,2021,E02003696,2021 super output areas - middle layer,152,Welsh only identity,50
7245,2021,E02003696,2021 super output areas - middle layer,152,Welsh and British only identity,25
7246,2021,E02003696,2021 super output areas - middle layer,152,Any other combination of only UK identities,119
7247,2021,E02003696,2021 super output areas - middle layer,152,Scottish only identity,35
7248,2021,E02003696,2021 super output areas - middle layer,152,Scottish and British only identity,22
7249,2021,E02003696,2021 super output areas - middle layer,152,Northern Irish only identity,28
7250,2021,E02003696,2021 super output areas - middle layer,152,Northern Irish and British only identity,6
7251,2021,E02003696,2021 super output areas - middle layer,152,Cornish only identity,3
7252,2021,E02003696,2021 super output areas - middle layer,152,Cornish and British only identity,0
7253,2021,E02003696,2021 super output areas - middle layer,152,Any other combination of only UK identities ,25
7254,2021,E02003696,2021 super output areas - middle layer,152,Irish only identity,53
7255,2021,E02003696,2021 super output areas - middle layer,152,Irish and at least one UK identity,6
7256,2021,E02003696,2021 super output areas - middle layer,152,Other identity only,349
7257,2021,E02003696,2021 super output areas - middle layer,152,Other identity and at least one UK identity,100
7258,2021,E02003696,2021 super output areas - middle layer,152,Non-UK identity only,402
7259,2021,E02003696,2021 super output areas - middle layer,152,UK identity and non-UK identity,106
7260,2021,E02003697,2021 super output areas - middle layer,152,Total: All usual residents,6310
7261,2021,E02003697,2021 super output areas - middle layer,152,British only identity,3739
7262,2021,E02003697,2021 super output areas - middle layer,152,English only identity,1089
7263,2021,E02003697,2021 super output areas - middle layer,152,English and British only identity,985
7264,2021,E02003697,2021 super output areas - middle layer,152,Welsh only identity,34
7265,2021,E02003697,2021 super output areas - middle layer,152,Welsh and British only identity,26
7266,2021,E02003697,2021 super output areas - middle layer,152,Any other combination of only UK identities,120
7267,2021,E02003697,2021 super output areas - middle layer,152,Scottish only identity,54
7268,2021,E02003697,2021 super output areas - middle layer,152,Scottish and British only identity,30
7269,2021,E02003697,2021 super output areas - middle layer,152,Northern Irish only identity,10
7270,2021,E02003697,2021 super output areas - middle layer,152,Northern Irish and British only identity,7
7271,2021,E02003697,2021 super output areas - middle layer,152,Cornish only identity,1
7272,2021,E02003697,2021 super output areas - middle layer,152,Cornish and British only identity,0
7273,2021,E02003697,2021 super output areas - middle layer,152,Any other combination of only UK identities ,18
7274,2021,E02003697,2021 super output areas - middle layer,152,Irish only identity,31
7275,2021,E02003697,2021 super output areas - middle layer,152,Irish and at least one UK identity,10
7276,2021,E02003697,2021 super output areas - middle layer,152,Other identity only,191
7277,2021,E02003697,2021 super output areas - middle layer,152,Other identity and at least one UK identity,85
7278,2021,E02003697,2021 super output areas - middle layer,152,Non-UK identity only,222
7279,2021,E02003697,2021 super output areas - middle layer,152,UK identity and non-UK identity,95
7280,2021,E02003698,2021 super output areas - middle layer,152,Total: All usual residents,8271
7281,2021,E02003698,2021 super output areas - middle layer,152,British only identity,4577
7282,2021,E02003698,2021 super output areas - middle layer,152,English only identity,1679
7283,2021,E02003698,2021 super output areas - middle layer,152,English and British only identity,1355
7284,2021,E02003698,2021 super output areas - middle layer,152,Welsh only identity,44
7285,2021,E02003698,2021 super output areas - middle layer,152,Welsh and British only identity,31
7286,2021,E02003698,2021 super output areas - middle layer,152,Any other combination of only UK identities,93
7287,2021,E02003698,2021 super output areas - middle layer,152,Scottish only identity,42
7288,2021,E02003698,2021 super output areas - middle layer,152,Scottish and British only identity,14
7289,2021,E02003698,2021 super output areas - middle layer,152,Northern Irish only identity,13
7290,2021,E02003698,2021 super output areas - middle layer,152,Northern Irish and British only identity,4
7291,2021,E02003698,2021 super output areas - middle layer,152,Cornish only identity,2
7292,2021,E02003698,2021 super output areas - middle layer,152,Cornish and British only identity,0
7293,2021,E02003698,2021 super output areas - middle layer,152,Any other combination of only UK identities ,18
7294,2021,E02003698,2021 super output areas - middle layer,152,Irish only identity,36
7295,2021,E02003698,2021 super output areas - middle layer,152,Irish and at least one UK identity,7
7296,2021,E02003698,2021 super output areas - middle layer,152,Other identity only,303
7297,2021,E02003698,2021 super output areas - middle layer,152,Other identity and at least one UK identity,146
7298,2021,E02003698,2021 super output areas - middle layer,152,Non-UK identity only,339
7299,2021,E02003698,2021 super output areas - middle layer,152,UK identity and non-UK identity,153
7300,2021,E02003699,2021 super output areas - middle layer,152,Total: All usual residents,5852
7301,2021,E02003699,2021 super output areas - middle layer,152,British only identity,3232
7302,2021,E02003699,2021 super output areas - middle layer,152,English only identity,1320
7303,2021,E02003699,2021 super output areas - middle layer,152,English and British only identity,921
7304,2021,E02003699,2021 super output areas - middle layer,152,Welsh only identity,15
7305,2021,E02003699,2021 super output areas - middle layer,152,Welsh and British only identity,10
7306,2021,E02003699,2021 super output areas - middle layer,152,Any other combination of only UK identities,60
7307,2021,E02003699,2021 super output areas - middle layer,152,Scottish only identity,23
7308,2021,E02003699,2021 super output areas - middle layer,152,Scottish and British only identity,8
7309,2021,E02003699,2021 super output areas - middle layer,152,Northern Irish only identity,13
7310,2021,E02003699,2021 super output areas - middle layer,152,Northern Irish and British only identity,3
7311,2021,E02003699,2021 super output areas - middle layer,152,Cornish only identity,2
7312,2021,E02003699,2021 super output areas - middle layer,152,Cornish and British only identity,0
7313,2021,E02003699,2021 super output areas - middle layer,152,Any other combination of only UK identities ,11
7314,2021,E02003699,2021 super output areas - middle layer,152,Irish only identity,26
7315,2021,E02003699,2021 super output areas - middle layer,152,Irish and at least one UK identity,7
7316,2021,E02003699,2021 super output areas - middle layer,152,Other identity only,186
7317,2021,E02003699,2021 super output areas - middle layer,152,Other identity and at least one UK identity,75
7318,2021,E02003699,2021 super output areas - middle layer,152,Non-UK identity only,212
7319,2021,E02003699,2021 super output areas - middle layer,152,UK identity and non-UK identity,82
7320,2021,E02003701,2021 super output areas - middle layer,152,Total: All usual residents,12301
7321,2021,E02003701,2021 super output areas - middle layer,152,British only identity,7279
7322,2021,E02003701,2021 super output areas - middle layer,152,English only identity,1772
7323,2021,E02003701,2021 super output areas - middle layer,152,English and British only identity,1537
7324,2021,E02003701,2021 super output areas - middle layer,152,Welsh only identity,34
7325,2021,E02003701,2021 super output areas - middle layer,152,Welsh and British only identity,12
7326,2021,E02003701,2021 super output areas - middle layer,152,Any other combination of only UK identities,101
7327,2021,E02003701,2021 super output areas - middle layer,152,Scottish only identity,31
7328,2021,E02003701,2021 super output areas - middle layer,152,Scottish and British only identity,16
7329,2021,E02003701,2021 super output areas - middle layer,152,Northern Irish only identity,19
7330,2021,E02003701,2021 super output areas - middle layer,152,Northern Irish and British only identity,3
7331,2021,E02003701,2021 super output areas - middle layer,152,Cornish only identity,6
7332,2021,E02003701,2021 super output areas - middle layer,152,Cornish and British only identity,0
7333,2021,E02003701,2021 super output areas - middle layer,152,Any other combination of only UK identities ,26
7334,2021,E02003701,2021 super output areas - middle layer,152,Irish only identity,63
7335,2021,E02003701,2021 super output areas - middle layer,152,Irish and at least one UK identity,8
7336,2021,E02003701,2021 super output areas - middle layer,152,Other identity only,1166
7337,2021,E02003701,2021 super output areas - middle layer,152,Other identity and at least one UK identity,329
7338,2021,E02003701,2021 super output areas - middle layer,152,Non-UK identity only,1229
7339,2021,E02003701,2021 super output areas - middle layer,152,UK identity and non-UK identity,337
7340,2021,E02003702,2021 super output areas - middle layer,152,Total: All usual residents,8189
7341,2021,E02003702,2021 super output areas - middle layer,152,British only identity,4794
7342,2021,E02003702,2021 super output areas - middle layer,152,English only identity,1364
7343,2021,E02003702,2021 super output areas - middle layer,152,English and British only identity,1224
7344,2021,E02003702,2021 super output areas - middle layer,152,Welsh only identity,35
7345,2021,E02003702,2021 super output areas - middle layer,152,Welsh and British only identity,22
7346,2021,E02003702,2021 super output areas - middle layer,152,Any other combination of only UK identities,152
7347,2021,E02003702,2021 super output areas - middle layer,152,Scottish only identity,62
7348,2021,E02003702,2021 super output areas - middle layer,152,Scottish and British only identity,44
7349,2021,E02003702,2021 super output areas - middle layer,152,Northern Irish only identity,13
7350,2021,E02003702,2021 super output areas - middle layer,152,Northern Irish and British only identity,8
7351,2021,E02003702,2021 super output areas - middle layer,152,Cornish only identity,0
7352,2021,E02003702,2021 super output areas - middle layer,152,Cornish and British only identity,0
7353,2021,E02003702,2021 super output areas - middle layer,152,Any other combination of only UK identities ,25
7354,2021,E02003702,2021 super output areas - middle layer,152,Irish only identity,45
7355,2021,E02003702,2021 super output areas - middle layer,152,Irish and at least one UK identity,4
7356,2021,E02003702,2021 super output areas - middle layer,152,Other identity only,399
7357,2021,E02003702,2021 super output areas - middle layer,152,Other identity and at least one UK identity,150
7358,2021,E02003702,2021 super output areas - middle layer,152,Non-UK identity only,444
7359,2021,E02003702,2021 super output areas - middle layer,152,UK identity and non-UK identity,154
7360,2021,E02003703,2021 super output areas - middle layer,152,Total: All usual residents,8963
7361,2021,E02003703,2021 super output areas - middle layer,152,British only identity,5095
7362,2021,E02003703,2021 super output areas - middle layer,152,English only identity,1077
7363,2021,E02003703,2021 super output areas - middle layer,152,English and British only identity,1055
7364,2021,E02003703,2021 super output areas - middle layer,152,Welsh only identity,30
7365,2021,E02003703,2021 super output areas - middle layer,152,Welsh and British only identity,14
7366,2021,E02003703,2021 super output areas - middle layer,152,Any other combination of only UK identities,75
7367,2021,E02003703,2021 super output areas - middle layer,152,Scottish only identity,30
7368,2021,E02003703,2021 super output areas - middle layer,152,Scottish and British only identity,18
7369,2021,E02003703,2021 super output areas - middle layer,152,Northern Irish only identity,10
7370,2021,E02003703,2021 super output areas - middle layer,152,Northern Irish and British only identity,3
7371,2021,E02003703,2021 super output areas - middle layer,152,Cornish only identity,0
7372,2021,E02003703,2021 super output areas - middle layer,152,Cornish and British only identity,0
7373,2021,E02003703,2021 super output areas - middle layer,152,Any other combination of only UK identities ,14
7374,2021,E02003703,2021 super output areas - middle layer,152,Irish only identity,57
7375,2021,E02003703,2021 super output areas - middle layer,152,Irish and at least one UK identity,7
7376,2021,E02003703,2021 super output areas - middle layer,152,Other identity only,1214
7377,2021,E02003703,2021 super output areas - middle layer,152,Other identity and at least one UK identity,339
7378,2021,E02003703,2021 super output areas - middle layer,152,Non-UK identity only,1271
7379,2021,E02003703,2021 super output areas - middle layer,152,UK identity and non-UK identity,346
7380,2021,E02003704,2021 super output areas - middle layer,152,Total: All usual residents,5813
7381,2021,E02003704,2021 super output areas - middle layer,152,British only identity,3349
7382,2021,E02003704,2021 super output areas - middle layer,152,English only identity,989
7383,2021,E02003704,2021 super output areas - middle layer,152,English and British only identity,950
7384,2021,E02003704,2021 super output areas - middle layer,152,Welsh only identity,26
7385,2021,E02003704,2021 super output areas - middle layer,152,Welsh and British only identity,13
7386,2021,E02003704,2021 super output areas - middle layer,152,Any other combination of only UK identities,68
7387,2021,E02003704,2021 super output areas - middle layer,152,Scottish only identity,25
7388,2021,E02003704,2021 super output areas - middle layer,152,Scottish and British only identity,15
7389,2021,E02003704,2021 super output areas - middle layer,152,Northern Irish only identity,8
7390,2021,E02003704,2021 super output areas - middle layer,152,Northern Irish and British only identity,3
7391,2021,E02003704,2021 super output areas - middle layer,152,Cornish only identity,2
7392,2021,E02003704,2021 super output areas - middle layer,152,Cornish and British only identity,0
7393,2021,E02003704,2021 super output areas - middle layer,152,Any other combination of only UK identities ,15
7394,2021,E02003704,2021 super output areas - middle layer,152,Irish only identity,48
7395,2021,E02003704,2021 super output areas - middle layer,152,Irish and at least one UK identity,8
7396,2021,E02003704,2021 super output areas - middle layer,152,Other identity only,251
7397,2021,E02003704,2021 super output areas - middle layer,152,Other identity and at least one UK identity,111
7398,2021,E02003704,2021 super output areas - middle layer,152,Non-UK identity only,299
7399,2021,E02003704,2021 super output areas - middle layer,152,UK identity and non-UK identity,119
7400,2021,E02003705,2021 super output areas - middle layer,152,Total: All usual residents,7106
7401,2021,E02003705,2021 super output areas - middle layer,152,British only identity,4542
7402,2021,E02003705,2021 super output areas - middle layer,152,English only identity,571
7403,2021,E02003705,2021 super output areas - middle layer,152,English and British only identity,617
7404,2021,E02003705,2021 super output areas - middle layer,152,Welsh only identity,17
7405,2021,E02003705,2021 super output areas - middle layer,152,Welsh and British only identity,5
7406,2021,E02003705,2021 super output areas - middle layer,152,Any other combination of only UK identities,26
7407,2021,E02003705,2021 super output areas - middle layer,152,Scottish only identity,5
7408,2021,E02003705,2021 super output areas - middle layer,152,Scottish and British only identity,7
7409,2021,E02003705,2021 super output areas - middle layer,152,Northern Irish only identity,3
7410,2021,E02003705,2021 super output areas - middle layer,152,Northern Irish and British only identity,1
7411,2021,E02003705,2021 super output areas - middle layer,152,Cornish only identity,1
7412,2021,E02003705,2021 super output areas - middle layer,152,Cornish and British only identity,1
7413,2021,E02003705,2021 super output areas - middle layer,152,Any other combination of only UK identities ,8
7414,2021,E02003705,2021 super output areas - middle layer,152,Irish only identity,38
7415,2021,E02003705,2021 super output areas - middle layer,152,Irish and at least one UK identity,10
7416,2021,E02003705,2021 super output areas - middle layer,152,Other identity only,1012
7417,2021,E02003705,2021 super output areas - middle layer,152,Other identity and at least one UK identity,268
7418,2021,E02003705,2021 super output areas - middle layer,152,Non-UK identity only,1050
7419,2021,E02003705,2021 super output areas - middle layer,152,UK identity and non-UK identity,278
7420,2021,E02003706,2021 super output areas - middle layer,152,Total: All usual residents,6770
7421,2021,E02003706,2021 super output areas - middle layer,152,British only identity,4021
7422,2021,E02003706,2021 super output areas - middle layer,152,English only identity,925
7423,2021,E02003706,2021 super output areas - middle layer,152,English and British only identity,733
7424,2021,E02003706,2021 super output areas - middle layer,152,Welsh only identity,14
7425,2021,E02003706,2021 super output areas - middle layer,152,Welsh and British only identity,7
7426,2021,E02003706,2021 super output areas - middle layer,152,Any other combination of only UK identities,64
7427,2021,E02003706,2021 super output areas - middle layer,152,Scottish only identity,35
7428,2021,E02003706,2021 super output areas - middle layer,152,Scottish and British only identity,16
7429,2021,E02003706,2021 super output areas - middle layer,152,Northern Irish only identity,5
7430,2021,E02003706,2021 super output areas - middle layer,152,Northern Irish and British only identity,4
7431,2021,E02003706,2021 super output areas - middle layer,152,Cornish only identity,2
7432,2021,E02003706,2021 super output areas - middle layer,152,Cornish and British only identity,0
7433,2021,E02003706,2021 super output areas - middle layer,152,Any other combination of only UK identities ,2
7434,2021,E02003706,2021 super output areas - middle layer,152,Irish only identity,40
7435,2021,E02003706,2021 super output areas - middle layer,152,Irish and at least one UK identity,10
7436,2021,E02003706,2021 super output areas - middle layer,152,Other identity only,790
7437,2021,E02003706,2021 super output areas - middle layer,152,Other identity and at least one UK identity,166
7438,2021,E02003706,2021 super output areas - middle layer,152,Non-UK identity only,830
7439,2021,E02003706,2021 super output areas - middle layer,152,UK identity and non-UK identity,176
7440,2021,E02003707,2021 super output areas - middle layer,152,Total: All usual residents,6748
7441,2021,E02003707,2021 super output areas - middle layer,152,British only identity,4082
7442,2021,E02003707,2021 super output areas - middle layer,152,English only identity,752
7443,2021,E02003707,2021 super output areas - middle layer,152,English and British only identity,706
7444,2021,E02003707,2021 super output areas - middle layer,152,Welsh only identity,12
7445,2021,E02003707,2021 super output areas - middle layer,152,Welsh and British only identity,4
7446,2021,E02003707,2021 super output areas - middle layer,152,Any other combination of only UK identities,30
7447,2021,E02003707,2021 super output areas - middle layer,152,Scottish only identity,13
7448,2021,E02003707,2021 super output areas - middle layer,152,Scottish and British only identity,3
7449,2021,E02003707,2021 super output areas - middle layer,152,Northern Irish only identity,5
7450,2021,E02003707,2021 super output areas - middle layer,152,Northern Irish and British only identity,0
7451,2021,E02003707,2021 super output areas - middle layer,152,Cornish only identity,0
7452,2021,E02003707,2021 super output areas - middle layer,152,Cornish and British only identity,0
7453,2021,E02003707,2021 super output areas - middle layer,152,Any other combination of only UK identities ,9
7454,2021,E02003707,2021 super output areas - middle layer,152,Irish only identity,27
7455,2021,E02003707,2021 super output areas - middle layer,152,Irish and at least one UK identity,5
7456,2021,E02003707,2021 super output areas - middle layer,152,Other identity only,934
7457,2021,E02003707,2021 super output areas - middle layer,152,Other identity and at least one UK identity,196
7458,2021,E02003707,2021 super output areas - middle layer,152,Non-UK identity only,961
7459,2021,E02003707,2021 super output areas - middle layer,152,UK identity and non-UK identity,201
7460,2021,E02003708,2021 super output areas - middle layer,152,Total: All usual residents,9775
7461,2021,E02003708,2021 super output areas - middle layer,152,British only identity,6408
7462,2021,E02003708,2021 super output areas - middle layer,152,English only identity,503
7463,2021,E02003708,2021 super output areas - middle layer,152,English and British only identity,467
7464,2021,E02003708,2021 super output areas - middle layer,152,Welsh only identity,5
7465,2021,E02003708,2021 super output areas - middle layer,152,Welsh and British only identity,4
7466,2021,E02003708,2021 super output areas - middle layer,152,Any other combination of only UK identities,25
7467,2021,E02003708,2021 super output areas - middle layer,152,Scottish only identity,11
7468,2021,E02003708,2021 super output areas - middle layer,152,Scottish and British only identity,3
7469,2021,E02003708,2021 super output areas - middle layer,152,Northern Irish only identity,3
7470,2021,E02003708,2021 super output areas - middle layer,152,Northern Irish and British only identity,0
7471,2021,E02003708,2021 super output areas - middle layer,152,Cornish only identity,0
7472,2021,E02003708,2021 super output areas - middle layer,152,Cornish and British only identity,0
7473,2021,E02003708,2021 super output areas - middle layer,152,Any other combination of only UK identities ,8
7474,2021,E02003708,2021 super output areas - middle layer,152,Irish only identity,23
7475,2021,E02003708,2021 super output areas - middle layer,152,Irish and at least one UK identity,4
7476,2021,E02003708,2021 super output areas - middle layer,152,Other identity only,1985
7477,2021,E02003708,2021 super output areas - middle layer,152,Other identity and at least one UK identity,351
7478,2021,E02003708,2021 super output areas - middle layer,152,Non-UK identity only,2008
7479,2021,E02003708,2021 super output areas - middle layer,152,UK identity and non-UK identity,355
7480,2021,E02003709,2021 super output areas - middle layer,152,Total: All usual residents,5762
7481,2021,E02003709,2021 super output areas - middle layer,152,British only identity,3381
7482,2021,E02003709,2021 super output areas - middle layer,152,English only identity,785
7483,2021,E02003709,2021 super output areas - middle layer,152,English and British only identity,693
7484,2021,E02003709,2021 super output areas - middle layer,152,Welsh only identity,13
7485,2021,E02003709,2021 super output areas - middle layer,152,Welsh and British only identity,7
7486,2021,E02003709,2021 super output areas - middle layer,152,Any other combination of only UK identities,26
7487,2021,E02003709,2021 super output areas - middle layer,152,Scottish only identity,9
7488,2021,E02003709,2021 super output areas - middle layer,152,Scottish and British only identity,5
7489,2021,E02003709,2021 super output areas - middle layer,152,Northern Irish only identity,2
7490,2021,E02003709,2021 super output areas - middle layer,152,Northern Irish and British only identity,3
7491,2021,E02003709,2021 super output areas - middle layer,152,Cornish only identity,0
7492,2021,E02003709,2021 super output areas - middle layer,152,Cornish and British only identity,0
7493,2021,E02003709,2021 super output areas - middle layer,152,Any other combination of only UK identities ,7
7494,2021,E02003709,2021 super output areas - middle layer,152,Irish only identity,35
7495,2021,E02003709,2021 super output areas - middle layer,152,Irish and at least one UK identity,3
7496,2021,E02003709,2021 super output areas - middle layer,152,Other identity only,657
7497,2021,E02003709,2021 super output areas - middle layer,152,Other identity and at least one UK identity,162
7498,2021,E02003709,2021 super output areas - middle layer,152,Non-UK identity only,692
7499,2021,E02003709,2021 super output areas - middle layer,152,UK identity and non-UK identity,165
7500,2021,E02003710,2021 super output areas - middle layer,152,Total: All usual residents,12921
7501,2021,E02003710,2021 super output areas - middle layer,152,British only identity,7700
7502,2021,E02003710,2021 super output areas - middle layer,152,English only identity,1046
7503,2021,E02003710,2021 super output areas - middle layer,152,English and British only identity,1017
7504,2021,E02003710,2021 super output areas - middle layer,152,Welsh only identity,18
7505,2021,E02003710,2021 super output areas - middle layer,152,Welsh and British only identity,15
7506,2021,E02003710,2021 super output areas - middle layer,152,Any other combination of only UK identities,90
7507,2021,E02003710,2021 super output areas - middle layer,152,Scottish only identity,28
7508,2021,E02003710,2021 super output areas - middle layer,152,Scottish and British only identity,9
7509,2021,E02003710,2021 super output areas - middle layer,152,Northern Irish only identity,9
7510,2021,E02003710,2021 super output areas - middle layer,152,Northern Irish and British only identity,9
7511,2021,E02003710,2021 super output areas - middle layer,152,Cornish only identity,1
7512,2021,E02003710,2021 super output areas - middle layer,152,Cornish and British only identity,0
7513,2021,E02003710,2021 super output areas - middle layer,152,Any other combination of only UK identities ,34
7514,2021,E02003710,2021 super output areas - middle layer,152,Irish only identity,67
7515,2021,E02003710,2021 super output areas - middle layer,152,Irish and at least one UK identity,14
7516,2021,E02003710,2021 super output areas - middle layer,152,Other identity only,2398
7517,2021,E02003710,2021 super output areas - middle layer,152,Other identity and at least one UK identity,556
7518,2021,E02003710,2021 super output areas - middle layer,152,Non-UK identity only,2465
7519,2021,E02003710,2021 super output areas - middle layer,152,UK identity and non-UK identity,570
7520,2021,E02003711,2021 super output areas - middle layer,152,Total: All usual residents,9744
7521,2021,E02003711,2021 super output areas - middle layer,152,British only identity,5539
7522,2021,E02003711,2021 super output areas - middle layer,152,English only identity,1327
7523,2021,E02003711,2021 super output areas - middle layer,152,English and British only identity,1349
7524,2021,E02003711,2021 super output areas - middle layer,152,Welsh only identity,27
7525,2021,E02003711,2021 super output areas - middle layer,152,Welsh and British only identity,15
7526,2021,E02003711,2021 super output areas - middle layer,152,Any other combination of only UK identities,103
7527,2021,E02003711,2021 super output areas - middle layer,152,Scottish only identity,44
7528,2021,E02003711,2021 super output areas - middle layer,152,Scottish and British only identity,17
7529,2021,E02003711,2021 super output areas - middle layer,152,Northern Irish only identity,19
7530,2021,E02003711,2021 super output areas - middle layer,152,Northern Irish and British only identity,4
7531,2021,E02003711,2021 super output areas - middle layer,152,Cornish only identity,2
7532,2021,E02003711,2021 super output areas - middle layer,152,Cornish and British only identity,0
7533,2021,E02003711,2021 super output areas - middle layer,152,Any other combination of only UK identities ,17
7534,2021,E02003711,2021 super output areas - middle layer,152,Irish only identity,65
7535,2021,E02003711,2021 super output areas - middle layer,152,Irish and at least one UK identity,27
7536,2021,E02003711,2021 super output areas - middle layer,152,Other identity only,1052
7537,2021,E02003711,2021 super output areas - middle layer,152,Other identity and at least one UK identity,240
7538,2021,E02003711,2021 super output areas - middle layer,152,Non-UK identity only,1117
7539,2021,E02003711,2021 super output areas - middle layer,152,UK identity and non-UK identity,267
7540,2021,E02003712,2021 super output areas - middle layer,152,Total: All usual residents,8134
7541,2021,E02003712,2021 super output areas - middle layer,152,British only identity,4785
7542,2021,E02003712,2021 super output areas - middle layer,152,English only identity,1395
7543,2021,E02003712,2021 super output areas - middle layer,152,English and British only identity,1041
7544,2021,E02003712,2021 super output areas - middle layer,152,Welsh only identity,21
7545,2021,E02003712,2021 super output areas - middle layer,152,Welsh and British only identity,7
7546,2021,E02003712,2021 super output areas - middle layer,152,Any other combination of only UK identities,74
7547,2021,E02003712,2021 super output areas - middle layer,152,Scottish only identity,30
7548,2021,E02003712,2021 super output areas - middle layer,152,Scottish and British only identity,21
7549,2021,E02003712,2021 super output areas - middle layer,152,Northern Irish only identity,6
7550,2021,E02003712,2021 super output areas - middle layer,152,Northern Irish and British only identity,1
7551,2021,E02003712,2021 super output areas - middle layer,152,Cornish only identity,0
7552,2021,E02003712,2021 super output areas - middle layer,152,Cornish and British only identity,0
7553,2021,E02003712,2021 super output areas - middle layer,152,Any other combination of only UK identities ,16
7554,2021,E02003712,2021 super output areas - middle layer,152,Irish only identity,51
7555,2021,E02003712,2021 super output areas - middle layer,152,Irish and at least one UK identity,13
7556,2021,E02003712,2021 super output areas - middle layer,152,Other identity only,599
7557,2021,E02003712,2021 super output areas - middle layer,152,Other identity and at least one UK identity,148
7558,2021,E02003712,2021 super output areas - middle layer,152,Non-UK identity only,650
7559,2021,E02003712,2021 super output areas - middle layer,152,UK identity and non-UK identity,161
7560,2021,E02003713,2021 super output areas - middle layer,152,Total: All usual residents,5903
7561,2021,E02003713,2021 super output areas - middle layer,152,British only identity,3423
7562,2021,E02003713,2021 super output areas - middle layer,152,English only identity,1124
7563,2021,E02003713,2021 super output areas - middle layer,152,English and British only identity,987
7564,2021,E02003713,2021 super output areas - middle layer,152,Welsh only identity,29
7565,2021,E02003713,2021 super output areas - middle layer,152,Welsh and British only identity,11
7566,2021,E02003713,2021 super output areas - middle layer,152,Any other combination of only UK identities,81
7567,2021,E02003713,2021 super output areas - middle layer,152,Scottish only identity,40
7568,2021,E02003713,2021 super output areas - middle layer,152,Scottish and British only identity,18
7569,2021,E02003713,2021 super output areas - middle layer,152,Northern Irish only identity,3
7570,2021,E02003713,2021 super output areas - middle layer,152,Northern Irish and British only identity,2
7571,2021,E02003713,2021 super output areas - middle layer,152,Cornish only identity,1
7572,2021,E02003713,2021 super output areas - middle layer,152,Cornish and British only identity,0
7573,2021,E02003713,2021 super output areas - middle layer,152,Any other combination of only UK identities ,17
7574,2021,E02003713,2021 super output areas - middle layer,152,Irish only identity,27
7575,2021,E02003713,2021 super output areas - middle layer,152,Irish and at least one UK identity,2
7576,2021,E02003713,2021 super output areas - middle layer,152,Other identity only,148
7577,2021,E02003713,2021 super output areas - middle layer,152,Other identity and at least one UK identity,71
7578,2021,E02003713,2021 super output areas - middle layer,152,Non-UK identity only,175
7579,2021,E02003713,2021 super output areas - middle layer,152,UK identity and non-UK identity,73
7580,2021,E02003714,2021 super output areas - middle layer,152,Total: All usual residents,6750
7581,2021,E02003714,2021 super output areas - middle layer,152,British only identity,3932
7582,2021,E02003714,2021 super output areas - middle layer,152,English only identity,1146
7583,2021,E02003714,2021 super output areas - middle layer,152,English and British only identity,1058
7584,2021,E02003714,2021 super output areas - middle layer,152,Welsh only identity,22
7585,2021,E02003714,2021 super output areas - middle layer,152,Welsh and British only identity,11
7586,2021,E02003714,2021 super output areas - middle layer,152,Any other combination of only UK identities,78
7587,2021,E02003714,2021 super output areas - middle layer,152,Scottish only identity,24
7588,2021,E02003714,2021 super output areas - middle layer,152,Scottish and British only identity,18
7589,2021,E02003714,2021 super output areas - middle layer,152,Northern Irish only identity,7
7590,2021,E02003714,2021 super output areas - middle layer,152,Northern Irish and British only identity,3
7591,2021,E02003714,2021 super output areas - middle layer,152,Cornish only identity,6
7592,2021,E02003714,2021 super output areas - middle layer,152,Cornish and British only identity,0
7593,2021,E02003714,2021 super output areas - middle layer,152,Any other combination of only UK identities ,20
7594,2021,E02003714,2021 super output areas - middle layer,152,Irish only identity,46
7595,2021,E02003714,2021 super output areas - middle layer,152,Irish and at least one UK identity,6
7596,2021,E02003714,2021 super output areas - middle layer,152,Other identity only,334
7597,2021,E02003714,2021 super output areas - middle layer,152,Other identity and at least one UK identity,117
7598,2021,E02003714,2021 super output areas - middle layer,152,Non-UK identity only,380
7599,2021,E02003714,2021 super output areas - middle layer,152,UK identity and non-UK identity,123
7600,2021,E02003715,2021 super output areas - middle layer,152,Total: All usual residents,6573
7601,2021,E02003715,2021 super output areas - middle layer,152,British only identity,4085
7602,2021,E02003715,2021 super output areas - middle layer,152,English only identity,984
7603,2021,E02003715,2021 super output areas - middle layer,152,English and British only identity,899
7604,2021,E02003715,2021 super output areas - middle layer,152,Welsh only identity,45
7605,2021,E02003715,2021 super output areas - middle layer,152,Welsh and British only identity,23
7606,2021,E02003715,2021 super output areas - middle layer,152,Any other combination of only UK identities,138
7607,2021,E02003715,2021 super output areas - middle layer,152,Scottish only identity,38
7608,2021,E02003715,2021 super output areas - middle layer,152,Scottish and British only identity,49
7609,2021,E02003715,2021 super output areas - middle layer,152,Northern Irish only identity,8
7610,2021,E02003715,2021 super output areas - middle layer,152,Northern Irish and British only identity,10
7611,2021,E02003715,2021 super output areas - middle layer,152,Cornish only identity,0
7612,2021,E02003715,2021 super output areas - middle layer,152,Cornish and British only identity,0
7613,2021,E02003715,2021 super output areas - middle layer,152,Any other combination of only UK identities ,33
7614,2021,E02003715,2021 super output areas - middle layer,152,Irish only identity,41
7615,2021,E02003715,2021 super output areas - middle layer,152,Irish and at least one UK identity,18
7616,2021,E02003715,2021 super output areas - middle layer,152,Other identity only,244
7617,2021,E02003715,2021 super output areas - middle layer,152,Other identity and at least one UK identity,96
7618,2021,E02003715,2021 super output areas - middle layer,152,Non-UK identity only,285
7619,2021,E02003715,2021 super output areas - middle layer,152,UK identity and non-UK identity,114
7620,2021,E02003716,2021 super output areas - middle layer,152,Total: All usual residents,5927
7621,2021,E02003716,2021 super output areas - middle layer,152,British only identity,3312
7622,2021,E02003716,2021 super output areas - middle layer,152,English only identity,1028
7623,2021,E02003716,2021 super output areas - middle layer,152,English and British only identity,972
7624,2021,E02003716,2021 super output areas - middle layer,152,Welsh only identity,39
7625,2021,E02003716,2021 super output areas - middle layer,152,Welsh and British only identity,22
7626,2021,E02003716,2021 super output areas - middle layer,152,Any other combination of only UK identities,94
7627,2021,E02003716,2021 super output areas - middle layer,152,Scottish only identity,28
7628,2021,E02003716,2021 super output areas - middle layer,152,Scottish and British only identity,28
7629,2021,E02003716,2021 super output areas - middle layer,152,Northern Irish only identity,4
7630,2021,E02003716,2021 super output areas - middle layer,152,Northern Irish and British only identity,11
7631,2021,E02003716,2021 super output areas - middle layer,152,Cornish only identity,1
7632,2021,E02003716,2021 super output areas - middle layer,152,Cornish and British only identity,0
7633,2021,E02003716,2021 super output areas - middle layer,152,Any other combination of only UK identities ,22
7634,2021,E02003716,2021 super output areas - middle layer,152,Irish only identity,51
7635,2021,E02003716,2021 super output areas - middle layer,152,Irish and at least one UK identity,6
7636,2021,E02003716,2021 super output areas - middle layer,152,Other identity only,276
7637,2021,E02003716,2021 super output areas - middle layer,152,Other identity and at least one UK identity,127
7638,2021,E02003716,2021 super output areas - middle layer,152,Non-UK identity only,327
7639,2021,E02003716,2021 super output areas - middle layer,152,UK identity and non-UK identity,133
7640,2021,E02003717,2021 super output areas - middle layer,152,Total: All usual residents,9114
7641,2021,E02003717,2021 super output areas - middle layer,152,British only identity,5225
7642,2021,E02003717,2021 super output areas - middle layer,152,English only identity,1506
7643,2021,E02003717,2021 super output areas - middle layer,152,English and British only identity,1310
7644,2021,E02003717,2021 super output areas - middle layer,152,Welsh only identity,63
7645,2021,E02003717,2021 super output areas - middle layer,152,Welsh and British only identity,24
7646,2021,E02003717,2021 super output areas - middle layer,152,Any other combination of only UK identities,127
7647,2021,E02003717,2021 super output areas - middle layer,152,Scottish only identity,41
7648,2021,E02003717,2021 super output areas - middle layer,152,Scottish and British only identity,34
7649,2021,E02003717,2021 super output areas - middle layer,152,Northern Irish only identity,20
7650,2021,E02003717,2021 super output areas - middle layer,152,Northern Irish and British only identity,7
7651,2021,E02003717,2021 super output areas - middle layer,152,Cornish only identity,1
7652,2021,E02003717,2021 super output areas - middle layer,152,Cornish and British only identity,0
7653,2021,E02003717,2021 super output areas - middle layer,152,Any other combination of only UK identities ,24
7654,2021,E02003717,2021 super output areas - middle layer,152,Irish only identity,58
7655,2021,E02003717,2021 super output areas - middle layer,152,Irish and at least one UK identity,21
7656,2021,E02003717,2021 super output areas - middle layer,152,Other identity only,558
7657,2021,E02003717,2021 super output areas - middle layer,152,Other identity and at least one UK identity,222
7658,2021,E02003717,2021 super output areas - middle layer,152,Non-UK identity only,616
7659,2021,E02003717,2021 super output areas - middle layer,152,UK identity and non-UK identity,243
7660,2021,E02003718,2021 super output areas - middle layer,152,Total: All usual residents,5663
7661,2021,E02003718,2021 super output areas - middle layer,152,British only identity,3252
7662,2021,E02003718,2021 super output areas - middle layer,152,English only identity,900
7663,2021,E02003718,2021 super output areas - middle layer,152,English and British only identity,844
7664,2021,E02003718,2021 super output areas - middle layer,152,Welsh only identity,28
7665,2021,E02003718,2021 super output areas - middle layer,152,Welsh and British only identity,24
7666,2021,E02003718,2021 super output areas - middle layer,152,Any other combination of only UK identities,70
7667,2021,E02003718,2021 super output areas - middle layer,152,Scottish only identity,38
7668,2021,E02003718,2021 super output areas - middle layer,152,Scottish and British only identity,9
7669,2021,E02003718,2021 super output areas - middle layer,152,Northern Irish only identity,7
7670,2021,E02003718,2021 super output areas - middle layer,152,Northern Irish and British only identity,3
7671,2021,E02003718,2021 super output areas - middle layer,152,Cornish only identity,1
7672,2021,E02003718,2021 super output areas - middle layer,152,Cornish and British only identity,0
7673,2021,E02003718,2021 super output areas - middle layer,152,Any other combination of only UK identities ,12
7674,2021,E02003718,2021 super output areas - middle layer,152,Irish only identity,43
7675,2021,E02003718,2021 super output areas - middle layer,152,Irish and at least one UK identity,5
7676,2021,E02003718,2021 super output areas - middle layer,152,Other identity only,363
7677,2021,E02003718,2021 super output areas - middle layer,152,Other identity and at least one UK identity,134
7678,2021,E02003718,2021 super output areas - middle layer,152,Non-UK identity only,406
7679,2021,E02003718,2021 super output areas - middle layer,152,UK identity and non-UK identity,139
7680,2021,E02006823,2021 super output areas - middle layer,152,Total: All usual residents,8936
7681,2021,E02006823,2021 super output areas - middle layer,152,British only identity,5230
7682,2021,E02006823,2021 super output areas - middle layer,152,English only identity,1534
7683,2021,E02006823,2021 super output areas - middle layer,152,English and British only identity,1398
7684,2021,E02006823,2021 super output areas - middle layer,152,Welsh only identity,43
7685,2021,E02006823,2021 super output areas - middle layer,152,Welsh and British only identity,31
7686,2021,E02006823,2021 super output areas - middle layer,152,Any other combination of only UK identities,139
7687,2021,E02006823,2021 super output areas - middle layer,152,Scottish only identity,42
7688,2021,E02006823,2021 super output areas - middle layer,152,Scottish and British only identity,37
7689,2021,E02006823,2021 super output areas - middle layer,152,Northern Irish only identity,20
7690,2021,E02006823,2021 super output areas - middle layer,152,Northern Irish and British only identity,14
7691,2021,E02006823,2021 super output areas - middle layer,152,Cornish only identity,0
7692,2021,E02006823,2021 super output areas - middle layer,152,Cornish and British only identity,0
7693,2021,E02006823,2021 super output areas - middle layer,152,Any other combination of only UK identities ,26
7694,2021,E02006823,2021 super output areas - middle layer,152,Irish only identity,84
7695,2021,E02006823,2021 super output areas - middle layer,152,Irish and at least one UK identity,17
7696,2021,E02006823,2021 super output areas - middle layer,152,Other identity only,337
7697,2021,E02006823,2021 super output areas - middle layer,152,Other identity and at least one UK identity,123
7698,2021,E02006823,2021 super output areas - middle layer,152,Non-UK identity only,421
7699,2021,E02006823,2021 super output areas - middle layer,152,UK identity and non-UK identity,140
7700,2021,E02006824,2021 super output areas - middle layer,152,Total: All usual residents,9535
7701,2021,E02006824,2021 super output areas - middle layer,152,British only identity,5408
7702,2021,E02006824,2021 super output areas - middle layer,152,English only identity,1820
7703,2021,E02006824,2021 super output areas - middle layer,152,English and British only identity,1626
7704,2021,E02006824,2021 super output areas - middle layer,152,Welsh only identity,43
7705,2021,E02006824,2021 super output areas - middle layer,152,Welsh and British only identity,19
7706,2021,E02006824,2021 super output areas - middle layer,152,Any other combination of only UK identities,97
7707,2021,E02006824,2021 super output areas - middle layer,152,Scottish only identity,41
7708,2021,E02006824,2021 super output areas - middle layer,152,Scottish and British only identity,33
7709,2021,E02006824,2021 super output areas - middle layer,152,Northern Irish only identity,14
7710,2021,E02006824,2021 super output areas - middle layer,152,Northern Irish and British only identity,3
7711,2021,E02006824,2021 super output areas - middle layer,152,Cornish only identity,0
7712,2021,E02006824,2021 super output areas - middle layer,152,Cornish and British only identity,0
7713,2021,E02006824,2021 super output areas - middle layer,152,Any other combination of only UK identities ,6
7714,2021,E02006824,2021 super output areas - middle layer,152,Irish only identity,39
7715,2021,E02006824,2021 super output areas - middle layer,152,Irish and at least one UK identity,14
7716,2021,E02006824,2021 super output areas - middle layer,152,Other identity only,300
7717,2021,E02006824,2021 super output areas - middle layer,152,Other identity and at least one UK identity,169
7718,2021,E02006824,2021 super output areas - middle layer,152,Non-UK identity only,339
7719,2021,E02006824,2021 super output areas - middle layer,152,UK identity and non-UK identity,183
7720,2021,E02004356,2021 super output areas - middle layer,152,Total: All usual residents,7392
7721,2021,E02004356,2021 super output areas - middle layer,152,British only identity,4133
7722,2021,E02004356,2021 super output areas - middle layer,152,English only identity,1412
7723,2021,E02004356,2021 super output areas - middle layer,152,English and British only identity,1318
7724,2021,E02004356,2021 super output areas - middle layer,152,Welsh only identity,15
7725,2021,E02004356,2021 super output areas - middle layer,152,Welsh and British only identity,12
7726,2021,E02004356,2021 super output areas - middle layer,152,Any other combination of only UK identities,75
7727,2021,E02004356,2021 super output areas - middle layer,152,Scottish only identity,34
7728,2021,E02004356,2021 super output areas - middle layer,152,Scottish and British only identity,12
7729,2021,E02004356,2021 super output areas - middle layer,152,Northern Irish only identity,11
7730,2021,E02004356,2021 super output areas - middle layer,152,Northern Irish and British only identity,3
7731,2021,E02004356,2021 super output areas - middle layer,152,Cornish only identity,0
7732,2021,E02004356,2021 super output areas - middle layer,152,Cornish and British only identity,0
7733,2021,E02004356,2021 super output areas - middle layer,152,Any other combination of only UK identities ,15
7734,2021,E02004356,2021 super output areas - middle layer,152,Irish only identity,22
7735,2021,E02004356,2021 super output areas - middle layer,152,Irish and at least one UK identity,5
7736,2021,E02004356,2021 super output areas - middle layer,152,Other identity only,328
7737,2021,E02004356,2021 super output areas - middle layer,152,Other identity and at least one UK identity,72
7738,2021,E02004356,2021 super output areas - middle layer,152,Non-UK identity only,350
7739,2021,E02004356,2021 super output areas - middle layer,152,UK identity and non-UK identity,77
7740,2021,E02004357,2021 super output areas - middle layer,152,Total: All usual residents,7688
7741,2021,E02004357,2021 super output areas - middle layer,152,British only identity,4339
7742,2021,E02004357,2021 super output areas - middle layer,152,English only identity,1385
7743,2021,E02004357,2021 super output areas - middle layer,152,English and British only identity,1343
7744,2021,E02004357,2021 super output areas - middle layer,152,Welsh only identity,8
7745,2021,E02004357,2021 super output areas - middle layer,152,Welsh and British only identity,1
7746,2021,E02004357,2021 super output areas - middle layer,152,Any other combination of only UK identities,69
7747,2021,E02004357,2021 super output areas - middle layer,152,Scottish only identity,28
7748,2021,E02004357,2021 super output areas - middle layer,152,Scottish and British only identity,9
7749,2021,E02004357,2021 super output areas - middle layer,152,Northern Irish only identity,9
7750,2021,E02004357,2021 super output areas - middle layer,152,Northern Irish and British only identity,8
7751,2021,E02004357,2021 super output areas - middle layer,152,Cornish only identity,0
7752,2021,E02004357,2021 super output areas - middle layer,152,Cornish and British only identity,0
7753,2021,E02004357,2021 super output areas - middle layer,152,Any other combination of only UK identities ,15
7754,2021,E02004357,2021 super output areas - middle layer,152,Irish only identity,34
7755,2021,E02004357,2021 super output areas - middle layer,152,Irish and at least one UK identity,3
7756,2021,E02004357,2021 super output areas - middle layer,152,Other identity only,427
7757,2021,E02004357,2021 super output areas - middle layer,152,Other identity and at least one UK identity,79
7758,2021,E02004357,2021 super output areas - middle layer,152,Non-UK identity only,461
7759,2021,E02004357,2021 super output areas - middle layer,152,UK identity and non-UK identity,82
7760,2021,E02004358,2021 super output areas - middle layer,152,Total: All usual residents,8041
7761,2021,E02004358,2021 super output areas - middle layer,152,British only identity,4312
7762,2021,E02004358,2021 super output areas - middle layer,152,English only identity,1663
7763,2021,E02004358,2021 super output areas - middle layer,152,English and British only identity,1513
7764,2021,E02004358,2021 super output areas - middle layer,152,Welsh only identity,23
7765,2021,E02004358,2021 super output areas - middle layer,152,Welsh and British only identity,2
7766,2021,E02004358,2021 super output areas - middle layer,152,Any other combination of only UK identities,64
7767,2021,E02004358,2021 super output areas - middle layer,152,Scottish only identity,36
7768,2021,E02004358,2021 super output areas - middle layer,152,Scottish and British only identity,12
7769,2021,E02004358,2021 super output areas - middle layer,152,Northern Irish only identity,9
7770,2021,E02004358,2021 super output areas - middle layer,152,Northern Irish and British only identity,0
7771,2021,E02004358,2021 super output areas - middle layer,152,Cornish only identity,0
7772,2021,E02004358,2021 super output areas - middle layer,152,Cornish and British only identity,0
7773,2021,E02004358,2021 super output areas - middle layer,152,Any other combination of only UK identities ,7
7774,2021,E02004358,2021 super output areas - middle layer,152,Irish only identity,25
7775,2021,E02004358,2021 super output areas - middle layer,152,Irish and at least one UK identity,4
7776,2021,E02004358,2021 super output areas - middle layer,152,Other identity only,354
7777,2021,E02004358,2021 super output areas - middle layer,152,Other identity and at least one UK identity,81
7778,2021,E02004358,2021 super output areas - middle layer,152,Non-UK identity only,379
7779,2021,E02004358,2021 super output areas - middle layer,152,UK identity and non-UK identity,85
7780,2021,E02004359,2021 super output areas - middle layer,152,Total: All usual residents,7748
7781,2021,E02004359,2021 super output areas - middle layer,152,British only identity,4453
7782,2021,E02004359,2021 super output areas - middle layer,152,English only identity,1504
7783,2021,E02004359,2021 super output areas - middle layer,152,English and British only identity,1208
7784,2021,E02004359,2021 super output areas - middle layer,152,Welsh only identity,15
7785,2021,E02004359,2021 super output areas - middle layer,152,Welsh and British only identity,14
7786,2021,E02004359,2021 super output areas - middle layer,152,Any other combination of only UK identities,74
7787,2021,E02004359,2021 super output areas - middle layer,152,Scottish only identity,41
7788,2021,E02004359,2021 super output areas - middle layer,152,Scottish and British only identity,14
7789,2021,E02004359,2021 super output areas - middle layer,152,Northern Irish only identity,8
7790,2021,E02004359,2021 super output areas - middle layer,152,Northern Irish and British only identity,6
7791,2021,E02004359,2021 super output areas - middle layer,152,Cornish only identity,0
7792,2021,E02004359,2021 super output areas - middle layer,152,Cornish and British only identity,0
7793,2021,E02004359,2021 super output areas - middle layer,152,Any other combination of only UK identities ,5
7794,2021,E02004359,2021 super output areas - middle layer,152,Irish only identity,30
7795,2021,E02004359,2021 super output areas - middle layer,152,Irish and at least one UK identity,10
7796,2021,E02004359,2021 super output areas - middle layer,152,Other identity only,359
7797,2021,E02004359,2021 super output areas - middle layer,152,Other identity and at least one UK identity,81
7798,2021,E02004359,2021 super output areas - middle layer,152,Non-UK identity only,389
7799,2021,E02004359,2021 super output areas - middle layer,152,UK identity and non-UK identity,91
7800,2021,E02004361,2021 super output areas - middle layer,152,Total: All usual residents,8191
7801,2021,E02004361,2021 super output areas - middle layer,152,British only identity,4914
7802,2021,E02004361,2021 super output areas - middle layer,152,English only identity,1356
7803,2021,E02004361,2021 super output areas - middle layer,152,English and British only identity,1246
7804,2021,E02004361,2021 super output areas - middle layer,152,Welsh only identity,22
7805,2021,E02004361,2021 super output areas - middle layer,152,Welsh and British only identity,13
7806,2021,E02004361,2021 super output areas - middle layer,152,Any other combination of only UK identities,82
7807,2021,E02004361,2021 super output areas - middle layer,152,Scottish only identity,40
7808,2021,E02004361,2021 super output areas - middle layer,152,Scottish and British only identity,20
7809,2021,E02004361,2021 super output areas - middle layer,152,Northern Irish only identity,4
7810,2021,E02004361,2021 super output areas - middle layer,152,Northern Irish and British only identity,8
7811,2021,E02004361,2021 super output areas - middle layer,152,Cornish only identity,0
7812,2021,E02004361,2021 super output areas - middle layer,152,Cornish and British only identity,0
7813,2021,E02004361,2021 super output areas - middle layer,152,Any other combination of only UK identities ,10
7814,2021,E02004361,2021 super output areas - middle layer,152,Irish only identity,36
7815,2021,E02004361,2021 super output areas - middle layer,152,Irish and at least one UK identity,9
7816,2021,E02004361,2021 super output areas - middle layer,152,Other identity only,395
7817,2021,E02004361,2021 super output areas - middle layer,152,Other identity and at least one UK identity,118
7818,2021,E02004361,2021 super output areas - middle layer,152,Non-UK identity only,431
7819,2021,E02004361,2021 super output areas - middle layer,152,UK identity and non-UK identity,127
7820,2021,E02004362,2021 super output areas - middle layer,152,Total: All usual residents,8826
7821,2021,E02004362,2021 super output areas - middle layer,152,British only identity,5001
7822,2021,E02004362,2021 super output areas - middle layer,152,English only identity,1504
7823,2021,E02004362,2021 super output areas - middle layer,152,English and British only identity,1342
7824,2021,E02004362,2021 super output areas - middle layer,152,Welsh only identity,20
7825,2021,E02004362,2021 super output areas - middle layer,152,Welsh and British only identity,13
7826,2021,E02004362,2021 super output areas - middle layer,152,Any other combination of only UK identities,77
7827,2021,E02004362,2021 super output areas - middle layer,152,Scottish only identity,27
7828,2021,E02004362,2021 super output areas - middle layer,152,Scottish and British only identity,17
7829,2021,E02004362,2021 super output areas - middle layer,152,Northern Irish only identity,17
7830,2021,E02004362,2021 super output areas - middle layer,152,Northern Irish and British only identity,0
7831,2021,E02004362,2021 super output areas - middle layer,152,Cornish only identity,3
7832,2021,E02004362,2021 super output areas - middle layer,152,Cornish and British only identity,2
7833,2021,E02004362,2021 super output areas - middle layer,152,Any other combination of only UK identities ,11
7834,2021,E02004362,2021 super output areas - middle layer,152,Irish only identity,41
7835,2021,E02004362,2021 super output areas - middle layer,152,Irish and at least one UK identity,9
7836,2021,E02004362,2021 super output areas - middle layer,152,Other identity only,685
7837,2021,E02004362,2021 super output areas - middle layer,152,Other identity and at least one UK identity,134
7838,2021,E02004362,2021 super output areas - middle layer,152,Non-UK identity only,726
7839,2021,E02004362,2021 super output areas - middle layer,152,UK identity and non-UK identity,143
7840,2021,E02004363,2021 super output areas - middle layer,152,Total: All usual residents,6956
7841,2021,E02004363,2021 super output areas - middle layer,152,British only identity,3866
7842,2021,E02004363,2021 super output areas - middle layer,152,English only identity,1091
7843,2021,E02004363,2021 super output areas - middle layer,152,English and British only identity,899
7844,2021,E02004363,2021 super output areas - middle layer,152,Welsh only identity,23
7845,2021,E02004363,2021 super output areas - middle layer,152,Welsh and British only identity,12
7846,2021,E02004363,2021 super output areas - middle layer,152,Any other combination of only UK identities,77
7847,2021,E02004363,2021 super output areas - middle layer,152,Scottish only identity,41
7848,2021,E02004363,2021 super output areas - middle layer,152,Scottish and British only identity,12
7849,2021,E02004363,2021 super output areas - middle layer,152,Northern Irish only identity,8
7850,2021,E02004363,2021 super output areas - middle layer,152,Northern Irish and British only identity,4
7851,2021,E02004363,2021 super output areas - middle layer,152,Cornish only identity,0
7852,2021,E02004363,2021 super output areas - middle layer,152,Cornish and British only identity,0
7853,2021,E02004363,2021 super output areas - middle layer,152,Any other combination of only UK identities ,12
7854,2021,E02004363,2021 super output areas - middle layer,152,Irish only identity,35
7855,2021,E02004363,2021 super output areas - middle layer,152,Irish and at least one UK identity,9
7856,2021,E02004363,2021 super output areas - middle layer,152,Other identity only,791
7857,2021,E02004363,2021 super output areas - middle layer,152,Other identity and at least one UK identity,153
7858,2021,E02004363,2021 super output areas - middle layer,152,Non-UK identity only,826
7859,2021,E02004363,2021 super output areas - middle layer,152,UK identity and non-UK identity,162
7860,2021,E02004364,2021 super output areas - middle layer,152,Total: All usual residents,8200
7861,2021,E02004364,2021 super output areas - middle layer,152,British only identity,4613
7862,2021,E02004364,2021 super output areas - middle layer,152,English only identity,1405
7863,2021,E02004364,2021 super output areas - middle layer,152,English and British only identity,1217
7864,2021,E02004364,2021 super output areas - middle layer,152,Welsh only identity,28
7865,2021,E02004364,2021 super output areas - middle layer,152,Welsh and British only identity,11
7866,2021,E02004364,2021 super output areas - middle layer,152,Any other combination of only UK identities,118
7867,2021,E02004364,2021 super output areas - middle layer,152,Scottish only identity,51
7868,2021,E02004364,2021 super output areas - middle layer,152,Scottish and British only identity,24
7869,2021,E02004364,2021 super output areas - middle layer,152,Northern Irish only identity,19
7870,2021,E02004364,2021 super output areas - middle layer,152,Northern Irish and British only identity,11
7871,2021,E02004364,2021 super output areas - middle layer,152,Cornish only identity,0
7872,2021,E02004364,2021 super output areas - middle layer,152,Cornish and British only identity,0
7873,2021,E02004364,2021 super output areas - middle layer,152,Any other combination of only UK identities ,13
7874,2021,E02004364,2021 super output areas - middle layer,152,Irish only identity,78
7875,2021,E02004364,2021 super output areas - middle layer,152,Irish and at least one UK identity,18
7876,2021,E02004364,2021 super output areas - middle layer,152,Other identity only,543
7877,2021,E02004364,2021 super output areas - middle layer,152,Other identity and at least one UK identity,169
7878,2021,E02004364,2021 super output areas - middle layer,152,Non-UK identity only,621
7879,2021,E02004364,2021 super output areas - middle layer,152,UK identity and non-UK identity,187
7880,2021,E02004365,2021 super output areas - middle layer,152,Total: All usual residents,8424
7881,2021,E02004365,2021 super output areas - middle layer,152,British only identity,3890
7882,2021,E02004365,2021 super output areas - middle layer,152,English only identity,1025
7883,2021,E02004365,2021 super output areas - middle layer,152,English and British only identity,988
7884,2021,E02004365,2021 super output areas - middle layer,152,Welsh only identity,17
7885,2021,E02004365,2021 super output areas - middle layer,152,Welsh and British only identity,7
7886,2021,E02004365,2021 super output areas - middle layer,152,Any other combination of only UK identities,90
7887,2021,E02004365,2021 super output areas - middle layer,152,Scottish only identity,41
7888,2021,E02004365,2021 super output areas - middle layer,152,Scottish and British only identity,13
7889,2021,E02004365,2021 super output areas - middle layer,152,Northern Irish only identity,16
7890,2021,E02004365,2021 super output areas - middle layer,152,Northern Irish and British only identity,2
7891,2021,E02004365,2021 super output areas - middle layer,152,Cornish only identity,0
7892,2021,E02004365,2021 super output areas - middle layer,152,Cornish and British only identity,0
7893,2021,E02004365,2021 super output areas - middle layer,152,Any other combination of only UK identities ,18
7894,2021,E02004365,2021 super output areas - middle layer,152,Irish only identity,33
7895,2021,E02004365,2021 super output areas - middle layer,152,Irish and at least one UK identity,18
7896,2021,E02004365,2021 super output areas - middle layer,152,Other identity only,2107
7897,2021,E02004365,2021 super output areas - middle layer,152,Other identity and at least one UK identity,249
7898,2021,E02004365,2021 super output areas - middle layer,152,Non-UK identity only,2140
7899,2021,E02004365,2021 super output areas - middle layer,152,UK identity and non-UK identity,267
7900,2021,E02004366,2021 super output areas - middle layer,152,Total: All usual residents,7644
7901,2021,E02004366,2021 super output areas - middle layer,152,British only identity,3816
7902,2021,E02004366,2021 super output areas - middle layer,152,English only identity,1180
7903,2021,E02004366,2021 super output areas - middle layer,152,English and British only identity,997
7904,2021,E02004366,2021 super output areas - middle layer,152,Welsh only identity,23
7905,2021,E02004366,2021 super output areas - middle layer,152,Welsh and British only identity,5
7906,2021,E02004366,2021 super output areas - middle layer,152,Any other combination of only UK identities,98
7907,2021,E02004366,2021 super output areas - middle layer,152,Scottish only identity,32
7908,2021,E02004366,2021 super output areas - middle layer,152,Scottish and British only identity,28
7909,2021,E02004366,2021 super output areas - middle layer,152,Northern Irish only identity,14
7910,2021,E02004366,2021 super output areas - middle layer,152,Northern Irish and British only identity,8
7911,2021,E02004366,2021 super output areas - middle layer,152,Cornish only identity,0
7912,2021,E02004366,2021 super output areas - middle layer,152,Cornish and British only identity,0
7913,2021,E02004366,2021 super output areas - middle layer,152,Any other combination of only UK identities ,16
7914,2021,E02004366,2021 super output areas - middle layer,152,Irish only identity,53
7915,2021,E02004366,2021 super output areas - middle layer,152,Irish and at least one UK identity,12
7916,2021,E02004366,2021 super output areas - middle layer,152,Other identity only,1241
7917,2021,E02004366,2021 super output areas - middle layer,152,Other identity and at least one UK identity,219
7918,2021,E02004366,2021 super output areas - middle layer,152,Non-UK identity only,1294
7919,2021,E02004366,2021 super output areas - middle layer,152,UK identity and non-UK identity,231
7920,2021,E02004367,2021 super output areas - middle layer,152,Total: All usual residents,6747
7921,2021,E02004367,2021 super output areas - middle layer,152,British only identity,3744
7922,2021,E02004367,2021 super output areas - middle layer,152,English only identity,1273
7923,2021,E02004367,2021 super output areas - middle layer,152,English and British only identity,908
7924,2021,E02004367,2021 super output areas - middle layer,152,Welsh only identity,45
7925,2021,E02004367,2021 super output areas - middle layer,152,Welsh and British only identity,17
7926,2021,E02004367,2021 super output areas - middle layer,152,Any other combination of only UK identities,104
7927,2021,E02004367,2021 super output areas - middle layer,152,Scottish only identity,49
7928,2021,E02004367,2021 super output areas - middle layer,152,Scottish and British only identity,24
7929,2021,E02004367,2021 super output areas - middle layer,152,Northern Irish only identity,16
7930,2021,E02004367,2021 super output areas - middle layer,152,Northern Irish and British only identity,6
7931,2021,E02004367,2021 super output areas - middle layer,152,Cornish only identity,2
7932,2021,E02004367,2021 super output areas - middle layer,152,Cornish and British only identity,0
7933,2021,E02004367,2021 super output areas - middle layer,152,Any other combination of only UK identities ,7
7934,2021,E02004367,2021 super output areas - middle layer,152,Irish only identity,47
7935,2021,E02004367,2021 super output areas - middle layer,152,Irish and at least one UK identity,8
7936,2021,E02004367,2021 super output areas - middle layer,152,Other identity only,488
7937,2021,E02004367,2021 super output areas - middle layer,152,Other identity and at least one UK identity,113
7938,2021,E02004367,2021 super output areas - middle layer,152,Non-UK identity only,535
7939,2021,E02004367,2021 super output areas - middle layer,152,UK identity and non-UK identity,121
7940,2021,E02006857,2021 super output areas - middle layer,152,Total: All usual residents,8994
7941,2021,E02006857,2021 super output areas - middle layer,152,British only identity,4854
7942,2021,E02006857,2021 super output areas - middle layer,152,English only identity,1821
7943,2021,E02006857,2021 super output areas - middle layer,152,English and British only identity,1571
7944,2021,E02006857,2021 super output areas - middle layer,152,Welsh only identity,21
7945,2021,E02006857,2021 super output areas - middle layer,152,Welsh and British only identity,5
7946,2021,E02006857,2021 super output areas - middle layer,152,Any other combination of only UK identities,71
7947,2021,E02006857,2021 super output areas - middle layer,152,Scottish only identity,27
7948,2021,E02006857,2021 super output areas - middle layer,152,Scottish and British only identity,14
7949,2021,E02006857,2021 super output areas - middle layer,152,Northern Irish only identity,8
7950,2021,E02006857,2021 super output areas - middle layer,152,Northern Irish and British only identity,4
7951,2021,E02006857,2021 super output areas - middle layer,152,Cornish only identity,0
7952,2021,E02006857,2021 super output areas - middle layer,152,Cornish and British only identity,0
7953,2021,E02006857,2021 super output areas - middle layer,152,Any other combination of only UK identities ,18
7954,2021,E02006857,2021 super output areas - middle layer,152,Irish only identity,47
7955,2021,E02006857,2021 super output areas - middle layer,152,Irish and at least one UK identity,8
7956,2021,E02006857,2021 super output areas - middle layer,152,Other identity only,465
7957,2021,E02006857,2021 super output areas - middle layer,152,Other identity and at least one UK identity,131
7958,2021,E02006857,2021 super output areas - middle layer,152,Non-UK identity only,512
7959,2021,E02006857,2021 super output areas - middle layer,152,UK identity and non-UK identity,139
7960,2021,E02006858,2021 super output areas - middle layer,152,Total: All usual residents,6830
7961,2021,E02006858,2021 super output areas - middle layer,152,British only identity,3734
7962,2021,E02006858,2021 super output areas - middle layer,152,English only identity,1422
7963,2021,E02006858,2021 super output areas - middle layer,152,English and British only identity,964
7964,2021,E02006858,2021 super output areas - middle layer,152,Welsh only identity,26
7965,2021,E02006858,2021 super output areas - middle layer,152,Welsh and British only identity,13
7966,2021,E02006858,2021 super output areas - middle layer,152,Any other combination of only UK identities,73
7967,2021,E02006858,2021 super output areas - middle layer,152,Scottish only identity,36
7968,2021,E02006858,2021 super output areas - middle layer,152,Scottish and British only identity,6
7969,2021,E02006858,2021 super output areas - middle layer,152,Northern Irish only identity,13
7970,2021,E02006858,2021 super output areas - middle layer,152,Northern Irish and British only identity,9
7971,2021,E02006858,2021 super output areas - middle layer,152,Cornish only identity,0
7972,2021,E02006858,2021 super output areas - middle layer,152,Cornish and British only identity,0
7973,2021,E02006858,2021 super output areas - middle layer,152,Any other combination of only UK identities ,9
7974,2021,E02006858,2021 super output areas - middle layer,152,Irish only identity,30
7975,2021,E02006858,2021 super output areas - middle layer,152,Irish and at least one UK identity,9
7976,2021,E02006858,2021 super output areas - middle layer,152,Other identity only,463
7977,2021,E02006858,2021 super output areas - middle layer,152,Other identity and at least one UK identity,96
7978,2021,E02006858,2021 super output areas - middle layer,152,Non-UK identity only,493
7979,2021,E02006858,2021 super output areas - middle layer,152,UK identity and non-UK identity,105
7980,2021,E02004368,2021 super output areas - middle layer,152,Total: All usual residents,8296
7981,2021,E02004368,2021 super output areas - middle layer,152,British only identity,4877
7982,2021,E02004368,2021 super output areas - middle layer,152,English only identity,1500
7983,2021,E02004368,2021 super output areas - middle layer,152,English and British only identity,1396
7984,2021,E02004368,2021 super output areas - middle layer,152,Welsh only identity,17
7985,2021,E02004368,2021 super output areas - middle layer,152,Welsh and British only identity,7
7986,2021,E02004368,2021 super output areas - middle layer,152,Any other combination of only UK identities,54
7987,2021,E02004368,2021 super output areas - middle layer,152,Scottish only identity,17
7988,2021,E02004368,2021 super output areas - middle layer,152,Scottish and British only identity,9
7989,2021,E02004368,2021 super output areas - middle layer,152,Northern Irish only identity,16
7990,2021,E02004368,2021 super output areas - middle layer,152,Northern Irish and British only identity,2
7991,2021,E02004368,2021 super output areas - middle layer,152,Cornish only identity,2
7992,2021,E02004368,2021 super output areas - middle layer,152,Cornish and British only identity,0
7993,2021,E02004368,2021 super output areas - middle layer,152,Any other combination of only UK identities ,8
7994,2021,E02004368,2021 super output areas - middle layer,152,Irish only identity,13
7995,2021,E02004368,2021 super output areas - middle layer,152,Irish and at least one UK identity,11
7996,2021,E02004368,2021 super output areas - middle layer,152,Other identity only,325
7997,2021,E02004368,2021 super output areas - middle layer,152,Other identity and at least one UK identity,96
7998,2021,E02004368,2021 super output areas - middle layer,152,Non-UK identity only,338
7999,2021,E02004368,2021 super output areas - middle layer,152,UK identity and non-UK identity,107
8000,2021,E02004369,2021 super output areas - middle layer,152,Total: All usual residents,10048
8001,2021,E02004369,2021 super output areas - middle layer,152,British only identity,5788
8002,2021,E02004369,2021 super output areas - middle layer,152,English only identity,2138
8003,2021,E02004369,2021 super output areas - middle layer,152,English and British only identity,1526
8004,2021,E02004369,2021 super output areas - middle layer,152,Welsh only identity,27
8005,2021,E02004369,2021 super output areas - middle layer,152,Welsh and British only identity,10
8006,2021,E02004369,2021 super output areas - middle layer,152,Any other combination of only UK identities,75
8007,2021,E02004369,2021 super output areas - middle layer,152,Scottish only identity,40
8008,2021,E02004369,2021 super output areas - middle layer,152,Scottish and British only identity,14
8009,2021,E02004369,2021 super output areas - middle layer,152,Northern Irish only identity,6
8010,2021,E02004369,2021 super output areas - middle layer,152,Northern Irish and British only identity,5
8011,2021,E02004369,2021 super output areas - middle layer,152,Cornish only identity,1
8012,2021,E02004369,2021 super output areas - middle layer,152,Cornish and British only identity,0
8013,2021,E02004369,2021 super output areas - middle layer,152,Any other combination of only UK identities ,9
8014,2021,E02004369,2021 super output areas - middle layer,152,Irish only identity,36
8015,2021,E02004369,2021 super output areas - middle layer,152,Irish and at least one UK identity,8
8016,2021,E02004369,2021 super output areas - middle layer,152,Other identity only,341
8017,2021,E02004369,2021 super output areas - middle layer,152,Other identity and at least one UK identity,99
8018,2021,E02004369,2021 super output areas - middle layer,152,Non-UK identity only,377
8019,2021,E02004369,2021 super output areas - middle layer,152,UK identity and non-UK identity,107
8020,2021,E02004370,2021 super output areas - middle layer,152,Total: All usual residents,8106
8021,2021,E02004370,2021 super output areas - middle layer,152,British only identity,4769
8022,2021,E02004370,2021 super output areas - middle layer,152,English only identity,1415
8023,2021,E02004370,2021 super output areas - middle layer,152,English and British only identity,1451
8024,2021,E02004370,2021 super output areas - middle layer,152,Welsh only identity,15
8025,2021,E02004370,2021 super output areas - middle layer,152,Welsh and British only identity,8
8026,2021,E02004370,2021 super output areas - middle layer,152,Any other combination of only UK identities,66
8027,2021,E02004370,2021 super output areas - middle layer,152,Scottish only identity,29
8028,2021,E02004370,2021 super output areas - middle layer,152,Scottish and British only identity,9
8029,2021,E02004370,2021 super output areas - middle layer,152,Northern Irish only identity,12
8030,2021,E02004370,2021 super output areas - middle layer,152,Northern Irish and British only identity,3
8031,2021,E02004370,2021 super output areas - middle layer,152,Cornish only identity,0
8032,2021,E02004370,2021 super output areas - middle layer,152,Cornish and British only identity,1
8033,2021,E02004370,2021 super output areas - middle layer,152,Any other combination of only UK identities ,12
8034,2021,E02004370,2021 super output areas - middle layer,152,Irish only identity,20
8035,2021,E02004370,2021 super output areas - middle layer,152,Irish and at least one UK identity,1
8036,2021,E02004370,2021 super output areas - middle layer,152,Other identity only,298
8037,2021,E02004370,2021 super output areas - middle layer,152,Other identity and at least one UK identity,63
8038,2021,E02004370,2021 super output areas - middle layer,152,Non-UK identity only,318
8039,2021,E02004370,2021 super output areas - middle layer,152,UK identity and non-UK identity,64
8040,2021,E02004371,2021 super output areas - middle layer,152,Total: All usual residents,7134
8041,2021,E02004371,2021 super output areas - middle layer,152,British only identity,4202
8042,2021,E02004371,2021 super output areas - middle layer,152,English only identity,1275
8043,2021,E02004371,2021 super output areas - middle layer,152,English and British only identity,1215
8044,2021,E02004371,2021 super output areas - middle layer,152,Welsh only identity,18
8045,2021,E02004371,2021 super output areas - middle layer,152,Welsh and British only identity,6
8046,2021,E02004371,2021 super output areas - middle layer,152,Any other combination of only UK identities,38
8047,2021,E02004371,2021 super output areas - middle layer,152,Scottish only identity,17
8048,2021,E02004371,2021 super output areas - middle layer,152,Scottish and British only identity,3
8049,2021,E02004371,2021 super output areas - middle layer,152,Northern Irish only identity,11
8050,2021,E02004371,2021 super output areas - middle layer,152,Northern Irish and British only identity,1
8051,2021,E02004371,2021 super output areas - middle layer,152,Cornish only identity,0
8052,2021,E02004371,2021 super output areas - middle layer,152,Cornish and British only identity,0
8053,2021,E02004371,2021 super output areas - middle layer,152,Any other combination of only UK identities ,6
8054,2021,E02004371,2021 super output areas - middle layer,152,Irish only identity,11
8055,2021,E02004371,2021 super output areas - middle layer,152,Irish and at least one UK identity,6
8056,2021,E02004371,2021 super output areas - middle layer,152,Other identity only,293
8057,2021,E02004371,2021 super output areas - middle layer,152,Other identity and at least one UK identity,70
8058,2021,E02004371,2021 super output areas - middle layer,152,Non-UK identity only,304
8059,2021,E02004371,2021 super output areas - middle layer,152,UK identity and non-UK identity,76
8060,2021,E02004372,2021 super output areas - middle layer,152,Total: All usual residents,7149
8061,2021,E02004372,2021 super output areas - middle layer,152,British only identity,4247
8062,2021,E02004372,2021 super output areas - middle layer,152,English only identity,1093
8063,2021,E02004372,2021 super output areas - middle layer,152,English and British only identity,1277
8064,2021,E02004372,2021 super output areas - middle layer,152,Welsh only identity,8
8065,2021,E02004372,2021 super output areas - middle layer,152,Welsh and British only identity,7
8066,2021,E02004372,2021 super output areas - middle layer,152,Any other combination of only UK identities,65
8067,2021,E02004372,2021 super output areas - middle layer,152,Scottish only identity,24
8068,2021,E02004372,2021 super output areas - middle layer,152,Scottish and British only identity,10
8069,2021,E02004372,2021 super output areas - middle layer,152,Northern Irish only identity,10
8070,2021,E02004372,2021 super output areas - middle layer,152,Northern Irish and British only identity,4
8071,2021,E02004372,2021 super output areas - middle layer,152,Cornish only identity,0
8072,2021,E02004372,2021 super output areas - middle layer,152,Cornish and British only identity,0
8073,2021,E02004372,2021 super output areas - middle layer,152,Any other combination of only UK identities ,17
8074,2021,E02004372,2021 super output areas - middle layer,152,Irish only identity,23
8075,2021,E02004372,2021 super output areas - middle layer,152,Irish and at least one UK identity,8
8076,2021,E02004372,2021 super output areas - middle layer,152,Other identity only,345
8077,2021,E02004372,2021 super output areas - middle layer,152,Other identity and at least one UK identity,76
8078,2021,E02004372,2021 super output areas - middle layer,152,Non-UK identity only,368
8079,2021,E02004372,2021 super output areas - middle layer,152,UK identity and non-UK identity,84
8080,2021,E02004373,2021 super output areas - middle layer,152,Total: All usual residents,8798
8081,2021,E02004373,2021 super output areas - middle layer,152,British only identity,5193
8082,2021,E02004373,2021 super output areas - middle layer,152,English only identity,1556
8083,2021,E02004373,2021 super output areas - middle layer,152,English and British only identity,1392
8084,2021,E02004373,2021 super output areas - middle layer,152,Welsh only identity,22
8085,2021,E02004373,2021 super output areas - middle layer,152,Welsh and British only identity,7
8086,2021,E02004373,2021 super output areas - middle layer,152,Any other combination of only UK identities,71
8087,2021,E02004373,2021 super output areas - middle layer,152,Scottish only identity,39
8088,2021,E02004373,2021 super output areas - middle layer,152,Scottish and British only identity,9
8089,2021,E02004373,2021 super output areas - middle layer,152,Northern Irish only identity,8
8090,2021,E02004373,2021 super output areas - middle layer,152,Northern Irish and British only identity,2
8091,2021,E02004373,2021 super output areas - middle layer,152,Cornish only identity,1
8092,2021,E02004373,2021 super output areas - middle layer,152,Cornish and British only identity,0
8093,2021,E02004373,2021 super output areas - middle layer,152,Any other combination of only UK identities ,12
8094,2021,E02004373,2021 super output areas - middle layer,152,Irish only identity,35
8095,2021,E02004373,2021 super output areas - middle layer,152,Irish and at least one UK identity,8
8096,2021,E02004373,2021 super output areas - middle layer,152,Other identity only,398
8097,2021,E02004373,2021 super output areas - middle layer,152,Other identity and at least one UK identity,116
8098,2021,E02004373,2021 super output areas - middle layer,152,Non-UK identity only,433
8099,2021,E02004373,2021 super output areas - middle layer,152,UK identity and non-UK identity,124
8100,2021,E02004374,2021 super output areas - middle layer,152,Total: All usual residents,7294
8101,2021,E02004374,2021 super output areas - middle layer,152,British only identity,4313
8102,2021,E02004374,2021 super output areas - middle layer,152,English only identity,1211
8103,2021,E02004374,2021 super output areas - middle layer,152,English and British only identity,1032
8104,2021,E02004374,2021 super output areas - middle layer,152,Welsh only identity,16
8105,2021,E02004374,2021 super output areas - middle layer,152,Welsh and British only identity,6
8106,2021,E02004374,2021 super output areas - middle layer,152,Any other combination of only UK identities,98
8107,2021,E02004374,2021 super output areas - middle layer,152,Scottish only identity,47
8108,2021,E02004374,2021 super output areas - middle layer,152,Scottish and British only identity,11
8109,2021,E02004374,2021 super output areas - middle layer,152,Northern Irish only identity,15
8110,2021,E02004374,2021 super output areas - middle layer,152,Northern Irish and British only identity,4
8111,2021,E02004374,2021 super output areas - middle layer,152,Cornish only identity,2
8112,2021,E02004374,2021 super output areas - middle layer,152,Cornish and British only identity,0
8113,2021,E02004374,2021 super output areas - middle layer,152,Any other combination of only UK identities ,19
8114,2021,E02004374,2021 super output areas - middle layer,152,Irish only identity,43
8115,2021,E02004374,2021 super output areas - middle layer,152,Irish and at least one UK identity,11
8116,2021,E02004374,2021 super output areas - middle layer,152,Other identity only,426
8117,2021,E02004374,2021 super output areas - middle layer,152,Other identity and at least one UK identity,138
8118,2021,E02004374,2021 super output areas - middle layer,152,Non-UK identity only,469
8119,2021,E02004374,2021 super output areas - middle layer,152,UK identity and non-UK identity,149
8120,2021,E02004375,2021 super output areas - middle layer,152,Total: All usual residents,8361
8121,2021,E02004375,2021 super output areas - middle layer,152,British only identity,4788
8122,2021,E02004375,2021 super output areas - middle layer,152,English only identity,1268
8123,2021,E02004375,2021 super output areas - middle layer,152,English and British only identity,1101
8124,2021,E02004375,2021 super output areas - middle layer,152,Welsh only identity,28
8125,2021,E02004375,2021 super output areas - middle layer,152,Welsh and British only identity,19
8126,2021,E02004375,2021 super output areas - middle layer,152,Any other combination of only UK identities,80
8127,2021,E02004375,2021 super output areas - middle layer,152,Scottish only identity,45
8128,2021,E02004375,2021 super output areas - middle layer,152,Scottish and British only identity,8
8129,2021,E02004375,2021 super output areas - middle layer,152,Northern Irish only identity,8
8130,2021,E02004375,2021 super output areas - middle layer,152,Northern Irish and British only identity,6
8131,2021,E02004375,2021 super output areas - middle layer,152,Cornish only identity,1
8132,2021,E02004375,2021 super output areas - middle layer,152,Cornish and British only identity,0
8133,2021,E02004375,2021 super output areas - middle layer,152,Any other combination of only UK identities ,12
8134,2021,E02004375,2021 super output areas - middle layer,152,Irish only identity,68
8135,2021,E02004375,2021 super output areas - middle layer,152,Irish and at least one UK identity,12
8136,2021,E02004375,2021 super output areas - middle layer,152,Other identity only,793
8137,2021,E02004375,2021 super output areas - middle layer,152,Other identity and at least one UK identity,204
8138,2021,E02004375,2021 super output areas - middle layer,152,Non-UK identity only,861
8139,2021,E02004375,2021 super output areas - middle layer,152,UK identity and non-UK identity,216
8140,2021,E02004376,2021 super output areas - middle layer,152,Total: All usual residents,6875
8141,2021,E02004376,2021 super output areas - middle layer,152,British only identity,3786
8142,2021,E02004376,2021 super output areas - middle layer,152,English only identity,962
8143,2021,E02004376,2021 super output areas - middle layer,152,English and British only identity,824
8144,2021,E02004376,2021 super output areas - middle layer,152,Welsh only identity,23
8145,2021,E02004376,2021 super output areas - middle layer,152,Welsh and British only identity,3
8146,2021,E02004376,2021 super output areas - middle layer,152,Any other combination of only UK identities,84
8147,2021,E02004376,2021 super output areas - middle layer,152,Scottish only identity,40
8148,2021,E02004376,2021 super output areas - middle layer,152,Scottish and British only identity,16
8149,2021,E02004376,2021 super output areas - middle layer,152,Northern Irish only identity,10
8150,2021,E02004376,2021 super output areas - middle layer,152,Northern Irish and British only identity,6
8151,2021,E02004376,2021 super output areas - middle layer,152,Cornish only identity,0
8152,2021,E02004376,2021 super output areas - middle layer,152,Cornish and British only identity,0
8153,2021,E02004376,2021 super output areas - middle layer,152,Any other combination of only UK identities ,12
8154,2021,E02004376,2021 super output areas - middle layer,152,Irish only identity,41
8155,2021,E02004376,2021 super output areas - middle layer,152,Irish and at least one UK identity,16
8156,2021,E02004376,2021 super output areas - middle layer,152,Other identity only,946
8157,2021,E02004376,2021 super output areas - middle layer,152,Other identity and at least one UK identity,190
8158,2021,E02004376,2021 super output areas - middle layer,152,Non-UK identity only,987
8159,2021,E02004376,2021 super output areas - middle layer,152,UK identity and non-UK identity,206
8160,2021,E02004377,2021 super output areas - middle layer,152,Total: All usual residents,10708
8161,2021,E02004377,2021 super output areas - middle layer,152,British only identity,6359
8162,2021,E02004377,2021 super output areas - middle layer,152,English only identity,1932
8163,2021,E02004377,2021 super output areas - middle layer,152,English and British only identity,1574
8164,2021,E02004377,2021 super output areas - middle layer,152,Welsh only identity,20
8165,2021,E02004377,2021 super output areas - middle layer,152,Welsh and British only identity,7
8166,2021,E02004377,2021 super output areas - middle layer,152,Any other combination of only UK identities,85
8167,2021,E02004377,2021 super output areas - middle layer,152,Scottish only identity,39
8168,2021,E02004377,2021 super output areas - middle layer,152,Scottish and British only identity,16
8169,2021,E02004377,2021 super output areas - middle layer,152,Northern Irish only identity,13
8170,2021,E02004377,2021 super output areas - middle layer,152,Northern Irish and British only identity,6
8171,2021,E02004377,2021 super output areas - middle layer,152,Cornish only identity,1
8172,2021,E02004377,2021 super output areas - middle layer,152,Cornish and British only identity,0
8173,2021,E02004377,2021 super output areas - middle layer,152,Any other combination of only UK identities ,10
8174,2021,E02004377,2021 super output areas - middle layer,152,Irish only identity,47
8175,2021,E02004377,2021 super output areas - middle layer,152,Irish and at least one UK identity,10
8176,2021,E02004377,2021 super output areas - middle layer,152,Other identity only,522
8177,2021,E02004377,2021 super output areas - middle layer,152,Other identity and at least one UK identity,152
8178,2021,E02004377,2021 super output areas - middle layer,152,Non-UK identity only,569
8179,2021,E02004377,2021 super output areas - middle layer,152,UK identity and non-UK identity,162
8180,2021,E02004378,2021 super output areas - middle layer,152,Total: All usual residents,8219
8181,2021,E02004378,2021 super output areas - middle layer,152,British only identity,4396
8182,2021,E02004378,2021 super output areas - middle layer,152,English only identity,1127
8183,2021,E02004378,2021 super output areas - middle layer,152,English and British only identity,905
8184,2021,E02004378,2021 super output areas - middle layer,152,Welsh only identity,22
8185,2021,E02004378,2021 super output areas - middle layer,152,Welsh and British only identity,13
8186,2021,E02004378,2021 super output areas - middle layer,152,Any other combination of only UK identities,88
8187,2021,E02004378,2021 super output areas - middle layer,152,Scottish only identity,43
8188,2021,E02004378,2021 super output areas - middle layer,152,Scottish and British only identity,17
8189,2021,E02004378,2021 super output areas - middle layer,152,Northern Irish only identity,9
8190,2021,E02004378,2021 super output areas - middle layer,152,Northern Irish and British only identity,2
8191,2021,E02004378,2021 super output areas - middle layer,152,Cornish only identity,0
8192,2021,E02004378,2021 super output areas - middle layer,152,Cornish and British only identity,0
8193,2021,E02004378,2021 super output areas - middle layer,152,Any other combination of only UK identities ,17
8194,2021,E02004378,2021 super output areas - middle layer,152,Irish only identity,49
8195,2021,E02004378,2021 super output areas - middle layer,152,Irish and at least one UK identity,18
8196,2021,E02004378,2021 super output areas - middle layer,152,Other identity only,1398
8197,2021,E02004378,2021 super output areas - middle layer,152,Other identity and at least one UK identity,203
8198,2021,E02004378,2021 super output areas - middle layer,152,Non-UK identity only,1447
8199,2021,E02004378,2021 super output areas - middle layer,152,UK identity and non-UK identity,221
8200,2021,E02004379,2021 super output areas - middle layer,152,Total: All usual residents,7650
8201,2021,E02004379,2021 super output areas - middle layer,152,British only identity,4675
8202,2021,E02004379,2021 super output areas - middle layer,152,English only identity,1274
8203,2021,E02004379,2021 super output areas - middle layer,152,English and British only identity,1170
8204,2021,E02004379,2021 super output areas - middle layer,152,Welsh only identity,31
8205,2021,E02004379,2021 super output areas - middle layer,152,Welsh and British only identity,13
8206,2021,E02004379,2021 super output areas - middle layer,152,Any other combination of only UK identities,75
8207,2021,E02004379,2021 super output areas - middle layer,152,Scottish only identity,24
8208,2021,E02004379,2021 super output areas - middle layer,152,Scottish and British only identity,12
8209,2021,E02004379,2021 super output areas - middle layer,152,Northern Irish only identity,12
8210,2021,E02004379,2021 super output areas - middle layer,152,Northern Irish and British only identity,3
8211,2021,E02004379,2021 super output areas - middle layer,152,Cornish only identity,2
8212,2021,E02004379,2021 super output areas - middle layer,152,Cornish and British only identity,0
8213,2021,E02004379,2021 super output areas - middle layer,152,Any other combination of only UK identities ,22
8214,2021,E02004379,2021 super output areas - middle layer,152,Irish only identity,28
8215,2021,E02004379,2021 super output areas - middle layer,152,Irish and at least one UK identity,12
8216,2021,E02004379,2021 super output areas - middle layer,152,Other identity only,227
8217,2021,E02004379,2021 super output areas - middle layer,152,Other identity and at least one UK identity,145
8218,2021,E02004379,2021 super output areas - middle layer,152,Non-UK identity only,255
8219,2021,E02004379,2021 super output areas - middle layer,152,UK identity and non-UK identity,157
8220,2021,E02004380,2021 super output areas - middle layer,152,Total: All usual residents,9643
8221,2021,E02004380,2021 super output areas - middle layer,152,British only identity,5885
8222,2021,E02004380,2021 super output areas - middle layer,152,English only identity,1457
8223,2021,E02004380,2021 super output areas - middle layer,152,English and British only identity,1535
8224,2021,E02004380,2021 super output areas - middle layer,152,Welsh only identity,32
8225,2021,E02004380,2021 super output areas - middle layer,152,Welsh and British only identity,12
8226,2021,E02004380,2021 super output areas - middle layer,152,Any other combination of only UK identities,104
8227,2021,E02004380,2021 super output areas - middle layer,152,Scottish only identity,49
8228,2021,E02004380,2021 super output areas - middle layer,152,Scottish and British only identity,24
8229,2021,E02004380,2021 super output areas - middle layer,152,Northern Irish only identity,12
8230,2021,E02004380,2021 super output areas - middle layer,152,Northern Irish and British only identity,4
8231,2021,E02004380,2021 super output areas - middle layer,152,Cornish only identity,0
8232,2021,E02004380,2021 super output areas - middle layer,152,Cornish and British only identity,0
8233,2021,E02004380,2021 super output areas - middle layer,152,Any other combination of only UK identities ,15
8234,2021,E02004380,2021 super output areas - middle layer,152,Irish only identity,59
8235,2021,E02004380,2021 super output areas - middle layer,152,Irish and at least one UK identity,21
8236,2021,E02004380,2021 super output areas - middle layer,152,Other identity only,357
8237,2021,E02004380,2021 super output areas - middle layer,152,Other identity and at least one UK identity,181
8238,2021,E02004380,2021 super output areas - middle layer,152,Non-UK identity only,416
8239,2021,E02004380,2021 super output areas - middle layer,152,UK identity and non-UK identity,202
8240,2021,E02004381,2021 super output areas - middle layer,152,Total: All usual residents,9379
8241,2021,E02004381,2021 super output areas - middle layer,152,British only identity,5558
8242,2021,E02004381,2021 super output areas - middle layer,152,English only identity,1407
8243,2021,E02004381,2021 super output areas - middle layer,152,English and British only identity,1284
8244,2021,E02004381,2021 super output areas - middle layer,152,Welsh only identity,26
8245,2021,E02004381,2021 super output areas - middle layer,152,Welsh and British only identity,18
8246,2021,E02004381,2021 super output areas - middle layer,152,Any other combination of only UK identities,111
8247,2021,E02004381,2021 super output areas - middle layer,152,Scottish only identity,44
8248,2021,E02004381,2021 super output areas - middle layer,152,Scottish and British only identity,22
8249,2021,E02004381,2021 super output areas - middle layer,152,Northern Irish only identity,14
8250,2021,E02004381,2021 super output areas - middle layer,152,Northern Irish and British only identity,1
8251,2021,E02004381,2021 super output areas - middle layer,152,Cornish only identity,0
8252,2021,E02004381,2021 super output areas - middle layer,152,Cornish and British only identity,2
8253,2021,E02004381,2021 super output areas - middle layer,152,Any other combination of only UK identities ,28
8254,2021,E02004381,2021 super output areas - middle layer,152,Irish only identity,26
8255,2021,E02004381,2021 super output areas - middle layer,152,Irish and at least one UK identity,32
8256,2021,E02004381,2021 super output areas - middle layer,152,Other identity only,554
8257,2021,E02004381,2021 super output areas - middle layer,152,Other identity and at least one UK identity,363
8258,2021,E02004381,2021 super output areas - middle layer,152,Non-UK identity only,580
8259,2021,E02004381,2021 super output areas - middle layer,152,UK identity and non-UK identity,395
8260,2021,E02004382,2021 super output areas - middle layer,152,Total: All usual residents,6513
8261,2021,E02004382,2021 super output areas - middle layer,152,British only identity,3842
8262,2021,E02004382,2021 super output areas - middle layer,152,English only identity,1238
8263,2021,E02004382,2021 super output areas - middle layer,152,English and British only identity,986
8264,2021,E02004382,2021 super output areas - middle layer,152,Welsh only identity,14
8265,2021,E02004382,2021 super output areas - middle layer,152,Welsh and British only identity,6
8266,2021,E02004382,2021 super output areas - middle layer,152,Any other combination of only UK identities,72
8267,2021,E02004382,2021 super output areas - middle layer,152,Scottish only identity,29
8268,2021,E02004382,2021 super output areas - middle layer,152,Scottish and British only identity,11
8269,2021,E02004382,2021 super output areas - middle layer,152,Northern Irish only identity,9
8270,2021,E02004382,2021 super output areas - middle layer,152,Northern Irish and British only identity,8
8271,2021,E02004382,2021 super output areas - middle layer,152,Cornish only identity,5
8272,2021,E02004382,2021 super output areas - middle layer,152,Cornish and British only identity,0
8273,2021,E02004382,2021 super output areas - middle layer,152,Any other combination of only UK identities ,10
8274,2021,E02004382,2021 super output areas - middle layer,152,Irish only identity,16
8275,2021,E02004382,2021 super output areas - middle layer,152,Irish and at least one UK identity,2
8276,2021,E02004382,2021 super output areas - middle layer,152,Other identity only,245
8277,2021,E02004382,2021 super output areas - middle layer,152,Other identity and at least one UK identity,92
8278,2021,E02004382,2021 super output areas - middle layer,152,Non-UK identity only,261
8279,2021,E02004382,2021 super output areas - middle layer,152,UK identity and non-UK identity,94
8280,2021,E02004383,2021 super output areas - middle layer,152,Total: All usual residents,7339
8281,2021,E02004383,2021 super output areas - middle layer,152,British only identity,4469
8282,2021,E02004383,2021 super output areas - middle layer,152,English only identity,953
8283,2021,E02004383,2021 super output areas - middle layer,152,English and British only identity,917
8284,2021,E02004383,2021 super output areas - middle layer,152,Welsh only identity,29
8285,2021,E02004383,2021 super output areas - middle layer,152,Welsh and British only identity,18
8286,2021,E02004383,2021 super output areas - middle layer,152,Any other combination of only UK identities,86
8287,2021,E02004383,2021 super output areas - middle layer,152,Scottish only identity,37
8288,2021,E02004383,2021 super output areas - middle layer,152,Scottish and British only identity,23
8289,2021,E02004383,2021 super output areas - middle layer,152,Northern Irish only identity,9
8290,2021,E02004383,2021 super output areas - middle layer,152,Northern Irish and British only identity,2
8291,2021,E02004383,2021 super output areas - middle layer,152,Cornish only identity,1
8292,2021,E02004383,2021 super output areas - middle layer,152,Cornish and British only identity,0
8293,2021,E02004383,2021 super output areas - middle layer,152,Any other combination of only UK identities ,14
8294,2021,E02004383,2021 super output areas - middle layer,152,Irish only identity,35
8295,2021,E02004383,2021 super output areas - middle layer,152,Irish and at least one UK identity,19
8296,2021,E02004383,2021 super output areas - middle layer,152,Other identity only,522
8297,2021,E02004383,2021 super output areas - middle layer,152,Other identity and at least one UK identity,291
8298,2021,E02004383,2021 super output areas - middle layer,152,Non-UK identity only,557
8299,2021,E02004383,2021 super output areas - middle layer,152,UK identity and non-UK identity,310
8300,2021,E02004384,2021 super output areas - middle layer,152,Total: All usual residents,7395
8301,2021,E02004384,2021 super output areas - middle layer,152,British only identity,4376
8302,2021,E02004384,2021 super output areas - middle layer,152,English only identity,1282
8303,2021,E02004384,2021 super output areas - middle layer,152,English and British only identity,1056
8304,2021,E02004384,2021 super output areas - middle layer,152,Welsh only identity,21
8305,2021,E02004384,2021 super output areas - middle layer,152,Welsh and British only identity,14
8306,2021,E02004384,2021 super output areas - middle layer,152,Any other combination of only UK identities,76
8307,2021,E02004384,2021 super output areas - middle layer,152,Scottish only identity,31
8308,2021,E02004384,2021 super output areas - middle layer,152,Scottish and British only identity,21
8309,2021,E02004384,2021 super output areas - middle layer,152,Northern Irish only identity,12
8310,2021,E02004384,2021 super output areas - middle layer,152,Northern Irish and British only identity,4
8311,2021,E02004384,2021 super output areas - middle layer,152,Cornish only identity,1
8312,2021,E02004384,2021 super output areas - middle layer,152,Cornish and British only identity,0
8313,2021,E02004384,2021 super output areas - middle layer,152,Any other combination of only UK identities ,7
8314,2021,E02004384,2021 super output areas - middle layer,152,Irish only identity,31
8315,2021,E02004384,2021 super output areas - middle layer,152,Irish and at least one UK identity,11
8316,2021,E02004384,2021 super output areas - middle layer,152,Other identity only,388
8317,2021,E02004384,2021 super output areas - middle layer,152,Other identity and at least one UK identity,140
8318,2021,E02004384,2021 super output areas - middle layer,152,Non-UK identity only,419
8319,2021,E02004384,2021 super output areas - middle layer,152,UK identity and non-UK identity,151
8320,2021,E02004385,2021 super output areas - middle layer,152,Total: All usual residents,7661
8321,2021,E02004385,2021 super output areas - middle layer,152,British only identity,4285
8322,2021,E02004385,2021 super output areas - middle layer,152,English only identity,1548
8323,2021,E02004385,2021 super output areas - middle layer,152,English and British only identity,1209
8324,2021,E02004385,2021 super output areas - middle layer,152,Welsh only identity,22
8325,2021,E02004385,2021 super output areas - middle layer,152,Welsh and British only identity,11
8326,2021,E02004385,2021 super output areas - middle layer,152,Any other combination of only UK identities,46
8327,2021,E02004385,2021 super output areas - middle layer,152,Scottish only identity,22
8328,2021,E02004385,2021 super output areas - middle layer,152,Scottish and British only identity,9
8329,2021,E02004385,2021 super output areas - middle layer,152,Northern Irish only identity,3
8330,2021,E02004385,2021 super output areas - middle layer,152,Northern Irish and British only identity,6
8331,2021,E02004385,2021 super output areas - middle layer,152,Cornish only identity,0
8332,2021,E02004385,2021 super output areas - middle layer,152,Cornish and British only identity,0
8333,2021,E02004385,2021 super output areas - middle layer,152,Any other combination of only UK identities ,6
8334,2021,E02004385,2021 super output areas - middle layer,152,Irish only identity,30
8335,2021,E02004385,2021 super output areas - middle layer,152,Irish and at least one UK identity,2
8336,2021,E02004385,2021 super output areas - middle layer,152,Other identity only,397
8337,2021,E02004385,2021 super output areas - middle layer,152,Other identity and at least one UK identity,111
8338,2021,E02004385,2021 super output areas - middle layer,152,Non-UK identity only,427
8339,2021,E02004385,2021 super output areas - middle layer,152,UK identity and non-UK identity,113
8340,2021,E02004386,2021 super output areas - middle layer,152,Total: All usual residents,6621
8341,2021,E02004386,2021 super output areas - middle layer,152,British only identity,3745
8342,2021,E02004386,2021 super output areas - middle layer,152,English only identity,1252
8343,2021,E02004386,2021 super output areas - middle layer,152,English and British only identity,1125
8344,2021,E02004386,2021 super output areas - middle layer,152,Welsh only identity,13
8345,2021,E02004386,2021 super output areas - middle layer,152,Welsh and British only identity,7
8346,2021,E02004386,2021 super output areas - middle layer,152,Any other combination of only UK identities,48
8347,2021,E02004386,2021 super output areas - middle layer,152,Scottish only identity,20
8348,2021,E02004386,2021 super output areas - middle layer,152,Scottish and British only identity,8
8349,2021,E02004386,2021 super output areas - middle layer,152,Northern Irish only identity,6
8350,2021,E02004386,2021 super output areas - middle layer,152,Northern Irish and British only identity,2
8351,2021,E02004386,2021 super output areas - middle layer,152,Cornish only identity,0
8352,2021,E02004386,2021 super output areas - middle layer,152,Cornish and British only identity,0
8353,2021,E02004386,2021 super output areas - middle layer,152,Any other combination of only UK identities ,12
8354,2021,E02004386,2021 super output areas - middle layer,152,Irish only identity,32
8355,2021,E02004386,2021 super output areas - middle layer,152,Irish and at least one UK identity,2
8356,2021,E02004386,2021 super output areas - middle layer,152,Other identity only,322
8357,2021,E02004386,2021 super output areas - middle layer,152,Other identity and at least one UK identity,75
8358,2021,E02004386,2021 super output areas - middle layer,152,Non-UK identity only,354
8359,2021,E02004386,2021 super output areas - middle layer,152,UK identity and non-UK identity,77
8360,2021,E02004387,2021 super output areas - middle layer,152,Total: All usual residents,6072
8361,2021,E02004387,2021 super output areas - middle layer,152,British only identity,3427
8362,2021,E02004387,2021 super output areas - middle layer,152,English only identity,1026
8363,2021,E02004387,2021 super output areas - middle layer,152,English and British only identity,1082
8364,2021,E02004387,2021 super output areas - middle layer,152,Welsh only identity,8
8365,2021,E02004387,2021 super output areas - middle layer,152,Welsh and British only identity,7
8366,2021,E02004387,2021 super output areas - middle layer,152,Any other combination of only UK identities,50
8367,2021,E02004387,2021 super output areas - middle layer,152,Scottish only identity,21
8368,2021,E02004387,2021 super output areas - middle layer,152,Scottish and British only identity,4
8369,2021,E02004387,2021 super output areas - middle layer,152,Northern Irish only identity,6
8370,2021,E02004387,2021 super output areas - middle layer,152,Northern Irish and British only identity,6
8371,2021,E02004387,2021 super output areas - middle layer,152,Cornish only identity,0
8372,2021,E02004387,2021 super output areas - middle layer,152,Cornish and British only identity,0
8373,2021,E02004387,2021 super output areas - middle layer,152,Any other combination of only UK identities ,13
8374,2021,E02004387,2021 super output areas - middle layer,152,Irish only identity,12
8375,2021,E02004387,2021 super output areas - middle layer,152,Irish and at least one UK identity,6
8376,2021,E02004387,2021 super output areas - middle layer,152,Other identity only,375
8377,2021,E02004387,2021 super output areas - middle layer,152,Other identity and at least one UK identity,79
8378,2021,E02004387,2021 super output areas - middle layer,152,Non-UK identity only,387
8379,2021,E02004387,2021 super output areas - middle layer,152,UK identity and non-UK identity,85
8380,2021,E02004388,2021 super output areas - middle layer,152,Total: All usual residents,7773
8381,2021,E02004388,2021 super output areas - middle layer,152,British only identity,4529
8382,2021,E02004388,2021 super output areas - middle layer,152,English only identity,1445
8383,2021,E02004388,2021 super output areas - middle layer,152,English and British only identity,1117
8384,2021,E02004388,2021 super output areas - middle layer,152,Welsh only identity,20
8385,2021,E02004388,2021 super output areas - middle layer,152,Welsh and British only identity,6
8386,2021,E02004388,2021 super output areas - middle layer,152,Any other combination of only UK identities,80
8387,2021,E02004388,2021 super output areas - middle layer,152,Scottish only identity,40
8388,2021,E02004388,2021 super output areas - middle layer,152,Scottish and British only identity,10
8389,2021,E02004388,2021 super output areas - middle layer,152,Northern Irish only identity,9
8390,2021,E02004388,2021 super output areas - middle layer,152,Northern Irish and British only identity,5
8391,2021,E02004388,2021 super output areas - middle layer,152,Cornish only identity,2
8392,2021,E02004388,2021 super output areas - middle layer,152,Cornish and British only identity,0
8393,2021,E02004388,2021 super output areas - middle layer,152,Any other combination of only UK identities ,14
8394,2021,E02004388,2021 super output areas - middle layer,152,Irish only identity,27
8395,2021,E02004388,2021 super output areas - middle layer,152,Irish and at least one UK identity,5
8396,2021,E02004388,2021 super output areas - middle layer,152,Other identity only,424
8397,2021,E02004388,2021 super output areas - middle layer,152,Other identity and at least one UK identity,120
8398,2021,E02004388,2021 super output areas - middle layer,152,Non-UK identity only,451
8399,2021,E02004388,2021 super output areas - middle layer,152,UK identity and non-UK identity,125
8400,2021,E02004389,2021 super output areas - middle layer,152,Total: All usual residents,9339
8401,2021,E02004389,2021 super output areas - middle layer,152,British only identity,5324
8402,2021,E02004389,2021 super output areas - middle layer,152,English only identity,2082
8403,2021,E02004389,2021 super output areas - middle layer,152,English and British only identity,1394
8404,2021,E02004389,2021 super output areas - middle layer,152,Welsh only identity,27
8405,2021,E02004389,2021 super output areas - middle layer,152,Welsh and British only identity,15
8406,2021,E02004389,2021 super output areas - middle layer,152,Any other combination of only UK identities,97
8407,2021,E02004389,2021 super output areas - middle layer,152,Scottish only identity,36
8408,2021,E02004389,2021 super output areas - middle layer,152,Scottish and British only identity,22
8409,2021,E02004389,2021 super output areas - middle layer,152,Northern Irish only identity,19
8410,2021,E02004389,2021 super output areas - middle layer,152,Northern Irish and British only identity,5
8411,2021,E02004389,2021 super output areas - middle layer,152,Cornish only identity,2
8412,2021,E02004389,2021 super output areas - middle layer,152,Cornish and British only identity,1
8413,2021,E02004389,2021 super output areas - middle layer,152,Any other combination of only UK identities ,12
8414,2021,E02004389,2021 super output areas - middle layer,152,Irish only identity,26
8415,2021,E02004389,2021 super output areas - middle layer,152,Irish and at least one UK identity,16
8416,2021,E02004389,2021 super output areas - middle layer,152,Other identity only,271
8417,2021,E02004389,2021 super output areas - middle layer,152,Other identity and at least one UK identity,87
8418,2021,E02004389,2021 super output areas - middle layer,152,Non-UK identity only,297
8419,2021,E02004389,2021 super output areas - middle layer,152,UK identity and non-UK identity,103
8420,2021,E02004390,2021 super output areas - middle layer,152,Total: All usual residents,8037
8421,2021,E02004390,2021 super output areas - middle layer,152,British only identity,4599
8422,2021,E02004390,2021 super output areas - middle layer,152,English only identity,1608
8423,2021,E02004390,2021 super output areas - middle layer,152,English and British only identity,1359
8424,2021,E02004390,2021 super output areas - middle layer,152,Welsh only identity,29
8425,2021,E02004390,2021 super output areas - middle layer,152,Welsh and British only identity,17
8426,2021,E02004390,2021 super output areas - middle layer,152,Any other combination of only UK identities,80
8427,2021,E02004390,2021 super output areas - middle layer,152,Scottish only identity,35
8428,2021,E02004390,2021 super output areas - middle layer,152,Scottish and British only identity,15
8429,2021,E02004390,2021 super output areas - middle layer,152,Northern Irish only identity,12
8430,2021,E02004390,2021 super output areas - middle layer,152,Northern Irish and British only identity,5
8431,2021,E02004390,2021 super output areas - middle layer,152,Cornish only identity,3
8432,2021,E02004390,2021 super output areas - middle layer,152,Cornish and British only identity,0
8433,2021,E02004390,2021 super output areas - middle layer,152,Any other combination of only UK identities ,10
8434,2021,E02004390,2021 super output areas - middle layer,152,Irish only identity,42
8435,2021,E02004390,2021 super output areas - middle layer,152,Irish and at least one UK identity,10
8436,2021,E02004390,2021 super output areas - middle layer,152,Other identity only,208
8437,2021,E02004390,2021 super output areas - middle layer,152,Other identity and at least one UK identity,85
8438,2021,E02004390,2021 super output areas - middle layer,152,Non-UK identity only,250
8439,2021,E02004390,2021 super output areas - middle layer,152,UK identity and non-UK identity,95
8440,2021,E02004391,2021 super output areas - middle layer,152,Total: All usual residents,6488
8441,2021,E02004391,2021 super output areas - middle layer,152,British only identity,3649
8442,2021,E02004391,2021 super output areas - middle layer,152,English only identity,1287
8443,2021,E02004391,2021 super output areas - middle layer,152,English and British only identity,948
8444,2021,E02004391,2021 super output areas - middle layer,152,Welsh only identity,28
8445,2021,E02004391,2021 super output areas - middle layer,152,Welsh and British only identity,12
8446,2021,E02004391,2021 super output areas - middle layer,152,Any other combination of only UK identities,83
8447,2021,E02004391,2021 super output areas - middle layer,152,Scottish only identity,33
8448,2021,E02004391,2021 super output areas - middle layer,152,Scottish and British only identity,25
8449,2021,E02004391,2021 super output areas - middle layer,152,Northern Irish only identity,9
8450,2021,E02004391,2021 super output areas - middle layer,152,Northern Irish and British only identity,4
8451,2021,E02004391,2021 super output areas - middle layer,152,Cornish only identity,0
8452,2021,E02004391,2021 super output areas - middle layer,152,Cornish and British only identity,0
8453,2021,E02004391,2021 super output areas - middle layer,152,Any other combination of only UK identities ,12
8454,2021,E02004391,2021 super output areas - middle layer,152,Irish only identity,39
8455,2021,E02004391,2021 super output areas - middle layer,152,Irish and at least one UK identity,14
8456,2021,E02004391,2021 super output areas - middle layer,152,Other identity only,318
8457,2021,E02004391,2021 super output areas - middle layer,152,Other identity and at least one UK identity,110
8458,2021,E02004391,2021 super output areas - middle layer,152,Non-UK identity only,357
8459,2021,E02004391,2021 super output areas - middle layer,152,UK identity and non-UK identity,124
8460,2021,E02004392,2021 super output areas - middle layer,152,Total: All usual residents,9281
8461,2021,E02004392,2021 super output areas - middle layer,152,British only identity,5498
8462,2021,E02004392,2021 super output areas - middle layer,152,English only identity,1843
8463,2021,E02004392,2021 super output areas - middle layer,152,English and British only identity,1372
8464,2021,E02004392,2021 super output areas - middle layer,152,Welsh only identity,25
8465,2021,E02004392,2021 super output areas - middle layer,152,Welsh and British only identity,17
8466,2021,E02004392,2021 super output areas - middle layer,152,Any other combination of only UK identities,65
8467,2021,E02004392,2021 super output areas - middle layer,152,Scottish only identity,22
8468,2021,E02004392,2021 super output areas - middle layer,152,Scottish and British only identity,6
8469,2021,E02004392,2021 super output areas - middle layer,152,Northern Irish only identity,7
8470,2021,E02004392,2021 super output areas - middle layer,152,Northern Irish and British only identity,15
8471,2021,E02004392,2021 super output areas - middle layer,152,Cornish only identity,1
8472,2021,E02004392,2021 super output areas - middle layer,152,Cornish and British only identity,0
8473,2021,E02004392,2021 super output areas - middle layer,152,Any other combination of only UK identities ,14
8474,2021,E02004392,2021 super output areas - middle layer,152,Irish only identity,46
8475,2021,E02004392,2021 super output areas - middle layer,152,Irish and at least one UK identity,10
8476,2021,E02004392,2021 super output areas - middle layer,152,Other identity only,256
8477,2021,E02004392,2021 super output areas - middle layer,152,Other identity and at least one UK identity,149
8478,2021,E02004392,2021 super output areas - middle layer,152,Non-UK identity only,302
8479,2021,E02004392,2021 super output areas - middle layer,152,UK identity and non-UK identity,159
8480,2021,E02004393,2021 super output areas - middle layer,152,Total: All usual residents,6348
8481,2021,E02004393,2021 super output areas - middle layer,152,British only identity,3604
8482,2021,E02004393,2021 super output areas - middle layer,152,English only identity,1520
8483,2021,E02004393,2021 super output areas - middle layer,152,English and British only identity,906
8484,2021,E02004393,2021 super output areas - middle layer,152,Welsh only identity,11
8485,2021,E02004393,2021 super output areas - middle layer,152,Welsh and British only identity,3
8486,2021,E02004393,2021 super output areas - middle layer,152,Any other combination of only UK identities,53
8487,2021,E02004393,2021 super output areas - middle layer,152,Scottish only identity,25
8488,2021,E02004393,2021 super output areas - middle layer,152,Scottish and British only identity,14
8489,2021,E02004393,2021 super output areas - middle layer,152,Northern Irish only identity,6
8490,2021,E02004393,2021 super output areas - middle layer,152,Northern Irish and British only identity,2
8491,2021,E02004393,2021 super output areas - middle layer,152,Cornish only identity,0
8492,2021,E02004393,2021 super output areas - middle layer,152,Cornish and British only identity,2
8493,2021,E02004393,2021 super output areas - middle layer,152,Any other combination of only UK identities ,4
8494,2021,E02004393,2021 super output areas - middle layer,152,Irish only identity,22
8495,2021,E02004393,2021 super output areas - middle layer,152,Irish and at least one UK identity,5
8496,2021,E02004393,2021 super output areas - middle layer,152,Other identity only,167
8497,2021,E02004393,2021 super output areas - middle layer,152,Other identity and at least one UK identity,57
8498,2021,E02004393,2021 super output areas - middle layer,152,Non-UK identity only,189
8499,2021,E02004393,2021 super output areas - middle layer,152,UK identity and non-UK identity,62
8500,2021,E02004394,2021 super output areas - middle layer,152,Total: All usual residents,7910
8501,2021,E02004394,2021 super output areas - middle layer,152,British only identity,4684
8502,2021,E02004394,2021 super output areas - middle layer,152,English only identity,1618
8503,2021,E02004394,2021 super output areas - middle layer,152,English and British only identity,1170
8504,2021,E02004394,2021 super output areas - middle layer,152,Welsh only identity,26
8505,2021,E02004394,2021 super output areas - middle layer,152,Welsh and British only identity,9
8506,2021,E02004394,2021 super output areas - middle layer,152,Any other combination of only UK identities,52
8507,2021,E02004394,2021 super output areas - middle layer,152,Scottish only identity,20
8508,2021,E02004394,2021 super output areas - middle layer,152,Scottish and British only identity,11
8509,2021,E02004394,2021 super output areas - middle layer,152,Northern Irish only identity,5
8510,2021,E02004394,2021 super output areas - middle layer,152,Northern Irish and British only identity,3
8511,2021,E02004394,2021 super output areas - middle layer,152,Cornish only identity,2
8512,2021,E02004394,2021 super output areas - middle layer,152,Cornish and British only identity,0
8513,2021,E02004394,2021 super output areas - middle layer,152,Any other combination of only UK identities ,11
8514,2021,E02004394,2021 super output areas - middle layer,152,Irish only identity,14
8515,2021,E02004394,2021 super output areas - middle layer,152,Irish and at least one UK identity,13
8516,2021,E02004394,2021 super output areas - middle layer,152,Other identity only,237
8517,2021,E02004394,2021 super output areas - middle layer,152,Other identity and at least one UK identity,87
8518,2021,E02004394,2021 super output areas - middle layer,152,Non-UK identity only,251
8519,2021,E02004394,2021 super output areas - middle layer,152,UK identity and non-UK identity,100
8520,2021,E02004395,2021 super output areas - middle layer,152,Total: All usual residents,7625
8521,2021,E02004395,2021 super output areas - middle layer,152,British only identity,4181
8522,2021,E02004395,2021 super output areas - middle layer,152,English only identity,1781
8523,2021,E02004395,2021 super output areas - middle layer,152,English and British only identity,1187
8524,2021,E02004395,2021 super output areas - middle layer,152,Welsh only identity,28
8525,2021,E02004395,2021 super output areas - middle layer,152,Welsh and British only identity,8
8526,2021,E02004395,2021 super output areas - middle layer,152,Any other combination of only UK identities,63
8527,2021,E02004395,2021 super output areas - middle layer,152,Scottish only identity,26
8528,2021,E02004395,2021 super output areas - middle layer,152,Scottish and British only identity,13
8529,2021,E02004395,2021 super output areas - middle layer,152,Northern Irish only identity,11
8530,2021,E02004395,2021 super output areas - middle layer,152,Northern Irish and British only identity,1
8531,2021,E02004395,2021 super output areas - middle layer,152,Cornish only identity,0
8532,2021,E02004395,2021 super output areas - middle layer,152,Cornish and British only identity,0
8533,2021,E02004395,2021 super output areas - middle layer,152,Any other combination of only UK identities ,12
8534,2021,E02004395,2021 super output areas - middle layer,152,Irish only identity,33
8535,2021,E02004395,2021 super output areas - middle layer,152,Irish and at least one UK identity,2
8536,2021,E02004395,2021 super output areas - middle layer,152,Other identity only,242
8537,2021,E02004395,2021 super output areas - middle layer,152,Other identity and at least one UK identity,100
8538,2021,E02004395,2021 super output areas - middle layer,152,Non-UK identity only,275
8539,2021,E02004395,2021 super output areas - middle layer,152,UK identity and non-UK identity,102
8540,2021,E02004396,2021 super output areas - middle layer,152,Total: All usual residents,9238
8541,2021,E02004396,2021 super output areas - middle layer,152,British only identity,5290
8542,2021,E02004396,2021 super output areas - middle layer,152,English only identity,2087
8543,2021,E02004396,2021 super output areas - middle layer,152,English and British only identity,1330
8544,2021,E02004396,2021 super output areas - middle layer,152,Welsh only identity,26
8545,2021,E02004396,2021 super output areas - middle layer,152,Welsh and British only identity,15
8546,2021,E02004396,2021 super output areas - middle layer,152,Any other combination of only UK identities,60
8547,2021,E02004396,2021 super output areas - middle layer,152,Scottish only identity,20
8548,2021,E02004396,2021 super output areas - middle layer,152,Scottish and British only identity,17
8549,2021,E02004396,2021 super output areas - middle layer,152,Northern Irish only identity,9
8550,2021,E02004396,2021 super output areas - middle layer,152,Northern Irish and British only identity,2
8551,2021,E02004396,2021 super output areas - middle layer,152,Cornish only identity,1
8552,2021,E02004396,2021 super output areas - middle layer,152,Cornish and British only identity,1
8553,2021,E02004396,2021 super output areas - middle layer,152,Any other combination of only UK identities ,10
8554,2021,E02004396,2021 super output areas - middle layer,152,Irish only identity,28
8555,2021,E02004396,2021 super output areas - middle layer,152,Irish and at least one UK identity,9
8556,2021,E02004396,2021 super output areas - middle layer,152,Other identity only,318
8557,2021,E02004396,2021 super output areas - middle layer,152,Other identity and at least one UK identity,75
8558,2021,E02004396,2021 super output areas - middle layer,152,Non-UK identity only,346
8559,2021,E02004396,2021 super output areas - middle layer,152,UK identity and non-UK identity,84
8560,2021,E02004397,2021 super output areas - middle layer,152,Total: All usual residents,8135
8561,2021,E02004397,2021 super output areas - middle layer,152,British only identity,4854
8562,2021,E02004397,2021 super output areas - middle layer,152,English only identity,1583
8563,2021,E02004397,2021 super output areas - middle layer,152,English and British only identity,1238
8564,2021,E02004397,2021 super output areas - middle layer,152,Welsh only identity,18
8565,2021,E02004397,2021 super output areas - middle layer,152,Welsh and British only identity,9
8566,2021,E02004397,2021 super output areas - middle layer,152,Any other combination of only UK identities,58
8567,2021,E02004397,2021 super output areas - middle layer,152,Scottish only identity,29
8568,2021,E02004397,2021 super output areas - middle layer,152,Scottish and British only identity,8
8569,2021,E02004397,2021 super output areas - middle layer,152,Northern Irish only identity,6
8570,2021,E02004397,2021 super output areas - middle layer,152,Northern Irish and British only identity,4
8571,2021,E02004397,2021 super output areas - middle layer,152,Cornish only identity,1
8572,2021,E02004397,2021 super output areas - middle layer,152,Cornish and British only identity,0
8573,2021,E02004397,2021 super output areas - middle layer,152,Any other combination of only UK identities ,10
8574,2021,E02004397,2021 super output areas - middle layer,152,Irish only identity,32
8575,2021,E02004397,2021 super output areas - middle layer,152,Irish and at least one UK identity,7
8576,2021,E02004397,2021 super output areas - middle layer,152,Other identity only,252
8577,2021,E02004397,2021 super output areas - middle layer,152,Other identity and at least one UK identity,84
8578,2021,E02004397,2021 super output areas - middle layer,152,Non-UK identity only,284
8579,2021,E02004397,2021 super output areas - middle layer,152,UK identity and non-UK identity,91
8580,2021,E02004398,2021 super output areas - middle layer,152,Total: All usual residents,9317
8581,2021,E02004398,2021 super output areas - middle layer,152,British only identity,5378
8582,2021,E02004398,2021 super output areas - middle layer,152,English only identity,1808
8583,2021,E02004398,2021 super output areas - middle layer,152,English and British only identity,1703
8584,2021,E02004398,2021 super output areas - middle layer,152,Welsh only identity,19
8585,2021,E02004398,2021 super output areas - middle layer,152,Welsh and British only identity,2
8586,2021,E02004398,2021 super output areas - middle layer,152,Any other combination of only UK identities,57
8587,2021,E02004398,2021 super output areas - middle layer,152,Scottish only identity,17
8588,2021,E02004398,2021 super output areas - middle layer,152,Scottish and British only identity,14
8589,2021,E02004398,2021 super output areas - middle layer,152,Northern Irish only identity,8
8590,2021,E02004398,2021 super output areas - middle layer,152,Northern Irish and British only identity,5
8591,2021,E02004398,2021 super output areas - middle layer,152,Cornish only identity,0
8592,2021,E02004398,2021 super output areas - middle layer,152,Cornish and British only identity,0
8593,2021,E02004398,2021 super output areas - middle layer,152,Any other combination of only UK identities ,13
8594,2021,E02004398,2021 super output areas - middle layer,152,Irish only identity,26
8595,2021,E02004398,2021 super output areas - middle layer,152,Irish and at least one UK identity,8
8596,2021,E02004398,2021 super output areas - middle layer,152,Other identity only,262
8597,2021,E02004398,2021 super output areas - middle layer,152,Other identity and at least one UK identity,54
8598,2021,E02004398,2021 super output areas - middle layer,152,Non-UK identity only,288
8599,2021,E02004398,2021 super output areas - middle layer,152,UK identity and non-UK identity,62
8600,2021,E02004399,2021 super output areas - middle layer,152,Total: All usual residents,8050
8601,2021,E02004399,2021 super output areas - middle layer,152,British only identity,4573
8602,2021,E02004399,2021 super output areas - middle layer,152,English only identity,1759
8603,2021,E02004399,2021 super output areas - middle layer,152,English and British only identity,1187
8604,2021,E02004399,2021 super output areas - middle layer,152,Welsh only identity,22
8605,2021,E02004399,2021 super output areas - middle layer,152,Welsh and British only identity,5
8606,2021,E02004399,2021 super output areas - middle layer,152,Any other combination of only UK identities,75
8607,2021,E02004399,2021 super output areas - middle layer,152,Scottish only identity,28
8608,2021,E02004399,2021 super output areas - middle layer,152,Scottish and British only identity,19
8609,2021,E02004399,2021 super output areas - middle layer,152,Northern Irish only identity,10
8610,2021,E02004399,2021 super output areas - middle layer,152,Northern Irish and British only identity,3
8611,2021,E02004399,2021 super output areas - middle layer,152,Cornish only identity,0
8612,2021,E02004399,2021 super output areas - middle layer,152,Cornish and British only identity,1
8613,2021,E02004399,2021 super output areas - middle layer,152,Any other combination of only UK identities ,14
8614,2021,E02004399,2021 super output areas - middle layer,152,Irish only identity,32
8615,2021,E02004399,2021 super output areas - middle layer,152,Irish and at least one UK identity,8
8616,2021,E02004399,2021 super output areas - middle layer,152,Other identity only,298
8617,2021,E02004399,2021 super output areas - middle layer,152,Other identity and at least one UK identity,91
8618,2021,E02004399,2021 super output areas - middle layer,152,Non-UK identity only,330
8619,2021,E02004399,2021 super output areas - middle layer,152,UK identity and non-UK identity,99
8620,2021,E02004400,2021 super output areas - middle layer,152,Total: All usual residents,10531
8621,2021,E02004400,2021 super output areas - middle layer,152,British only identity,5823
8622,2021,E02004400,2021 super output areas - middle layer,152,English only identity,2596
8623,2021,E02004400,2021 super output areas - middle layer,152,English and British only identity,1587
8624,2021,E02004400,2021 super output areas - middle layer,152,Welsh only identity,42
8625,2021,E02004400,2021 super output areas - middle layer,152,Welsh and British only identity,14
8626,2021,E02004400,2021 super output areas - middle layer,152,Any other combination of only UK identities,127
8627,2021,E02004400,2021 super output areas - middle layer,152,Scottish only identity,38
8628,2021,E02004400,2021 super output areas - middle layer,152,Scottish and British only identity,39
8629,2021,E02004400,2021 super output areas - middle layer,152,Northern Irish only identity,20
8630,2021,E02004400,2021 super output areas - middle layer,152,Northern Irish and British only identity,9
8631,2021,E02004400,2021 super output areas - middle layer,152,Cornish only identity,1
8632,2021,E02004400,2021 super output areas - middle layer,152,Cornish and British only identity,0
8633,2021,E02004400,2021 super output areas - middle layer,152,Any other combination of only UK identities ,20
8634,2021,E02004400,2021 super output areas - middle layer,152,Irish only identity,46
8635,2021,E02004400,2021 super output areas - middle layer,152,Irish and at least one UK identity,7
8636,2021,E02004400,2021 super output areas - middle layer,152,Other identity only,215
8637,2021,E02004400,2021 super output areas - middle layer,152,Other identity and at least one UK identity,74
8638,2021,E02004400,2021 super output areas - middle layer,152,Non-UK identity only,261
8639,2021,E02004400,2021 super output areas - middle layer,152,UK identity and non-UK identity,81
8640,2021,E02004401,2021 super output areas - middle layer,152,Total: All usual residents,7711
8641,2021,E02004401,2021 super output areas - middle layer,152,British only identity,4269
8642,2021,E02004401,2021 super output areas - middle layer,152,English only identity,1938
8643,2021,E02004401,2021 super output areas - middle layer,152,English and British only identity,1063
8644,2021,E02004401,2021 super output areas - middle layer,152,Welsh only identity,33
8645,2021,E02004401,2021 super output areas - middle layer,152,Welsh and British only identity,6
8646,2021,E02004401,2021 super output areas - middle layer,152,Any other combination of only UK identities,79
8647,2021,E02004401,2021 super output areas - middle layer,152,Scottish only identity,44
8648,2021,E02004401,2021 super output areas - middle layer,152,Scottish and British only identity,12
8649,2021,E02004401,2021 super output areas - middle layer,152,Northern Irish only identity,6
8650,2021,E02004401,2021 super output areas - middle layer,152,Northern Irish and British only identity,3
8651,2021,E02004401,2021 super output areas - middle layer,152,Cornish only identity,1
8652,2021,E02004401,2021 super output areas - middle layer,152,Cornish and British only identity,0
8653,2021,E02004401,2021 super output areas - middle layer,152,Any other combination of only UK identities ,13
8654,2021,E02004401,2021 super output areas - middle layer,152,Irish only identity,48
8655,2021,E02004401,2021 super output areas - middle layer,152,Irish and at least one UK identity,9
8656,2021,E02004401,2021 super output areas - middle layer,152,Other identity only,201
8657,2021,E02004401,2021 super output areas - middle layer,152,Other identity and at least one UK identity,65
8658,2021,E02004401,2021 super output areas - middle layer,152,Non-UK identity only,249
8659,2021,E02004401,2021 super output areas - middle layer,152,UK identity and non-UK identity,74
8660,2021,E02004402,2021 super output areas - middle layer,152,Total: All usual residents,8959
8661,2021,E02004402,2021 super output areas - middle layer,152,British only identity,4996
8662,2021,E02004402,2021 super output areas - middle layer,152,English only identity,1823
8663,2021,E02004402,2021 super output areas - middle layer,152,English and British only identity,1226
8664,2021,E02004402,2021 super output areas - middle layer,152,Welsh only identity,30
8665,2021,E02004402,2021 super output areas - middle layer,152,Welsh and British only identity,9
8666,2021,E02004402,2021 super output areas - middle layer,152,Any other combination of only UK identities,97
8667,2021,E02004402,2021 super output areas - middle layer,152,Scottish only identity,51
8668,2021,E02004402,2021 super output areas - middle layer,152,Scottish and British only identity,16
8669,2021,E02004402,2021 super output areas - middle layer,152,Northern Irish only identity,11
8670,2021,E02004402,2021 super output areas - middle layer,152,Northern Irish and British only identity,8
8671,2021,E02004402,2021 super output areas - middle layer,152,Cornish only identity,0
8672,2021,E02004402,2021 super output areas - middle layer,152,Cornish and British only identity,0
8673,2021,E02004402,2021 super output areas - middle layer,152,Any other combination of only UK identities ,11
8674,2021,E02004402,2021 super output areas - middle layer,152,Irish only identity,55
8675,2021,E02004402,2021 super output areas - middle layer,152,Irish and at least one UK identity,8
8676,2021,E02004402,2021 super output areas - middle layer,152,Other identity only,596
8677,2021,E02004402,2021 super output areas - middle layer,152,Other identity and at least one UK identity,119
8678,2021,E02004402,2021 super output areas - middle layer,152,Non-UK identity only,651
8679,2021,E02004402,2021 super output areas - middle layer,152,UK identity and non-UK identity,127
8680,2021,E02004403,2021 super output areas - middle layer,152,Total: All usual residents,6435
8681,2021,E02004403,2021 super output areas - middle layer,152,British only identity,3779
8682,2021,E02004403,2021 super output areas - middle layer,152,English only identity,1075
8683,2021,E02004403,2021 super output areas - middle layer,152,English and British only identity,769
8684,2021,E02004403,2021 super output areas - middle layer,152,Welsh only identity,19
8685,2021,E02004403,2021 super output areas - middle layer,152,Welsh and British only identity,10
8686,2021,E02004403,2021 super output areas - middle layer,152,Any other combination of only UK identities,66
8687,2021,E02004403,2021 super output areas - middle layer,152,Scottish only identity,31
8688,2021,E02004403,2021 super output areas - middle layer,152,Scottish and British only identity,17
8689,2021,E02004403,2021 super output areas - middle layer,152,Northern Irish only identity,6
8690,2021,E02004403,2021 super output areas - middle layer,152,Northern Irish and British only identity,0
8691,2021,E02004403,2021 super output areas - middle layer,152,Cornish only identity,0
8692,2021,E02004403,2021 super output areas - middle layer,152,Cornish and British only identity,0
8693,2021,E02004403,2021 super output areas - middle layer,152,Any other combination of only UK identities ,12
8694,2021,E02004403,2021 super output areas - middle layer,152,Irish only identity,35
8695,2021,E02004403,2021 super output areas - middle layer,152,Irish and at least one UK identity,8
8696,2021,E02004403,2021 super output areas - middle layer,152,Other identity only,483
8697,2021,E02004403,2021 super output areas - middle layer,152,Other identity and at least one UK identity,191
8698,2021,E02004403,2021 super output areas - middle layer,152,Non-UK identity only,518
8699,2021,E02004403,2021 super output areas - middle layer,152,UK identity and non-UK identity,199
8700,2021,E02004404,2021 super output areas - middle layer,152,Total: All usual residents,6403
8701,2021,E02004404,2021 super output areas - middle layer,152,British only identity,3936
8702,2021,E02004404,2021 super output areas - middle layer,152,English only identity,1096
8703,2021,E02004404,2021 super output areas - middle layer,152,English and British only identity,942
8704,2021,E02004404,2021 super output areas - middle layer,152,Welsh only identity,26
8705,2021,E02004404,2021 super output areas - middle layer,152,Welsh and British only identity,9
8706,2021,E02004404,2021 super output areas - middle layer,152,Any other combination of only UK identities,66
8707,2021,E02004404,2021 super output areas - middle layer,152,Scottish only identity,17
8708,2021,E02004404,2021 super output areas - middle layer,152,Scottish and British only identity,18
8709,2021,E02004404,2021 super output areas - middle layer,152,Northern Irish only identity,11
8710,2021,E02004404,2021 super output areas - middle layer,152,Northern Irish and British only identity,5
8711,2021,E02004404,2021 super output areas - middle layer,152,Cornish only identity,1
8712,2021,E02004404,2021 super output areas - middle layer,152,Cornish and British only identity,0
8713,2021,E02004404,2021 super output areas - middle layer,152,Any other combination of only UK identities ,14
8714,2021,E02004404,2021 super output areas - middle layer,152,Irish only identity,13
8715,2021,E02004404,2021 super output areas - middle layer,152,Irish and at least one UK identity,3
8716,2021,E02004404,2021 super output areas - middle layer,152,Other identity only,222
8717,2021,E02004404,2021 super output areas - middle layer,152,Other identity and at least one UK identity,90
8718,2021,E02004404,2021 super output areas - middle layer,152,Non-UK identity only,235
8719,2021,E02004404,2021 super output areas - middle layer,152,UK identity and non-UK identity,93
8720,2021,E02004405,2021 super output areas - middle layer,152,Total: All usual residents,6029
8721,2021,E02004405,2021 super output areas - middle layer,152,British only identity,3399
8722,2021,E02004405,2021 super output areas - middle layer,152,English only identity,1159
8723,2021,E02004405,2021 super output areas - middle layer,152,English and British only identity,1077
8724,2021,E02004405,2021 super output areas - middle layer,152,Welsh only identity,26
8725,2021,E02004405,2021 super output areas - middle layer,152,Welsh and British only identity,13
8726,2021,E02004405,2021 super output areas - middle layer,152,Any other combination of only UK identities,38
8727,2021,E02004405,2021 super output areas - middle layer,152,Scottish only identity,15
8728,2021,E02004405,2021 super output areas - middle layer,152,Scottish and British only identity,10
8729,2021,E02004405,2021 super output areas - middle layer,152,Northern Irish only identity,6
8730,2021,E02004405,2021 super output areas - middle layer,152,Northern Irish and British only identity,0
8731,2021,E02004405,2021 super output areas - middle layer,152,Cornish only identity,0
8732,2021,E02004405,2021 super output areas - middle layer,152,Cornish and British only identity,0
8733,2021,E02004405,2021 super output areas - middle layer,152,Any other combination of only UK identities ,7
8734,2021,E02004405,2021 super output areas - middle layer,152,Irish only identity,19
8735,2021,E02004405,2021 super output areas - middle layer,152,Irish and at least one UK identity,4
8736,2021,E02004405,2021 super output areas - middle layer,152,Other identity only,206
8737,2021,E02004405,2021 super output areas - middle layer,152,Other identity and at least one UK identity,88
8738,2021,E02004405,2021 super output areas - middle layer,152,Non-UK identity only,225
8739,2021,E02004405,2021 super output areas - middle layer,152,UK identity and non-UK identity,92
8740,2021,E02004406,2021 super output areas - middle layer,152,Total: All usual residents,7291
8741,2021,E02004406,2021 super output areas - middle layer,152,British only identity,4203
8742,2021,E02004406,2021 super output areas - middle layer,152,English only identity,1436
8743,2021,E02004406,2021 super output areas - middle layer,152,English and British only identity,1168
8744,2021,E02004406,2021 super output areas - middle layer,152,Welsh only identity,41
8745,2021,E02004406,2021 super output areas - middle layer,152,Welsh and British only identity,5
8746,2021,E02004406,2021 super output areas - middle layer,152,Any other combination of only UK identities,67
8747,2021,E02004406,2021 super output areas - middle layer,152,Scottish only identity,29
8748,2021,E02004406,2021 super output areas - middle layer,152,Scottish and British only identity,16
8749,2021,E02004406,2021 super output areas - middle layer,152,Northern Irish only identity,8
8750,2021,E02004406,2021 super output areas - middle layer,152,Northern Irish and British only identity,3
8751,2021,E02004406,2021 super output areas - middle layer,152,Cornish only identity,2
8752,2021,E02004406,2021 super output areas - middle layer,152,Cornish and British only identity,0
8753,2021,E02004406,2021 super output areas - middle layer,152,Any other combination of only UK identities ,9
8754,2021,E02004406,2021 super output areas - middle layer,152,Irish only identity,41
8755,2021,E02004406,2021 super output areas - middle layer,152,Irish and at least one UK identity,12
8756,2021,E02004406,2021 super output areas - middle layer,152,Other identity only,232
8757,2021,E02004406,2021 super output areas - middle layer,152,Other identity and at least one UK identity,86
8758,2021,E02004406,2021 super output areas - middle layer,152,Non-UK identity only,273
8759,2021,E02004406,2021 super output areas - middle layer,152,UK identity and non-UK identity,98
8760,2021,E02004407,2021 super output areas - middle layer,152,Total: All usual residents,8096
8761,2021,E02004407,2021 super output areas - middle layer,152,British only identity,4881
8762,2021,E02004407,2021 super output areas - middle layer,152,English only identity,1387
8763,2021,E02004407,2021 super output areas - middle layer,152,English and British only identity,1135
8764,2021,E02004407,2021 super output areas - middle layer,152,Welsh only identity,36
8765,2021,E02004407,2021 super output areas - middle layer,152,Welsh and British only identity,14
8766,2021,E02004407,2021 super output areas - middle layer,152,Any other combination of only UK identities,117
8767,2021,E02004407,2021 super output areas - middle layer,152,Scottish only identity,44
8768,2021,E02004407,2021 super output areas - middle layer,152,Scottish and British only identity,32
8769,2021,E02004407,2021 super output areas - middle layer,152,Northern Irish only identity,13
8770,2021,E02004407,2021 super output areas - middle layer,152,Northern Irish and British only identity,2
8771,2021,E02004407,2021 super output areas - middle layer,152,Cornish only identity,0
8772,2021,E02004407,2021 super output areas - middle layer,152,Cornish and British only identity,0
8773,2021,E02004407,2021 super output areas - middle layer,152,Any other combination of only UK identities ,26
8774,2021,E02004407,2021 super output areas - middle layer,152,Irish only identity,34
8775,2021,E02004407,2021 super output areas - middle layer,152,Irish and at least one UK identity,16
8776,2021,E02004407,2021 super output areas - middle layer,152,Other identity only,346
8777,2021,E02004407,2021 super output areas - middle layer,152,Other identity and at least one UK identity,130
8778,2021,E02004407,2021 super output areas - middle layer,152,Non-UK identity only,380
8779,2021,E02004407,2021 super output areas - middle layer,152,UK identity and non-UK identity,146
8780,2021,E02004408,2021 super output areas - middle layer,152,Total: All usual residents,8376
8781,2021,E02004408,2021 super output areas - middle layer,152,British only identity,4636
8782,2021,E02004408,2021 super output areas - middle layer,152,English only identity,1600
8783,2021,E02004408,2021 super output areas - middle layer,152,English and British only identity,1457
8784,2021,E02004408,2021 super output areas - middle layer,152,Welsh only identity,21
8785,2021,E02004408,2021 super output areas - middle layer,152,Welsh and British only identity,8
8786,2021,E02004408,2021 super output areas - middle layer,152,Any other combination of only UK identities,79
8787,2021,E02004408,2021 super output areas - middle layer,152,Scottish only identity,28
8788,2021,E02004408,2021 super output areas - middle layer,152,Scottish and British only identity,20
8789,2021,E02004408,2021 super output areas - middle layer,152,Northern Irish only identity,6
8790,2021,E02004408,2021 super output areas - middle layer,152,Northern Irish and British only identity,6
8791,2021,E02004408,2021 super output areas - middle layer,152,Cornish only identity,3
8792,2021,E02004408,2021 super output areas - middle layer,152,Cornish and British only identity,1
8793,2021,E02004408,2021 super output areas - middle layer,152,Any other combination of only UK identities ,15
8794,2021,E02004408,2021 super output areas - middle layer,152,Irish only identity,36
8795,2021,E02004408,2021 super output areas - middle layer,152,Irish and at least one UK identity,10
8796,2021,E02004408,2021 super output areas - middle layer,152,Other identity only,435
8797,2021,E02004408,2021 super output areas - middle layer,152,Other identity and at least one UK identity,94
8798,2021,E02004408,2021 super output areas - middle layer,152,Non-UK identity only,471
8799,2021,E02004408,2021 super output areas - middle layer,152,UK identity and non-UK identity,104
8800,2021,E02004409,2021 super output areas - middle layer,152,Total: All usual residents,5322
8801,2021,E02004409,2021 super output areas - middle layer,152,British only identity,3263
8802,2021,E02004409,2021 super output areas - middle layer,152,English only identity,912
8803,2021,E02004409,2021 super output areas - middle layer,152,English and British only identity,745
8804,2021,E02004409,2021 super output areas - middle layer,152,Welsh only identity,24
8805,2021,E02004409,2021 super output areas - middle layer,152,Welsh and British only identity,4
8806,2021,E02004409,2021 super output areas - middle layer,152,Any other combination of only UK identities,79
8807,2021,E02004409,2021 super output areas - middle layer,152,Scottish only identity,28
8808,2021,E02004409,2021 super output areas - middle layer,152,Scottish and British only identity,27
8809,2021,E02004409,2021 super output areas - middle layer,152,Northern Irish only identity,10
8810,2021,E02004409,2021 super output areas - middle layer,152,Northern Irish and British only identity,6
8811,2021,E02004409,2021 super output areas - middle layer,152,Cornish only identity,0
8812,2021,E02004409,2021 super output areas - middle layer,152,Cornish and British only identity,0
8813,2021,E02004409,2021 super output areas - middle layer,152,Any other combination of only UK identities ,8
8814,2021,E02004409,2021 super output areas - middle layer,152,Irish only identity,13
8815,2021,E02004409,2021 super output areas - middle layer,152,Irish and at least one UK identity,2
8816,2021,E02004409,2021 super output areas - middle layer,152,Other identity only,215
8817,2021,E02004409,2021 super output areas - middle layer,152,Other identity and at least one UK identity,65
8818,2021,E02004409,2021 super output areas - middle layer,152,Non-UK identity only,228
8819,2021,E02004409,2021 super output areas - middle layer,152,UK identity and non-UK identity,67
8820,2021,E02004410,2021 super output areas - middle layer,152,Total: All usual residents,7990
8821,2021,E02004410,2021 super output areas - middle layer,152,British only identity,4716
8822,2021,E02004410,2021 super output areas - middle layer,152,English only identity,1511
8823,2021,E02004410,2021 super output areas - middle layer,152,English and British only identity,1228
8824,2021,E02004410,2021 super output areas - middle layer,152,Welsh only identity,35
8825,2021,E02004410,2021 super output areas - middle layer,152,Welsh and British only identity,7
8826,2021,E02004410,2021 super output areas - middle layer,152,Any other combination of only UK identities,91
8827,2021,E02004410,2021 super output areas - middle layer,152,Scottish only identity,47
8828,2021,E02004410,2021 super output areas - middle layer,152,Scottish and British only identity,24
8829,2021,E02004410,2021 super output areas - middle layer,152,Northern Irish only identity,9
8830,2021,E02004410,2021 super output areas - middle layer,152,Northern Irish and British only identity,4
8831,2021,E02004410,2021 super output areas - middle layer,152,Cornish only identity,1
8832,2021,E02004410,2021 super output areas - middle layer,152,Cornish and British only identity,0
8833,2021,E02004410,2021 super output areas - middle layer,152,Any other combination of only UK identities ,6
8834,2021,E02004410,2021 super output areas - middle layer,152,Irish only identity,38
8835,2021,E02004410,2021 super output areas - middle layer,152,Irish and at least one UK identity,5
8836,2021,E02004410,2021 super output areas - middle layer,152,Other identity only,245
8837,2021,E02004410,2021 super output areas - middle layer,152,Other identity and at least one UK identity,114
8838,2021,E02004410,2021 super output areas - middle layer,152,Non-UK identity only,283
8839,2021,E02004410,2021 super output areas - middle layer,152,UK identity and non-UK identity,119
8840,2021,E02004411,2021 super output areas - middle layer,152,Total: All usual residents,8510
8841,2021,E02004411,2021 super output areas - middle layer,152,British only identity,4914
8842,2021,E02004411,2021 super output areas - middle layer,152,English only identity,1659
8843,2021,E02004411,2021 super output areas - middle layer,152,English and British only identity,1407
8844,2021,E02004411,2021 super output areas - middle layer,152,Welsh only identity,12
8845,2021,E02004411,2021 super output areas - middle layer,152,Welsh and British only identity,12
8846,2021,E02004411,2021 super output areas - middle layer,152,Any other combination of only UK identities,76
8847,2021,E02004411,2021 super output areas - middle layer,152,Scottish only identity,35
8848,2021,E02004411,2021 super output areas - middle layer,152,Scottish and British only identity,16
8849,2021,E02004411,2021 super output areas - middle layer,152,Northern Irish only identity,8
8850,2021,E02004411,2021 super output areas - middle layer,152,Northern Irish and British only identity,2
8851,2021,E02004411,2021 super output areas - middle layer,152,Cornish only identity,2
8852,2021,E02004411,2021 super output areas - middle layer,152,Cornish and British only identity,0
8853,2021,E02004411,2021 super output areas - middle layer,152,Any other combination of only UK identities ,13
8854,2021,E02004411,2021 super output areas - middle layer,152,Irish only identity,33
8855,2021,E02004411,2021 super output areas - middle layer,152,Irish and at least one UK identity,5
8856,2021,E02004411,2021 super output areas - middle layer,152,Other identity only,300
8857,2021,E02004411,2021 super output areas - middle layer,152,Other identity and at least one UK identity,92
8858,2021,E02004411,2021 super output areas - middle layer,152,Non-UK identity only,333
8859,2021,E02004411,2021 super output areas - middle layer,152,UK identity and non-UK identity,97
8860,2021,E02004412,2021 super output areas - middle layer,152,Total: All usual residents,8080
8861,2021,E02004412,2021 super output areas - middle layer,152,British only identity,4603
8862,2021,E02004412,2021 super output areas - middle layer,152,English only identity,1725
8863,2021,E02004412,2021 super output areas - middle layer,152,English and British only identity,1306
8864,2021,E02004412,2021 super output areas - middle layer,152,Welsh only identity,17
8865,2021,E02004412,2021 super output areas - middle layer,152,Welsh and British only identity,12
8866,2021,E02004412,2021 super output areas - middle layer,152,Any other combination of only UK identities,62
8867,2021,E02004412,2021 super output areas - middle layer,152,Scottish only identity,29
8868,2021,E02004412,2021 super output areas - middle layer,152,Scottish and British only identity,12
8869,2021,E02004412,2021 super output areas - middle layer,152,Northern Irish only identity,5
8870,2021,E02004412,2021 super output areas - middle layer,152,Northern Irish and British only identity,5
8871,2021,E02004412,2021 super output areas - middle layer,152,Cornish only identity,0
8872,2021,E02004412,2021 super output areas - middle layer,152,Cornish and British only identity,0
8873,2021,E02004412,2021 super output areas - middle layer,152,Any other combination of only UK identities ,11
8874,2021,E02004412,2021 super output areas - middle layer,152,Irish only identity,27
8875,2021,E02004412,2021 super output areas - middle layer,152,Irish and at least one UK identity,5
8876,2021,E02004412,2021 super output areas - middle layer,152,Other identity only,247
8877,2021,E02004412,2021 super output areas - middle layer,152,Other identity and at least one UK identity,76
8878,2021,E02004412,2021 super output areas - middle layer,152,Non-UK identity only,274
8879,2021,E02004412,2021 super output areas - middle layer,152,UK identity and non-UK identity,81
8880,2021,E02004413,2021 super output areas - middle layer,152,Total: All usual residents,7324
8881,2021,E02004413,2021 super output areas - middle layer,152,British only identity,4262
8882,2021,E02004413,2021 super output areas - middle layer,152,English only identity,1536
8883,2021,E02004413,2021 super output areas - middle layer,152,English and British only identity,1119
8884,2021,E02004413,2021 super output areas - middle layer,152,Welsh only identity,20
8885,2021,E02004413,2021 super output areas - middle layer,152,Welsh and British only identity,10
8886,2021,E02004413,2021 super output areas - middle layer,152,Any other combination of only UK identities,80
8887,2021,E02004413,2021 super output areas - middle layer,152,Scottish only identity,31
8888,2021,E02004413,2021 super output areas - middle layer,152,Scottish and British only identity,16
8889,2021,E02004413,2021 super output areas - middle layer,152,Northern Irish only identity,6
8890,2021,E02004413,2021 super output areas - middle layer,152,Northern Irish and British only identity,3
8891,2021,E02004413,2021 super output areas - middle layer,152,Cornish only identity,1
8892,2021,E02004413,2021 super output areas - middle layer,152,Cornish and British only identity,2
8893,2021,E02004413,2021 super output areas - middle layer,152,Any other combination of only UK identities ,21
8894,2021,E02004413,2021 super output areas - middle layer,152,Irish only identity,27
8895,2021,E02004413,2021 super output areas - middle layer,152,Irish and at least one UK identity,3
8896,2021,E02004413,2021 super output areas - middle layer,152,Other identity only,181
8897,2021,E02004413,2021 super output areas - middle layer,152,Other identity and at least one UK identity,86
8898,2021,E02004413,2021 super output areas - middle layer,152,Non-UK identity only,208
8899,2021,E02004413,2021 super output areas - middle layer,152,UK identity and non-UK identity,89
8900,2021,E02004414,2021 super output areas - middle layer,152,Total: All usual residents,6523
8901,2021,E02004414,2021 super output areas - middle layer,152,British only identity,3827
8902,2021,E02004414,2021 super output areas - middle layer,152,English only identity,1132
8903,2021,E02004414,2021 super output areas - middle layer,152,English and British only identity,1113
8904,2021,E02004414,2021 super output areas - middle layer,152,Welsh only identity,19
8905,2021,E02004414,2021 super output areas - middle layer,152,Welsh and British only identity,6
8906,2021,E02004414,2021 super output areas - middle layer,152,Any other combination of only UK identities,60
8907,2021,E02004414,2021 super output areas - middle layer,152,Scottish only identity,26
8908,2021,E02004414,2021 super output areas - middle layer,152,Scottish and British only identity,13
8909,2021,E02004414,2021 super output areas - middle layer,152,Northern Irish only identity,6
8910,2021,E02004414,2021 super output areas - middle layer,152,Northern Irish and British only identity,4
8911,2021,E02004414,2021 super output areas - middle layer,152,Cornish only identity,1
8912,2021,E02004414,2021 super output areas - middle layer,152,Cornish and British only identity,0
8913,2021,E02004414,2021 super output areas - middle layer,152,Any other combination of only UK identities ,10
8914,2021,E02004414,2021 super output areas - middle layer,152,Irish only identity,16
8915,2021,E02004414,2021 super output areas - middle layer,152,Irish and at least one UK identity,7
8916,2021,E02004414,2021 super output areas - middle layer,152,Other identity only,251
8917,2021,E02004414,2021 super output areas - middle layer,152,Other identity and at least one UK identity,92
8918,2021,E02004414,2021 super output areas - middle layer,152,Non-UK identity only,267
8919,2021,E02004414,2021 super output areas - middle layer,152,UK identity and non-UK identity,99
8920,2021,E02004415,2021 super output areas - middle layer,152,Total: All usual residents,6698
8921,2021,E02004415,2021 super output areas - middle layer,152,British only identity,4026
8922,2021,E02004415,2021 super output areas - middle layer,152,English only identity,1210
8923,2021,E02004415,2021 super output areas - middle layer,152,English and British only identity,1035
8924,2021,E02004415,2021 super output areas - middle layer,152,Welsh only identity,23
8925,2021,E02004415,2021 super output areas - middle layer,152,Welsh and British only identity,9
8926,2021,E02004415,2021 super output areas - middle layer,152,Any other combination of only UK identities,70
8927,2021,E02004415,2021 super output areas - middle layer,152,Scottish only identity,22
8928,2021,E02004415,2021 super output areas - middle layer,152,Scottish and British only identity,15
8929,2021,E02004415,2021 super output areas - middle layer,152,Northern Irish only identity,11
8930,2021,E02004415,2021 super output areas - middle layer,152,Northern Irish and British only identity,4
8931,2021,E02004415,2021 super output areas - middle layer,152,Cornish only identity,1
8932,2021,E02004415,2021 super output areas - middle layer,152,Cornish and British only identity,0
8933,2021,E02004415,2021 super output areas - middle layer,152,Any other combination of only UK identities ,17
8934,2021,E02004415,2021 super output areas - middle layer,152,Irish only identity,25
8935,2021,E02004415,2021 super output areas - middle layer,152,Irish and at least one UK identity,13
8936,2021,E02004415,2021 super output areas - middle layer,152,Other identity only,190
8937,2021,E02004415,2021 super output areas - middle layer,152,Other identity and at least one UK identity,97
8938,2021,E02004415,2021 super output areas - middle layer,152,Non-UK identity only,215
8939,2021,E02004415,2021 super output areas - middle layer,152,UK identity and non-UK identity,110
8940,2021,E02004416,2021 super output areas - middle layer,152,Total: All usual residents,6476
8941,2021,E02004416,2021 super output areas - middle layer,152,British only identity,3853
8942,2021,E02004416,2021 super output areas - middle layer,152,English only identity,1377
8943,2021,E02004416,2021 super output areas - middle layer,152,English and British only identity,927
8944,2021,E02004416,2021 super output areas - middle layer,152,Welsh only identity,24
8945,2021,E02004416,2021 super output areas - middle layer,152,Welsh and British only identity,15
8946,2021,E02004416,2021 super output areas - middle layer,152,Any other combination of only UK identities,53
8947,2021,E02004416,2021 super output areas - middle layer,152,Scottish only identity,19
8948,2021,E02004416,2021 super output areas - middle layer,152,Scottish and British only identity,16
8949,2021,E02004416,2021 super output areas - middle layer,152,Northern Irish only identity,3
8950,2021,E02004416,2021 super output areas - middle layer,152,Northern Irish and British only identity,2
8951,2021,E02004416,2021 super output areas - middle layer,152,Cornish only identity,0
8952,2021,E02004416,2021 super output areas - middle layer,152,Cornish and British only identity,0
8953,2021,E02004416,2021 super output areas - middle layer,152,Any other combination of only UK identities ,13
8954,2021,E02004416,2021 super output areas - middle layer,152,Irish only identity,24
8955,2021,E02004416,2021 super output areas - middle layer,152,Irish and at least one UK identity,8
8956,2021,E02004416,2021 super output areas - middle layer,152,Other identity only,131
8957,2021,E02004416,2021 super output areas - middle layer,152,Other identity and at least one UK identity,64
8958,2021,E02004416,2021 super output areas - middle layer,152,Non-UK identity only,155
8959,2021,E02004416,2021 super output areas - middle layer,152,UK identity and non-UK identity,72
8960,2021,E02004417,2021 super output areas - middle layer,152,Total: All usual residents,6514
8961,2021,E02004417,2021 super output areas - middle layer,152,British only identity,3626
8962,2021,E02004417,2021 super output areas - middle layer,152,English only identity,1469
8963,2021,E02004417,2021 super output areas - middle layer,152,English and British only identity,1107
8964,2021,E02004417,2021 super output areas - middle layer,152,Welsh only identity,20
8965,2021,E02004417,2021 super output areas - middle layer,152,Welsh and British only identity,1
8966,2021,E02004417,2021 super output areas - middle layer,152,Any other combination of only UK identities,33
8967,2021,E02004417,2021 super output areas - middle layer,152,Scottish only identity,9
8968,2021,E02004417,2021 super output areas - middle layer,152,Scottish and British only identity,12
8969,2021,E02004417,2021 super output areas - middle layer,152,Northern Irish only identity,6
8970,2021,E02004417,2021 super output areas - middle layer,152,Northern Irish and British only identity,3
8971,2021,E02004417,2021 super output areas - middle layer,152,Cornish only identity,0
8972,2021,E02004417,2021 super output areas - middle layer,152,Cornish and British only identity,0
8973,2021,E02004417,2021 super output areas - middle layer,152,Any other combination of only UK identities ,3
8974,2021,E02004417,2021 super output areas - middle layer,152,Irish only identity,26
8975,2021,E02004417,2021 super output areas - middle layer,152,Irish and at least one UK identity,11
8976,2021,E02004417,2021 super output areas - middle layer,152,Other identity only,178
8977,2021,E02004417,2021 super output areas - middle layer,152,Other identity and at least one UK identity,43
8978,2021,E02004417,2021 super output areas - middle layer,152,Non-UK identity only,204
8979,2021,E02004417,2021 super output areas - middle layer,152,UK identity and non-UK identity,54
8980,2021,E02004418,2021 super output areas - middle layer,152,Total: All usual residents,5790
8981,2021,E02004418,2021 super output areas - middle layer,152,British only identity,3287
8982,2021,E02004418,2021 super output areas - middle layer,152,English only identity,1183
8983,2021,E02004418,2021 super output areas - middle layer,152,English and British only identity,1079
8984,2021,E02004418,2021 super output areas - middle layer,152,Welsh only identity,7
8985,2021,E02004418,2021 super output areas - middle layer,152,Welsh and British only identity,2
8986,2021,E02004418,2021 super output areas - middle layer,152,Any other combination of only UK identities,30
8987,2021,E02004418,2021 super output areas - middle layer,152,Scottish only identity,13
8988,2021,E02004418,2021 super output areas - middle layer,152,Scottish and British only identity,5
8989,2021,E02004418,2021 super output areas - middle layer,152,Northern Irish only identity,3
8990,2021,E02004418,2021 super output areas - middle layer,152,Northern Irish and British only identity,2
8991,2021,E02004418,2021 super output areas - middle layer,152,Cornish only identity,0
8992,2021,E02004418,2021 super output areas - middle layer,152,Cornish and British only identity,0
8993,2021,E02004418,2021 super output areas - middle layer,152,Any other combination of only UK identities ,7
8994,2021,E02004418,2021 super output areas - middle layer,152,Irish only identity,14
8995,2021,E02004418,2021 super output areas - middle layer,152,Irish and at least one UK identity,3
8996,2021,E02004418,2021 super output areas - middle layer,152,Other identity only,141
8997,2021,E02004418,2021 super output areas - middle layer,152,Other identity and at least one UK identity,44
8998,2021,E02004418,2021 super output areas - middle layer,152,Non-UK identity only,155
8999,2021,E02004418,2021 super output areas - middle layer,152,UK identity and non-UK identity,47
9000,2021,E02004419,2021 super output areas - middle layer,152,Total: All usual residents,6334
9001,2021,E02004419,2021 super output areas - middle layer,152,British only identity,3501
9002,2021,E02004419,2021 super output areas - middle layer,152,English only identity,1342
9003,2021,E02004419,2021 super output areas - middle layer,152,English and British only identity,1176
9004,2021,E02004419,2021 super output areas - middle layer,152,Welsh only identity,16
9005,2021,E02004419,2021 super output areas - middle layer,152,Welsh and British only identity,2
9006,2021,E02004419,2021 super output areas - middle layer,152,Any other combination of only UK identities,42
9007,2021,E02004419,2021 super output areas - middle layer,152,Scottish only identity,16
9008,2021,E02004419,2021 super output areas - middle layer,152,Scottish and British only identity,6
9009,2021,E02004419,2021 super output areas - middle layer,152,Northern Irish only identity,8
9010,2021,E02004419,2021 super output areas - middle layer,152,Northern Irish and British only identity,4
9011,2021,E02004419,2021 super output areas - middle layer,152,Cornish only identity,0
9012,2021,E02004419,2021 super output areas - middle layer,152,Cornish and British only identity,0
9013,2021,E02004419,2021 super output areas - middle layer,152,Any other combination of only UK identities ,8
9014,2021,E02004419,2021 super output areas - middle layer,152,Irish only identity,12
9015,2021,E02004419,2021 super output areas - middle layer,152,Irish and at least one UK identity,3
9016,2021,E02004419,2021 super output areas - middle layer,152,Other identity only,190
9017,2021,E02004419,2021 super output areas - middle layer,152,Other identity and at least one UK identity,50
9018,2021,E02004419,2021 super output areas - middle layer,152,Non-UK identity only,202
9019,2021,E02004419,2021 super output areas - middle layer,152,UK identity and non-UK identity,53
9020,2021,E02004420,2021 super output areas - middle layer,152,Total: All usual residents,13947
9021,2021,E02004420,2021 super output areas - middle layer,152,British only identity,8095
9022,2021,E02004420,2021 super output areas - middle layer,152,English only identity,2671
9023,2021,E02004420,2021 super output areas - middle layer,152,English and British only identity,2343
9024,2021,E02004420,2021 super output areas - middle layer,152,Welsh only identity,38
9025,2021,E02004420,2021 super output areas - middle layer,152,Welsh and British only identity,25
9026,2021,E02004420,2021 super output areas - middle layer,152,Any other combination of only UK identities,128
9027,2021,E02004420,2021 super output areas - middle layer,152,Scottish only identity,52
9028,2021,E02004420,2021 super output areas - middle layer,152,Scottish and British only identity,22
9029,2021,E02004420,2021 super output areas - middle layer,152,Northern Irish only identity,14
9030,2021,E02004420,2021 super output areas - middle layer,152,Northern Irish and British only identity,8
9031,2021,E02004420,2021 super output areas - middle layer,152,Cornish only identity,0
9032,2021,E02004420,2021 super output areas - middle layer,152,Cornish and British only identity,1
9033,2021,E02004420,2021 super output areas - middle layer,152,Any other combination of only UK identities ,31
9034,2021,E02004420,2021 super output areas - middle layer,152,Irish only identity,46
9035,2021,E02004420,2021 super output areas - middle layer,152,Irish and at least one UK identity,12
9036,2021,E02004420,2021 super output areas - middle layer,152,Other identity only,405
9037,2021,E02004420,2021 super output areas - middle layer,152,Other identity and at least one UK identity,184
9038,2021,E02004420,2021 super output areas - middle layer,152,Non-UK identity only,451
9039,2021,E02004420,2021 super output areas - middle layer,152,UK identity and non-UK identity,196
9040,2021,E02004421,2021 super output areas - middle layer,152,Total: All usual residents,9338
9041,2021,E02004421,2021 super output areas - middle layer,152,British only identity,5278
9042,2021,E02004421,2021 super output areas - middle layer,152,English only identity,1953
9043,2021,E02004421,2021 super output areas - middle layer,152,English and British only identity,1617
9044,2021,E02004421,2021 super output areas - middle layer,152,Welsh only identity,14
9045,2021,E02004421,2021 super output areas - middle layer,152,Welsh and British only identity,11
9046,2021,E02004421,2021 super output areas - middle layer,152,Any other combination of only UK identities,55
9047,2021,E02004421,2021 super output areas - middle layer,152,Scottish only identity,29
9048,2021,E02004421,2021 super output areas - middle layer,152,Scottish and British only identity,6
9049,2021,E02004421,2021 super output areas - middle layer,152,Northern Irish only identity,4
9050,2021,E02004421,2021 super output areas - middle layer,152,Northern Irish and British only identity,4
9051,2021,E02004421,2021 super output areas - middle layer,152,Cornish only identity,1
9052,2021,E02004421,2021 super output areas - middle layer,152,Cornish and British only identity,0
9053,2021,E02004421,2021 super output areas - middle layer,152,Any other combination of only UK identities ,11
9054,2021,E02004421,2021 super output areas - middle layer,152,Irish only identity,35
9055,2021,E02004421,2021 super output areas - middle layer,152,Irish and at least one UK identity,5
9056,2021,E02004421,2021 super output areas - middle layer,152,Other identity only,270
9057,2021,E02004421,2021 super output areas - middle layer,152,Other identity and at least one UK identity,100
9058,2021,E02004421,2021 super output areas - middle layer,152,Non-UK identity only,305
9059,2021,E02004421,2021 super output areas - middle layer,152,UK identity and non-UK identity,105
9060,2021,E02004422,2021 super output areas - middle layer,152,Total: All usual residents,11104
9061,2021,E02004422,2021 super output areas - middle layer,152,British only identity,6357
9062,2021,E02004422,2021 super output areas - middle layer,152,English only identity,2464
9063,2021,E02004422,2021 super output areas - middle layer,152,English and British only identity,1751
9064,2021,E02004422,2021 super output areas - middle layer,152,Welsh only identity,27
9065,2021,E02004422,2021 super output areas - middle layer,152,Welsh and British only identity,14
9066,2021,E02004422,2021 super output areas - middle layer,152,Any other combination of only UK identities,94
9067,2021,E02004422,2021 super output areas - middle layer,152,Scottish only identity,46
9068,2021,E02004422,2021 super output areas - middle layer,152,Scottish and British only identity,22
9069,2021,E02004422,2021 super output areas - middle layer,152,Northern Irish only identity,7
9070,2021,E02004422,2021 super output areas - middle layer,152,Northern Irish and British only identity,6
9071,2021,E02004422,2021 super output areas - middle layer,152,Cornish only identity,0
9072,2021,E02004422,2021 super output areas - middle layer,152,Cornish and British only identity,0
9073,2021,E02004422,2021 super output areas - middle layer,152,Any other combination of only UK identities ,13
9074,2021,E02004422,2021 super output areas - middle layer,152,Irish only identity,26
9075,2021,E02004422,2021 super output areas - middle layer,152,Irish and at least one UK identity,12
9076,2021,E02004422,2021 super output areas - middle layer,152,Other identity only,246
9077,2021,E02004422,2021 super output areas - middle layer,152,Other identity and at least one UK identity,113
9078,2021,E02004422,2021 super output areas - middle layer,152,Non-UK identity only,272
9079,2021,E02004422,2021 super output areas - middle layer,152,UK identity and non-UK identity,125
9080,2021,E02004423,2021 super output areas - middle layer,152,Total: All usual residents,7558
9081,2021,E02004423,2021 super output areas - middle layer,152,British only identity,4243
9082,2021,E02004423,2021 super output areas - middle layer,152,English only identity,1785
9083,2021,E02004423,2021 super output areas - middle layer,152,English and British only identity,1200
9084,2021,E02004423,2021 super output areas - middle layer,152,Welsh only identity,14
9085,2021,E02004423,2021 super output areas - middle layer,152,Welsh and British only identity,7
9086,2021,E02004423,2021 super output areas - middle layer,152,Any other combination of only UK identities,67
9087,2021,E02004423,2021 super output areas - middle layer,152,Scottish only identity,26
9088,2021,E02004423,2021 super output areas - middle layer,152,Scottish and British only identity,18
9089,2021,E02004423,2021 super output areas - middle layer,152,Northern Irish only identity,14
9090,2021,E02004423,2021 super output areas - middle layer,152,Northern Irish and British only identity,2
9091,2021,E02004423,2021 super output areas - middle layer,152,Cornish only identity,0
9092,2021,E02004423,2021 super output areas - middle layer,152,Cornish and British only identity,0
9093,2021,E02004423,2021 super output areas - middle layer,152,Any other combination of only UK identities ,7
9094,2021,E02004423,2021 super output areas - middle layer,152,Irish only identity,21
9095,2021,E02004423,2021 super output areas - middle layer,152,Irish and at least one UK identity,11
9096,2021,E02004423,2021 super output areas - middle layer,152,Other identity only,141
9097,2021,E02004423,2021 super output areas - middle layer,152,Other identity and at least one UK identity,69
9098,2021,E02004423,2021 super output areas - middle layer,152,Non-UK identity only,162
9099,2021,E02004423,2021 super output areas - middle layer,152,UK identity and non-UK identity,80
9100,2021,E02004675,2021 super output areas - middle layer,152,Total: All usual residents,7725
9101,2021,E02004675,2021 super output areas - middle layer,152,British only identity,4210
9102,2021,E02004675,2021 super output areas - middle layer,152,English only identity,1504
9103,2021,E02004675,2021 super output areas - middle layer,152,English and British only identity,1430
9104,2021,E02004675,2021 super output areas - middle layer,152,Welsh only identity,46
9105,2021,E02004675,2021 super output areas - middle layer,152,Welsh and British only identity,29
9106,2021,E02004675,2021 super output areas - middle layer,152,Any other combination of only UK identities,170
9107,2021,E02004675,2021 super output areas - middle layer,152,Scottish only identity,79
9108,2021,E02004675,2021 super output areas - middle layer,152,Scottish and British only identity,45
9109,2021,E02004675,2021 super output areas - middle layer,152,Northern Irish only identity,12
9110,2021,E02004675,2021 super output areas - middle layer,152,Northern Irish and British only identity,9
9111,2021,E02004675,2021 super output areas - middle layer,152,Cornish only identity,2
9112,2021,E02004675,2021 super output areas - middle layer,152,Cornish and British only identity,0
9113,2021,E02004675,2021 super output areas - middle layer,152,Any other combination of only UK identities ,23
9114,2021,E02004675,2021 super output areas - middle layer,152,Irish only identity,20
9115,2021,E02004675,2021 super output areas - middle layer,152,Irish and at least one UK identity,7
9116,2021,E02004675,2021 super output areas - middle layer,152,Other identity only,231
9117,2021,E02004675,2021 super output areas - middle layer,152,Other identity and at least one UK identity,78
9118,2021,E02004675,2021 super output areas - middle layer,152,Non-UK identity only,251
9119,2021,E02004675,2021 super output areas - middle layer,152,UK identity and non-UK identity,85
9120,2021,E02004676,2021 super output areas - middle layer,152,Total: All usual residents,7986
9121,2021,E02004676,2021 super output areas - middle layer,152,British only identity,4424
9122,2021,E02004676,2021 super output areas - middle layer,152,English only identity,1521
9123,2021,E02004676,2021 super output areas - middle layer,152,English and British only identity,1456
9124,2021,E02004676,2021 super output areas - middle layer,152,Welsh only identity,41
9125,2021,E02004676,2021 super output areas - middle layer,152,Welsh and British only identity,40
9126,2021,E02004676,2021 super output areas - middle layer,152,Any other combination of only UK identities,119
9127,2021,E02004676,2021 super output areas - middle layer,152,Scottish only identity,44
9128,2021,E02004676,2021 super output areas - middle layer,152,Scottish and British only identity,42
9129,2021,E02004676,2021 super output areas - middle layer,152,Northern Irish only identity,9
9130,2021,E02004676,2021 super output areas - middle layer,152,Northern Irish and British only identity,6
9131,2021,E02004676,2021 super output areas - middle layer,152,Cornish only identity,1
9132,2021,E02004676,2021 super output areas - middle layer,152,Cornish and British only identity,1
9133,2021,E02004676,2021 super output areas - middle layer,152,Any other combination of only UK identities ,16
9134,2021,E02004676,2021 super output areas - middle layer,152,Irish only identity,40
9135,2021,E02004676,2021 super output areas - middle layer,152,Irish and at least one UK identity,8
9136,2021,E02004676,2021 super output areas - middle layer,152,Other identity only,243
9137,2021,E02004676,2021 super output areas - middle layer,152,Other identity and at least one UK identity,94
9138,2021,E02004676,2021 super output areas - middle layer,152,Non-UK identity only,283
9139,2021,E02004676,2021 super output areas - middle layer,152,UK identity and non-UK identity,102
9140,2021,E02004677,2021 super output areas - middle layer,152,Total: All usual residents,7571
9141,2021,E02004677,2021 super output areas - middle layer,152,British only identity,4483
9142,2021,E02004677,2021 super output areas - middle layer,152,English only identity,1169
9143,2021,E02004677,2021 super output areas - middle layer,152,English and British only identity,1318
9144,2021,E02004677,2021 super output areas - middle layer,152,Welsh only identity,40
9145,2021,E02004677,2021 super output areas - middle layer,152,Welsh and British only identity,30
9146,2021,E02004677,2021 super output areas - middle layer,152,Any other combination of only UK identities,108
9147,2021,E02004677,2021 super output areas - middle layer,152,Scottish only identity,27
9148,2021,E02004677,2021 super output areas - middle layer,152,Scottish and British only identity,24
9149,2021,E02004677,2021 super output areas - middle layer,152,Northern Irish only identity,14
9150,2021,E02004677,2021 super output areas - middle layer,152,Northern Irish and British only identity,8
9151,2021,E02004677,2021 super output areas - middle layer,152,Cornish only identity,4
9152,2021,E02004677,2021 super output areas - middle layer,152,Cornish and British only identity,1
9153,2021,E02004677,2021 super output areas - middle layer,152,Any other combination of only UK identities ,30
9154,2021,E02004677,2021 super output areas - middle layer,152,Irish only identity,30
9155,2021,E02004677,2021 super output areas - middle layer,152,Irish and at least one UK identity,13
9156,2021,E02004677,2021 super output areas - middle layer,152,Other identity only,277
9157,2021,E02004677,2021 super output areas - middle layer,152,Other identity and at least one UK identity,103
9158,2021,E02004677,2021 super output areas - middle layer,152,Non-UK identity only,307
9159,2021,E02004677,2021 super output areas - middle layer,152,UK identity and non-UK identity,116
9160,2021,E02004678,2021 super output areas - middle layer,152,Total: All usual residents,7581
9161,2021,E02004678,2021 super output areas - middle layer,152,British only identity,4408
9162,2021,E02004678,2021 super output areas - middle layer,152,English only identity,1304
9163,2021,E02004678,2021 super output areas - middle layer,152,English and British only identity,1304
9164,2021,E02004678,2021 super output areas - middle layer,152,Welsh only identity,42
9165,2021,E02004678,2021 super output areas - middle layer,152,Welsh and British only identity,24
9166,2021,E02004678,2021 super output areas - middle layer,152,Any other combination of only UK identities,107
9167,2021,E02004678,2021 super output areas - middle layer,152,Scottish only identity,47
9168,2021,E02004678,2021 super output areas - middle layer,152,Scottish and British only identity,27
9169,2021,E02004678,2021 super output areas - middle layer,152,Northern Irish only identity,6
9170,2021,E02004678,2021 super output areas - middle layer,152,Northern Irish and British only identity,4
9171,2021,E02004678,2021 super output areas - middle layer,152,Cornish only identity,4
9172,2021,E02004678,2021 super output areas - middle layer,152,Cornish and British only identity,0
9173,2021,E02004678,2021 super output areas - middle layer,152,Any other combination of only UK identities ,19
9174,2021,E02004678,2021 super output areas - middle layer,152,Irish only identity,42
9175,2021,E02004678,2021 super output areas - middle layer,152,Irish and at least one UK identity,5
9176,2021,E02004678,2021 super output areas - middle layer,152,Other identity only,250
9177,2021,E02004678,2021 super output areas - middle layer,152,Other identity and at least one UK identity,95
9178,2021,E02004678,2021 super output areas - middle layer,152,Non-UK identity only,292
9179,2021,E02004678,2021 super output areas - middle layer,152,UK identity and non-UK identity,100
9180,2021,E02004679,2021 super output areas - middle layer,152,Total: All usual residents,11112
9181,2021,E02004679,2021 super output areas - middle layer,152,British only identity,6552
9182,2021,E02004679,2021 super output areas - middle layer,152,English only identity,1655
9183,2021,E02004679,2021 super output areas - middle layer,152,English and British only identity,1901
9184,2021,E02004679,2021 super output areas - middle layer,152,Welsh only identity,65
9185,2021,E02004679,2021 super output areas - middle layer,152,Welsh and British only identity,36
9186,2021,E02004679,2021 super output areas - middle layer,152,Any other combination of only UK identities,132
9187,2021,E02004679,2021 super output areas - middle layer,152,Scottish only identity,49
9188,2021,E02004679,2021 super output areas - middle layer,152,Scottish and British only identity,29
9189,2021,E02004679,2021 super output areas - middle layer,152,Northern Irish only identity,19
9190,2021,E02004679,2021 super output areas - middle layer,152,Northern Irish and British only identity,8
9191,2021,E02004679,2021 super output areas - middle layer,152,Cornish only identity,3
9192,2021,E02004679,2021 super output areas - middle layer,152,Cornish and British only identity,0
9193,2021,E02004679,2021 super output areas - middle layer,152,Any other combination of only UK identities ,24
9194,2021,E02004679,2021 super output areas - middle layer,152,Irish only identity,48
9195,2021,E02004679,2021 super output areas - middle layer,152,Irish and at least one UK identity,10
9196,2021,E02004679,2021 super output areas - middle layer,152,Other identity only,494
9197,2021,E02004679,2021 super output areas - middle layer,152,Other identity and at least one UK identity,219
9198,2021,E02004679,2021 super output areas - middle layer,152,Non-UK identity only,542
9199,2021,E02004679,2021 super output areas - middle layer,152,UK identity and non-UK identity,229
9200,2021,E02004680,2021 super output areas - middle layer,152,Total: All usual residents,7848
9201,2021,E02004680,2021 super output areas - middle layer,152,British only identity,4551
9202,2021,E02004680,2021 super output areas - middle layer,152,English only identity,1095
9203,2021,E02004680,2021 super output areas - middle layer,152,English and British only identity,1268
9204,2021,E02004680,2021 super output areas - middle layer,152,Welsh only identity,42
9205,2021,E02004680,2021 super output areas - middle layer,152,Welsh and British only identity,27
9206,2021,E02004680,2021 super output areas - middle layer,152,Any other combination of only UK identities,91
9207,2021,E02004680,2021 super output areas - middle layer,152,Scottish only identity,35
9208,2021,E02004680,2021 super output areas - middle layer,152,Scottish and British only identity,20
9209,2021,E02004680,2021 super output areas - middle layer,152,Northern Irish only identity,7
9210,2021,E02004680,2021 super output areas - middle layer,152,Northern Irish and British only identity,8
9211,2021,E02004680,2021 super output areas - middle layer,152,Cornish only identity,2
9212,2021,E02004680,2021 super output areas - middle layer,152,Cornish and British only identity,0
9213,2021,E02004680,2021 super output areas - middle layer,152,Any other combination of only UK identities ,19
9214,2021,E02004680,2021 super output areas - middle layer,152,Irish only identity,28
9215,2021,E02004680,2021 super output areas - middle layer,152,Irish and at least one UK identity,6
9216,2021,E02004680,2021 super output areas - middle layer,152,Other identity only,543
9217,2021,E02004680,2021 super output areas - middle layer,152,Other identity and at least one UK identity,197
9218,2021,E02004680,2021 super output areas - middle layer,152,Non-UK identity only,571
9219,2021,E02004680,2021 super output areas - middle layer,152,UK identity and non-UK identity,203
9220,2021,E02004681,2021 super output areas - middle layer,152,Total: All usual residents,14930
9221,2021,E02004681,2021 super output areas - middle layer,152,British only identity,8126
9222,2021,E02004681,2021 super output areas - middle layer,152,English only identity,2022
9223,2021,E02004681,2021 super output areas - middle layer,152,English and British only identity,2224
9224,2021,E02004681,2021 super output areas - middle layer,152,Welsh only identity,33
9225,2021,E02004681,2021 super output areas - middle layer,152,Welsh and British only identity,10
9226,2021,E02004681,2021 super output areas - middle layer,152,Any other combination of only UK identities,113
9227,2021,E02004681,2021 super output areas - middle layer,152,Scottish only identity,47
9228,2021,E02004681,2021 super output areas - middle layer,152,Scottish and British only identity,18
9229,2021,E02004681,2021 super output areas - middle layer,152,Northern Irish only identity,18
9230,2021,E02004681,2021 super output areas - middle layer,152,Northern Irish and British only identity,5
9231,2021,E02004681,2021 super output areas - middle layer,152,Cornish only identity,0
9232,2021,E02004681,2021 super output areas - middle layer,152,Cornish and British only identity,2
9233,2021,E02004681,2021 super output areas - middle layer,152,Any other combination of only UK identities ,23
9234,2021,E02004681,2021 super output areas - middle layer,152,Irish only identity,72
9235,2021,E02004681,2021 super output areas - middle layer,152,Irish and at least one UK identity,13
9236,2021,E02004681,2021 super output areas - middle layer,152,Other identity only,1939
9237,2021,E02004681,2021 super output areas - middle layer,152,Other identity and at least one UK identity,378
9238,2021,E02004681,2021 super output areas - middle layer,152,Non-UK identity only,2011
9239,2021,E02004681,2021 super output areas - middle layer,152,UK identity and non-UK identity,391
9240,2021,E02004682,2021 super output areas - middle layer,152,Total: All usual residents,8338
9241,2021,E02004682,2021 super output areas - middle layer,152,British only identity,4582
9242,2021,E02004682,2021 super output areas - middle layer,152,English only identity,1309
9243,2021,E02004682,2021 super output areas - middle layer,152,English and British only identity,1388
9244,2021,E02004682,2021 super output areas - middle layer,152,Welsh only identity,43
9245,2021,E02004682,2021 super output areas - middle layer,152,Welsh and British only identity,20
9246,2021,E02004682,2021 super output areas - middle layer,152,Any other combination of only UK identities,97
9247,2021,E02004682,2021 super output areas - middle layer,152,Scottish only identity,26
9248,2021,E02004682,2021 super output areas - middle layer,152,Scottish and British only identity,20
9249,2021,E02004682,2021 super output areas - middle layer,152,Northern Irish only identity,14
9250,2021,E02004682,2021 super output areas - middle layer,152,Northern Irish and British only identity,8
9251,2021,E02004682,2021 super output areas - middle layer,152,Cornish only identity,4
9252,2021,E02004682,2021 super output areas - middle layer,152,Cornish and British only identity,0
9253,2021,E02004682,2021 super output areas - middle layer,152,Any other combination of only UK identities ,25
9254,2021,E02004682,2021 super output areas - middle layer,152,Irish only identity,22
9255,2021,E02004682,2021 super output areas - middle layer,152,Irish and at least one UK identity,7
9256,2021,E02004682,2021 super output areas - middle layer,152,Other identity only,673
9257,2021,E02004682,2021 super output areas - middle layer,152,Other identity and at least one UK identity,197
9258,2021,E02004682,2021 super output areas - middle layer,152,Non-UK identity only,695
9259,2021,E02004682,2021 super output areas - middle layer,152,UK identity and non-UK identity,204
9260,2021,E02004683,2021 super output areas - middle layer,152,Total: All usual residents,8158
9261,2021,E02004683,2021 super output areas - middle layer,152,British only identity,4281
9262,2021,E02004683,2021 super output areas - middle layer,152,English only identity,1127
9263,2021,E02004683,2021 super output areas - middle layer,152,English and British only identity,1202
9264,2021,E02004683,2021 super output areas - middle layer,152,Welsh only identity,27
9265,2021,E02004683,2021 super output areas - middle layer,152,Welsh and British only identity,13
9266,2021,E02004683,2021 super output areas - middle layer,152,Any other combination of only UK identities,95
9267,2021,E02004683,2021 super output areas - middle layer,152,Scottish only identity,45
9268,2021,E02004683,2021 super output areas - middle layer,152,Scottish and British only identity,10
9269,2021,E02004683,2021 super output areas - middle layer,152,Northern Irish only identity,11
9270,2021,E02004683,2021 super output areas - middle layer,152,Northern Irish and British only identity,4
9271,2021,E02004683,2021 super output areas - middle layer,152,Cornish only identity,1
9272,2021,E02004683,2021 super output areas - middle layer,152,Cornish and British only identity,1
9273,2021,E02004683,2021 super output areas - middle layer,152,Any other combination of only UK identities ,23
9274,2021,E02004683,2021 super output areas - middle layer,152,Irish only identity,43
9275,2021,E02004683,2021 super output areas - middle layer,152,Irish and at least one UK identity,15
9276,2021,E02004683,2021 super output areas - middle layer,152,Other identity only,1132
9277,2021,E02004683,2021 super output areas - middle layer,152,Other identity and at least one UK identity,223
9278,2021,E02004683,2021 super output areas - middle layer,152,Non-UK identity only,1175
9279,2021,E02004683,2021 super output areas - middle layer,152,UK identity and non-UK identity,238
9280,2021,E02004684,2021 super output areas - middle layer,152,Total: All usual residents,11367
9281,2021,E02004684,2021 super output areas - middle layer,152,British only identity,6125
9282,2021,E02004684,2021 super output areas - middle layer,152,English only identity,1733
9283,2021,E02004684,2021 super output areas - middle layer,152,English and British only identity,1818
9284,2021,E02004684,2021 super output areas - middle layer,152,Welsh only identity,29
9285,2021,E02004684,2021 super output areas - middle layer,152,Welsh and British only identity,12
9286,2021,E02004684,2021 super output areas - middle layer,152,Any other combination of only UK identities,93
9287,2021,E02004684,2021 super output areas - middle layer,152,Scottish only identity,39
9288,2021,E02004684,2021 super output areas - middle layer,152,Scottish and British only identity,19
9289,2021,E02004684,2021 super output areas - middle layer,152,Northern Irish only identity,4
9290,2021,E02004684,2021 super output areas - middle layer,152,Northern Irish and British only identity,9
9291,2021,E02004684,2021 super output areas - middle layer,152,Cornish only identity,2
9292,2021,E02004684,2021 super output areas - middle layer,152,Cornish and British only identity,0
9293,2021,E02004684,2021 super output areas - middle layer,152,Any other combination of only UK identities ,20
9294,2021,E02004684,2021 super output areas - middle layer,152,Irish only identity,28
9295,2021,E02004684,2021 super output areas - middle layer,152,Irish and at least one UK identity,16
9296,2021,E02004684,2021 super output areas - middle layer,152,Other identity only,1239
9297,2021,E02004684,2021 super output areas - middle layer,152,Other identity and at least one UK identity,274
9298,2021,E02004684,2021 super output areas - middle layer,152,Non-UK identity only,1267
9299,2021,E02004684,2021 super output areas - middle layer,152,UK identity and non-UK identity,290
9300,2021,E02004685,2021 super output areas - middle layer,152,Total: All usual residents,7887
9301,2021,E02004685,2021 super output areas - middle layer,152,British only identity,3798
9302,2021,E02004685,2021 super output areas - middle layer,152,English only identity,1104
9303,2021,E02004685,2021 super output areas - middle layer,152,English and British only identity,1045
9304,2021,E02004685,2021 super output areas - middle layer,152,Welsh only identity,27
9305,2021,E02004685,2021 super output areas - middle layer,152,Welsh and British only identity,12
9306,2021,E02004685,2021 super output areas - middle layer,152,Any other combination of only UK identities,81
9307,2021,E02004685,2021 super output areas - middle layer,152,Scottish only identity,38
9308,2021,E02004685,2021 super output areas - middle layer,152,Scottish and British only identity,21
9309,2021,E02004685,2021 super output areas - middle layer,152,Northern Irish only identity,4
9310,2021,E02004685,2021 super output areas - middle layer,152,Northern Irish and British only identity,2
9311,2021,E02004685,2021 super output areas - middle layer,152,Cornish only identity,2
9312,2021,E02004685,2021 super output areas - middle layer,152,Cornish and British only identity,0
9313,2021,E02004685,2021 super output areas - middle layer,152,Any other combination of only UK identities ,14
9314,2021,E02004685,2021 super output areas - middle layer,152,Irish only identity,30
9315,2021,E02004685,2021 super output areas - middle layer,152,Irish and at least one UK identity,14
9316,2021,E02004685,2021 super output areas - middle layer,152,Other identity only,1547
9317,2021,E02004685,2021 super output areas - middle layer,152,Other identity and at least one UK identity,229
9318,2021,E02004685,2021 super output areas - middle layer,152,Non-UK identity only,1577
9319,2021,E02004685,2021 super output areas - middle layer,152,UK identity and non-UK identity,243
9320,2021,E02004686,2021 super output areas - middle layer,152,Total: All usual residents,8831
9321,2021,E02004686,2021 super output areas - middle layer,152,British only identity,4295
9322,2021,E02004686,2021 super output areas - middle layer,152,English only identity,1107
9323,2021,E02004686,2021 super output areas - middle layer,152,English and British only identity,1042
9324,2021,E02004686,2021 super output areas - middle layer,152,Welsh only identity,39
9325,2021,E02004686,2021 super output areas - middle layer,152,Welsh and British only identity,18
9326,2021,E02004686,2021 super output areas - middle layer,152,Any other combination of only UK identities,104
9327,2021,E02004686,2021 super output areas - middle layer,152,Scottish only identity,39
9328,2021,E02004686,2021 super output areas - middle layer,152,Scottish and British only identity,23
9329,2021,E02004686,2021 super output areas - middle layer,152,Northern Irish only identity,12
9330,2021,E02004686,2021 super output areas - middle layer,152,Northern Irish and British only identity,2
9331,2021,E02004686,2021 super output areas - middle layer,152,Cornish only identity,3
9332,2021,E02004686,2021 super output areas - middle layer,152,Cornish and British only identity,0
9333,2021,E02004686,2021 super output areas - middle layer,152,Any other combination of only UK identities ,25
9334,2021,E02004686,2021 super output areas - middle layer,152,Irish only identity,47
9335,2021,E02004686,2021 super output areas - middle layer,152,Irish and at least one UK identity,14
9336,2021,E02004686,2021 super output areas - middle layer,152,Other identity only,1887
9337,2021,E02004686,2021 super output areas - middle layer,152,Other identity and at least one UK identity,278
9338,2021,E02004686,2021 super output areas - middle layer,152,Non-UK identity only,1934
9339,2021,E02004686,2021 super output areas - middle layer,152,UK identity and non-UK identity,292
9340,2021,E02004687,2021 super output areas - middle layer,152,Total: All usual residents,7692
9341,2021,E02004687,2021 super output areas - middle layer,152,British only identity,4219
9342,2021,E02004687,2021 super output areas - middle layer,152,English only identity,1313
9343,2021,E02004687,2021 super output areas - middle layer,152,English and British only identity,1276
9344,2021,E02004687,2021 super output areas - middle layer,152,Welsh only identity,13
9345,2021,E02004687,2021 super output areas - middle layer,152,Welsh and British only identity,8
9346,2021,E02004687,2021 super output areas - middle layer,152,Any other combination of only UK identities,68
9347,2021,E02004687,2021 super output areas - middle layer,152,Scottish only identity,33
9348,2021,E02004687,2021 super output areas - middle layer,152,Scottish and British only identity,9
9349,2021,E02004687,2021 super output areas - middle layer,152,Northern Irish only identity,6
9350,2021,E02004687,2021 super output areas - middle layer,152,Northern Irish and British only identity,0
9351,2021,E02004687,2021 super output areas - middle layer,152,Cornish only identity,4
9352,2021,E02004687,2021 super output areas - middle layer,152,Cornish and British only identity,0
9353,2021,E02004687,2021 super output areas - middle layer,152,Any other combination of only UK identities ,16
9354,2021,E02004687,2021 super output areas - middle layer,152,Irish only identity,29
9355,2021,E02004687,2021 super output areas - middle layer,152,Irish and at least one UK identity,12
9356,2021,E02004687,2021 super output areas - middle layer,152,Other identity only,638
9357,2021,E02004687,2021 super output areas - middle layer,152,Other identity and at least one UK identity,116
9358,2021,E02004687,2021 super output areas - middle layer,152,Non-UK identity only,667
9359,2021,E02004687,2021 super output areas - middle layer,152,UK identity and non-UK identity,128
9360,2021,E02004688,2021 super output areas - middle layer,152,Total: All usual residents,7847
9361,2021,E02004688,2021 super output areas - middle layer,152,British only identity,4219
9362,2021,E02004688,2021 super output areas - middle layer,152,English only identity,1373
9363,2021,E02004688,2021 super output areas - middle layer,152,English and British only identity,1225
9364,2021,E02004688,2021 super output areas - middle layer,152,Welsh only identity,30
9365,2021,E02004688,2021 super output areas - middle layer,152,Welsh and British only identity,9
9366,2021,E02004688,2021 super output areas - middle layer,152,Any other combination of only UK identities,58
9367,2021,E02004688,2021 super output areas - middle layer,152,Scottish only identity,25
9368,2021,E02004688,2021 super output areas - middle layer,152,Scottish and British only identity,8
9369,2021,E02004688,2021 super output areas - middle layer,152,Northern Irish only identity,7
9370,2021,E02004688,2021 super output areas - middle layer,152,Northern Irish and British only identity,7
9371,2021,E02004688,2021 super output areas - middle layer,152,Cornish only identity,3
9372,2021,E02004688,2021 super output areas - middle layer,152,Cornish and British only identity,0
9373,2021,E02004688,2021 super output areas - middle layer,152,Any other combination of only UK identities ,8
9374,2021,E02004688,2021 super output areas - middle layer,152,Irish only identity,50
9375,2021,E02004688,2021 super output areas - middle layer,152,Irish and at least one UK identity,9
9376,2021,E02004688,2021 super output areas - middle layer,152,Other identity only,715
9377,2021,E02004688,2021 super output areas - middle layer,152,Other identity and at least one UK identity,159
9378,2021,E02004688,2021 super output areas - middle layer,152,Non-UK identity only,765
9379,2021,E02004688,2021 super output areas - middle layer,152,UK identity and non-UK identity,168
9380,2021,E02004689,2021 super output areas - middle layer,152,Total: All usual residents,5689
9381,2021,E02004689,2021 super output areas - middle layer,152,British only identity,3236
9382,2021,E02004689,2021 super output areas - middle layer,152,English only identity,1108
9383,2021,E02004689,2021 super output areas - middle layer,152,English and British only identity,1007
9384,2021,E02004689,2021 super output areas - middle layer,152,Welsh only identity,33
9385,2021,E02004689,2021 super output areas - middle layer,152,Welsh and British only identity,16
9386,2021,E02004689,2021 super output areas - middle layer,152,Any other combination of only UK identities,68
9387,2021,E02004689,2021 super output areas - middle layer,152,Scottish only identity,33
9388,2021,E02004689,2021 super output areas - middle layer,152,Scottish and British only identity,10
9389,2021,E02004689,2021 super output areas - middle layer,152,Northern Irish only identity,10
9390,2021,E02004689,2021 super output areas - middle layer,152,Northern Irish and British only identity,0
9391,2021,E02004689,2021 super output areas - middle layer,152,Cornish only identity,2
9392,2021,E02004689,2021 super output areas - middle layer,152,Cornish and British only identity,1
9393,2021,E02004689,2021 super output areas - middle layer,152,Any other combination of only UK identities ,12
9394,2021,E02004689,2021 super output areas - middle layer,152,Irish only identity,20
9395,2021,E02004689,2021 super output areas - middle layer,152,Irish and at least one UK identity,9
9396,2021,E02004689,2021 super output areas - middle layer,152,Other identity only,143
9397,2021,E02004689,2021 super output areas - middle layer,152,Other identity and at least one UK identity,49
9398,2021,E02004689,2021 super output areas - middle layer,152,Non-UK identity only,163
9399,2021,E02004689,2021 super output areas - middle layer,152,UK identity and non-UK identity,58
9400,2021,E02004690,2021 super output areas - middle layer,152,Total: All usual residents,8122
9401,2021,E02004690,2021 super output areas - middle layer,152,British only identity,4506
9402,2021,E02004690,2021 super output areas - middle layer,152,English only identity,1378
9403,2021,E02004690,2021 super output areas - middle layer,152,English and British only identity,1343
9404,2021,E02004690,2021 super output areas - middle layer,152,Welsh only identity,29
9405,2021,E02004690,2021 super output areas - middle layer,152,Welsh and British only identity,21
9406,2021,E02004690,2021 super output areas - middle layer,152,Any other combination of only UK identities,96
9407,2021,E02004690,2021 super output areas - middle layer,152,Scottish only identity,41
9408,2021,E02004690,2021 super output areas - middle layer,152,Scottish and British only identity,12
9409,2021,E02004690,2021 super output areas - middle layer,152,Northern Irish only identity,11
9410,2021,E02004690,2021 super output areas - middle layer,152,Northern Irish and British only identity,7
9411,2021,E02004690,2021 super output areas - middle layer,152,Cornish only identity,0
9412,2021,E02004690,2021 super output areas - middle layer,152,Cornish and British only identity,0
9413,2021,E02004690,2021 super output areas - middle layer,152,Any other combination of only UK identities ,25
9414,2021,E02004690,2021 super output areas - middle layer,152,Irish only identity,28
9415,2021,E02004690,2021 super output areas - middle layer,152,Irish and at least one UK identity,4
9416,2021,E02004690,2021 super output areas - middle layer,152,Other identity only,592
9417,2021,E02004690,2021 super output areas - middle layer,152,Other identity and at least one UK identity,125
9418,2021,E02004690,2021 super output areas - middle layer,152,Non-UK identity only,620
9419,2021,E02004690,2021 super output areas - middle layer,152,UK identity and non-UK identity,129
9420,2021,E02004691,2021 super output areas - middle layer,152,Total: All usual residents,7948
9421,2021,E02004691,2021 super output areas - middle layer,152,British only identity,4692
9422,2021,E02004691,2021 super output areas - middle layer,152,English only identity,1470
9423,2021,E02004691,2021 super output areas - middle layer,152,English and British only identity,1262
9424,2021,E02004691,2021 super output areas - middle layer,152,Welsh only identity,40
9425,2021,E02004691,2021 super output areas - middle layer,152,Welsh and British only identity,22
9426,2021,E02004691,2021 super output areas - middle layer,152,Any other combination of only UK identities,94
9427,2021,E02004691,2021 super output areas - middle layer,152,Scottish only identity,33
9428,2021,E02004691,2021 super output areas - middle layer,152,Scottish and British only identity,31
9429,2021,E02004691,2021 super output areas - middle layer,152,Northern Irish only identity,8
9430,2021,E02004691,2021 super output areas - middle layer,152,Northern Irish and British only identity,5
9431,2021,E02004691,2021 super output areas - middle layer,152,Cornish only identity,0
9432,2021,E02004691,2021 super output areas - middle layer,152,Cornish and British only identity,2
9433,2021,E02004691,2021 super output areas - middle layer,152,Any other combination of only UK identities ,15
9434,2021,E02004691,2021 super output areas - middle layer,152,Irish only identity,23
9435,2021,E02004691,2021 super output areas - middle layer,152,Irish and at least one UK identity,5
9436,2021,E02004691,2021 super output areas - middle layer,152,Other identity only,235
9437,2021,E02004691,2021 super output areas - middle layer,152,Other identity and at least one UK identity,105
9438,2021,E02004691,2021 super output areas - middle layer,152,Non-UK identity only,258
9439,2021,E02004691,2021 super output areas - middle layer,152,UK identity and non-UK identity,110
9440,2021,E02004692,2021 super output areas - middle layer,152,Total: All usual residents,7234
9441,2021,E02004692,2021 super output areas - middle layer,152,British only identity,3893
9442,2021,E02004692,2021 super output areas - middle layer,152,English only identity,1561
9443,2021,E02004692,2021 super output areas - middle layer,152,English and British only identity,1322
9444,2021,E02004692,2021 super output areas - middle layer,152,Welsh only identity,32
9445,2021,E02004692,2021 super output areas - middle layer,152,Welsh and British only identity,27
9446,2021,E02004692,2021 super output areas - middle layer,152,Any other combination of only UK identities,81
9447,2021,E02004692,2021 super output areas - middle layer,152,Scottish only identity,35
9448,2021,E02004692,2021 super output areas - middle layer,152,Scottish and British only identity,21
9449,2021,E02004692,2021 super output areas - middle layer,152,Northern Irish only identity,4
9450,2021,E02004692,2021 super output areas - middle layer,152,Northern Irish and British only identity,5
9451,2021,E02004692,2021 super output areas - middle layer,152,Cornish only identity,0
9452,2021,E02004692,2021 super output areas - middle layer,152,Cornish and British only identity,1
9453,2021,E02004692,2021 super output areas - middle layer,152,Any other combination of only UK identities ,15
9454,2021,E02004692,2021 super output areas - middle layer,152,Irish only identity,37
9455,2021,E02004692,2021 super output areas - middle layer,152,Irish and at least one UK identity,7
9456,2021,E02004692,2021 super output areas - middle layer,152,Other identity only,178
9457,2021,E02004692,2021 super output areas - middle layer,152,Other identity and at least one UK identity,96
9458,2021,E02004692,2021 super output areas - middle layer,152,Non-UK identity only,215
9459,2021,E02004692,2021 super output areas - middle layer,152,UK identity and non-UK identity,103
9460,2021,E02004693,2021 super output areas - middle layer,152,Total: All usual residents,7447
9461,2021,E02004693,2021 super output areas - middle layer,152,British only identity,4050
9462,2021,E02004693,2021 super output areas - middle layer,152,English only identity,1194
9463,2021,E02004693,2021 super output areas - middle layer,152,English and British only identity,1361
9464,2021,E02004693,2021 super output areas - middle layer,152,Welsh only identity,25
9465,2021,E02004693,2021 super output areas - middle layer,152,Welsh and British only identity,7
9466,2021,E02004693,2021 super output areas - middle layer,152,Any other combination of only UK identities,69
9467,2021,E02004693,2021 super output areas - middle layer,152,Scottish only identity,24
9468,2021,E02004693,2021 super output areas - middle layer,152,Scottish and British only identity,17
9469,2021,E02004693,2021 super output areas - middle layer,152,Northern Irish only identity,10
9470,2021,E02004693,2021 super output areas - middle layer,152,Northern Irish and British only identity,1
9471,2021,E02004693,2021 super output areas - middle layer,152,Cornish only identity,3
9472,2021,E02004693,2021 super output areas - middle layer,152,Cornish and British only identity,0
9473,2021,E02004693,2021 super output areas - middle layer,152,Any other combination of only UK identities ,14
9474,2021,E02004693,2021 super output areas - middle layer,152,Irish only identity,13
9475,2021,E02004693,2021 super output areas - middle layer,152,Irish and at least one UK identity,3
9476,2021,E02004693,2021 super output areas - middle layer,152,Other identity only,592
9477,2021,E02004693,2021 super output areas - middle layer,152,Other identity and at least one UK identity,133
9478,2021,E02004693,2021 super output areas - middle layer,152,Non-UK identity only,605
9479,2021,E02004693,2021 super output areas - middle layer,152,UK identity and non-UK identity,136
9480,2021,E02004694,2021 super output areas - middle layer,152,Total: All usual residents,7539
9481,2021,E02004694,2021 super output areas - middle layer,152,British only identity,4532
9482,2021,E02004694,2021 super output areas - middle layer,152,English only identity,1181
9483,2021,E02004694,2021 super output areas - middle layer,152,English and British only identity,1289
9484,2021,E02004694,2021 super output areas - middle layer,152,Welsh only identity,37
9485,2021,E02004694,2021 super output areas - middle layer,152,Welsh and British only identity,25
9486,2021,E02004694,2021 super output areas - middle layer,152,Any other combination of only UK identities,105
9487,2021,E02004694,2021 super output areas - middle layer,152,Scottish only identity,35
9488,2021,E02004694,2021 super output areas - middle layer,152,Scottish and British only identity,32
9489,2021,E02004694,2021 super output areas - middle layer,152,Northern Irish only identity,9
9490,2021,E02004694,2021 super output areas - middle layer,152,Northern Irish and British only identity,3
9491,2021,E02004694,2021 super output areas - middle layer,152,Cornish only identity,1
9492,2021,E02004694,2021 super output areas - middle layer,152,Cornish and British only identity,0
9493,2021,E02004694,2021 super output areas - middle layer,152,Any other combination of only UK identities ,25
9494,2021,E02004694,2021 super output areas - middle layer,152,Irish only identity,31
9495,2021,E02004694,2021 super output areas - middle layer,152,Irish and at least one UK identity,9
9496,2021,E02004694,2021 super output areas - middle layer,152,Other identity only,237
9497,2021,E02004694,2021 super output areas - middle layer,152,Other identity and at least one UK identity,93
9498,2021,E02004694,2021 super output areas - middle layer,152,Non-UK identity only,268
9499,2021,E02004694,2021 super output areas - middle layer,152,UK identity and non-UK identity,102
9500,2021,E02004695,2021 super output areas - middle layer,152,Total: All usual residents,8753
9501,2021,E02004695,2021 super output areas - middle layer,152,British only identity,5085
9502,2021,E02004695,2021 super output areas - middle layer,152,English only identity,1390
9503,2021,E02004695,2021 super output areas - middle layer,152,English and British only identity,1564
9504,2021,E02004695,2021 super output areas - middle layer,152,Welsh only identity,31
9505,2021,E02004695,2021 super output areas - middle layer,152,Welsh and British only identity,21
9506,2021,E02004695,2021 super output areas - middle layer,152,Any other combination of only UK identities,92
9507,2021,E02004695,2021 super output areas - middle layer,152,Scottish only identity,36
9508,2021,E02004695,2021 super output areas - middle layer,152,Scottish and British only identity,26
9509,2021,E02004695,2021 super output areas - middle layer,152,Northern Irish only identity,6
9510,2021,E02004695,2021 super output areas - middle layer,152,Northern Irish and British only identity,5
9511,2021,E02004695,2021 super output areas - middle layer,152,Cornish only identity,1
9512,2021,E02004695,2021 super output areas - middle layer,152,Cornish and British only identity,0
9513,2021,E02004695,2021 super output areas - middle layer,152,Any other combination of only UK identities ,18
9514,2021,E02004695,2021 super output areas - middle layer,152,Irish only identity,33
9515,2021,E02004695,2021 super output areas - middle layer,152,Irish and at least one UK identity,9
9516,2021,E02004695,2021 super output areas - middle layer,152,Other identity only,395
9517,2021,E02004695,2021 super output areas - middle layer,152,Other identity and at least one UK identity,133
9518,2021,E02004695,2021 super output areas - middle layer,152,Non-UK identity only,428
9519,2021,E02004695,2021 super output areas - middle layer,152,UK identity and non-UK identity,142
9520,2021,E02004696,2021 super output areas - middle layer,152,Total: All usual residents,7542
9521,2021,E02004696,2021 super output areas - middle layer,152,British only identity,4369
9522,2021,E02004696,2021 super output areas - middle layer,152,English only identity,1223
9523,2021,E02004696,2021 super output areas - middle layer,152,English and British only identity,1361
9524,2021,E02004696,2021 super output areas - middle layer,152,Welsh only identity,45
9525,2021,E02004696,2021 super output areas - middle layer,152,Welsh and British only identity,17
9526,2021,E02004696,2021 super output areas - middle layer,152,Any other combination of only UK identities,80
9527,2021,E02004696,2021 super output areas - middle layer,152,Scottish only identity,33
9528,2021,E02004696,2021 super output areas - middle layer,152,Scottish and British only identity,20
9529,2021,E02004696,2021 super output areas - middle layer,152,Northern Irish only identity,10
9530,2021,E02004696,2021 super output areas - middle layer,152,Northern Irish and British only identity,3
9531,2021,E02004696,2021 super output areas - middle layer,152,Cornish only identity,2
9532,2021,E02004696,2021 super output areas - middle layer,152,Cornish and British only identity,0
9533,2021,E02004696,2021 super output areas - middle layer,152,Any other combination of only UK identities ,12
9534,2021,E02004696,2021 super output areas - middle layer,152,Irish only identity,22
9535,2021,E02004696,2021 super output areas - middle layer,152,Irish and at least one UK identity,15
9536,2021,E02004696,2021 super output areas - middle layer,152,Other identity only,288
9537,2021,E02004696,2021 super output areas - middle layer,152,Other identity and at least one UK identity,122
9538,2021,E02004696,2021 super output areas - middle layer,152,Non-UK identity only,310
9539,2021,E02004696,2021 super output areas - middle layer,152,UK identity and non-UK identity,137
9540,2021,E02004697,2021 super output areas - middle layer,152,Total: All usual residents,6836
9541,2021,E02004697,2021 super output areas - middle layer,152,British only identity,4169
9542,2021,E02004697,2021 super output areas - middle layer,152,English only identity,1046
9543,2021,E02004697,2021 super output areas - middle layer,152,English and British only identity,1055
9544,2021,E02004697,2021 super output areas - middle layer,152,Welsh only identity,22
9545,2021,E02004697,2021 super output areas - middle layer,152,Welsh and British only identity,20
9546,2021,E02004697,2021 super output areas - middle layer,152,Any other combination of only UK identities,93
9547,2021,E02004697,2021 super output areas - middle layer,152,Scottish only identity,28
9548,2021,E02004697,2021 super output areas - middle layer,152,Scottish and British only identity,31
9549,2021,E02004697,2021 super output areas - middle layer,152,Northern Irish only identity,6
9550,2021,E02004697,2021 super output areas - middle layer,152,Northern Irish and British only identity,2
9551,2021,E02004697,2021 super output areas - middle layer,152,Cornish only identity,1
9552,2021,E02004697,2021 super output areas - middle layer,152,Cornish and British only identity,0
9553,2021,E02004697,2021 super output areas - middle layer,152,Any other combination of only UK identities ,25
9554,2021,E02004697,2021 super output areas - middle layer,152,Irish only identity,28
9555,2021,E02004697,2021 super output areas - middle layer,152,Irish and at least one UK identity,15
9556,2021,E02004697,2021 super output areas - middle layer,152,Other identity only,275
9557,2021,E02004697,2021 super output areas - middle layer,152,Other identity and at least one UK identity,113
9558,2021,E02004697,2021 super output areas - middle layer,152,Non-UK identity only,303
9559,2021,E02004697,2021 super output areas - middle layer,152,UK identity and non-UK identity,128
9560,2021,E02004698,2021 super output areas - middle layer,152,Total: All usual residents,6606
9561,2021,E02004698,2021 super output areas - middle layer,152,British only identity,3741
9562,2021,E02004698,2021 super output areas - middle layer,152,English only identity,1117
9563,2021,E02004698,2021 super output areas - middle layer,152,English and British only identity,1146
9564,2021,E02004698,2021 super output areas - middle layer,152,Welsh only identity,29
9565,2021,E02004698,2021 super output areas - middle layer,152,Welsh and British only identity,13
9566,2021,E02004698,2021 super output areas - middle layer,152,Any other combination of only UK identities,74
9567,2021,E02004698,2021 super output areas - middle layer,152,Scottish only identity,33
9568,2021,E02004698,2021 super output areas - middle layer,152,Scottish and British only identity,15
9569,2021,E02004698,2021 super output areas - middle layer,152,Northern Irish only identity,8
9570,2021,E02004698,2021 super output areas - middle layer,152,Northern Irish and British only identity,4
9571,2021,E02004698,2021 super output areas - middle layer,152,Cornish only identity,0
9572,2021,E02004698,2021 super output areas - middle layer,152,Cornish and British only identity,0
9573,2021,E02004698,2021 super output areas - middle layer,152,Any other combination of only UK identities ,14
9574,2021,E02004698,2021 super output areas - middle layer,152,Irish only identity,17
9575,2021,E02004698,2021 super output areas - middle layer,152,Irish and at least one UK identity,6
9576,2021,E02004698,2021 super output areas - middle layer,152,Other identity only,373
9577,2021,E02004698,2021 super output areas - middle layer,152,Other identity and at least one UK identity,90
9578,2021,E02004698,2021 super output areas - middle layer,152,Non-UK identity only,390
9579,2021,E02004698,2021 super output areas - middle layer,152,UK identity and non-UK identity,96
9580,2021,E02004699,2021 super output areas - middle layer,152,Total: All usual residents,10712
9581,2021,E02004699,2021 super output areas - middle layer,152,British only identity,6164
9582,2021,E02004699,2021 super output areas - middle layer,152,English only identity,1956
9583,2021,E02004699,2021 super output areas - middle layer,152,English and British only identity,1720
9584,2021,E02004699,2021 super output areas - middle layer,152,Welsh only identity,60
9585,2021,E02004699,2021 super output areas - middle layer,152,Welsh and British only identity,26
9586,2021,E02004699,2021 super output areas - middle layer,152,Any other combination of only UK identities,132
9587,2021,E02004699,2021 super output areas - middle layer,152,Scottish only identity,58
9588,2021,E02004699,2021 super output areas - middle layer,152,Scottish and British only identity,34
9589,2021,E02004699,2021 super output areas - middle layer,152,Northern Irish only identity,7
9590,2021,E02004699,2021 super output areas - middle layer,152,Northern Irish and British only identity,8
9591,2021,E02004699,2021 super output areas - middle layer,152,Cornish only identity,7
9592,2021,E02004699,2021 super output areas - middle layer,152,Cornish and British only identity,0
9593,2021,E02004699,2021 super output areas - middle layer,152,Any other combination of only UK identities ,18
9594,2021,E02004699,2021 super output areas - middle layer,152,Irish only identity,21
9595,2021,E02004699,2021 super output areas - middle layer,152,Irish and at least one UK identity,9
9596,2021,E02004699,2021 super output areas - middle layer,152,Other identity only,467
9597,2021,E02004699,2021 super output areas - middle layer,152,Other identity and at least one UK identity,157
9598,2021,E02004699,2021 super output areas - middle layer,152,Non-UK identity only,488
9599,2021,E02004699,2021 super output areas - middle layer,152,UK identity and non-UK identity,166
9600,2021,E02004700,2021 super output areas - middle layer,152,Total: All usual residents,6902
9601,2021,E02004700,2021 super output areas - middle layer,152,British only identity,4087
9602,2021,E02004700,2021 super output areas - middle layer,152,English only identity,947
9603,2021,E02004700,2021 super output areas - middle layer,152,English and British only identity,1109
9604,2021,E02004700,2021 super output areas - middle layer,152,Welsh only identity,18
9605,2021,E02004700,2021 super output areas - middle layer,152,Welsh and British only identity,8
9606,2021,E02004700,2021 super output areas - middle layer,152,Any other combination of only UK identities,62
9607,2021,E02004700,2021 super output areas - middle layer,152,Scottish only identity,25
9608,2021,E02004700,2021 super output areas - middle layer,152,Scottish and British only identity,13
9609,2021,E02004700,2021 super output areas - middle layer,152,Northern Irish only identity,6
9610,2021,E02004700,2021 super output areas - middle layer,152,Northern Irish and British only identity,5
9611,2021,E02004700,2021 super output areas - middle layer,152,Cornish only identity,1
9612,2021,E02004700,2021 super output areas - middle layer,152,Cornish and British only identity,0
9613,2021,E02004700,2021 super output areas - middle layer,152,Any other combination of only UK identities ,12
9614,2021,E02004700,2021 super output areas - middle layer,152,Irish only identity,12
9615,2021,E02004700,2021 super output areas - middle layer,152,Irish and at least one UK identity,2
9616,2021,E02004700,2021 super output areas - middle layer,152,Other identity only,545
9617,2021,E02004700,2021 super output areas - middle layer,152,Other identity and at least one UK identity,112
9618,2021,E02004700,2021 super output areas - middle layer,152,Non-UK identity only,557
9619,2021,E02004700,2021 super output areas - middle layer,152,UK identity and non-UK identity,114
9620,2021,E02004702,2021 super output areas - middle layer,152,Total: All usual residents,8025
9621,2021,E02004702,2021 super output areas - middle layer,152,British only identity,4570
9622,2021,E02004702,2021 super output areas - middle layer,152,English only identity,1424
9623,2021,E02004702,2021 super output areas - middle layer,152,English and British only identity,1361
9624,2021,E02004702,2021 super output areas - middle layer,152,Welsh only identity,23
9625,2021,E02004702,2021 super output areas - middle layer,152,Welsh and British only identity,15
9626,2021,E02004702,2021 super output areas - middle layer,152,Any other combination of only UK identities,94
9627,2021,E02004702,2021 super output areas - middle layer,152,Scottish only identity,46
9628,2021,E02004702,2021 super output areas - middle layer,152,Scottish and British only identity,14
9629,2021,E02004702,2021 super output areas - middle layer,152,Northern Irish only identity,5
9630,2021,E02004702,2021 super output areas - middle layer,152,Northern Irish and British only identity,2
9631,2021,E02004702,2021 super output areas - middle layer,152,Cornish only identity,1
9632,2021,E02004702,2021 super output areas - middle layer,152,Cornish and British only identity,0
9633,2021,E02004702,2021 super output areas - middle layer,152,Any other combination of only UK identities ,26
9634,2021,E02004702,2021 super output areas - middle layer,152,Irish only identity,11
9635,2021,E02004702,2021 super output areas - middle layer,152,Irish and at least one UK identity,9
9636,2021,E02004702,2021 super output areas - middle layer,152,Other identity only,437
9637,2021,E02004702,2021 super output areas - middle layer,152,Other identity and at least one UK identity,81
9638,2021,E02004702,2021 super output areas - middle layer,152,Non-UK identity only,448
9639,2021,E02004702,2021 super output areas - middle layer,152,UK identity and non-UK identity,90
9640,2021,E02004703,2021 super output areas - middle layer,152,Total: All usual residents,12611
9641,2021,E02004703,2021 super output areas - middle layer,152,British only identity,7467
9642,2021,E02004703,2021 super output areas - middle layer,152,English only identity,2144
9643,2021,E02004703,2021 super output areas - middle layer,152,English and British only identity,2089
9644,2021,E02004703,2021 super output areas - middle layer,152,Welsh only identity,52
9645,2021,E02004703,2021 super output areas - middle layer,152,Welsh and British only identity,32
9646,2021,E02004703,2021 super output areas - middle layer,152,Any other combination of only UK identities,161
9647,2021,E02004703,2021 super output areas - middle layer,152,Scottish only identity,54
9648,2021,E02004703,2021 super output areas - middle layer,152,Scottish and British only identity,44
9649,2021,E02004703,2021 super output areas - middle layer,152,Northern Irish only identity,16
9650,2021,E02004703,2021 super output areas - middle layer,152,Northern Irish and British only identity,16
9651,2021,E02004703,2021 super output areas - middle layer,152,Cornish only identity,0
9652,2021,E02004703,2021 super output areas - middle layer,152,Cornish and British only identity,0
9653,2021,E02004703,2021 super output areas - middle layer,152,Any other combination of only UK identities ,31
9654,2021,E02004703,2021 super output areas - middle layer,152,Irish only identity,38
9655,2021,E02004703,2021 super output areas - middle layer,152,Irish and at least one UK identity,24
9656,2021,E02004703,2021 super output areas - middle layer,152,Other identity only,419
9657,2021,E02004703,2021 super output areas - middle layer,152,Other identity and at least one UK identity,185
9658,2021,E02004703,2021 super output areas - middle layer,152,Non-UK identity only,457
9659,2021,E02004703,2021 super output areas - middle layer,152,UK identity and non-UK identity,209
9660,2021,E02004704,2021 super output areas - middle layer,152,Total: All usual residents,6207
9661,2021,E02004704,2021 super output areas - middle layer,152,British only identity,3643
9662,2021,E02004704,2021 super output areas - middle layer,152,English only identity,1090
9663,2021,E02004704,2021 super output areas - middle layer,152,English and British only identity,984
9664,2021,E02004704,2021 super output areas - middle layer,152,Welsh only identity,11
9665,2021,E02004704,2021 super output areas - middle layer,152,Welsh and British only identity,14
9666,2021,E02004704,2021 super output areas - middle layer,152,Any other combination of only UK identities,64
9667,2021,E02004704,2021 super output areas - middle layer,152,Scottish only identity,35
9668,2021,E02004704,2021 super output areas - middle layer,152,Scottish and British only identity,12
9669,2021,E02004704,2021 super output areas - middle layer,152,Northern Irish only identity,6
9670,2021,E02004704,2021 super output areas - middle layer,152,Northern Irish and British only identity,2
9671,2021,E02004704,2021 super output areas - middle layer,152,Cornish only identity,0
9672,2021,E02004704,2021 super output areas - middle layer,152,Cornish and British only identity,0
9673,2021,E02004704,2021 super output areas - middle layer,152,Any other combination of only UK identities ,9
9674,2021,E02004704,2021 super output areas - middle layer,152,Irish only identity,21
9675,2021,E02004704,2021 super output areas - middle layer,152,Irish and at least one UK identity,11
9676,2021,E02004704,2021 super output areas - middle layer,152,Other identity only,279
9677,2021,E02004704,2021 super output areas - middle layer,152,Other identity and at least one UK identity,90
9678,2021,E02004704,2021 super output areas - middle layer,152,Non-UK identity only,300
9679,2021,E02004704,2021 super output areas - middle layer,152,UK identity and non-UK identity,101
9680,2021,E02004705,2021 super output areas - middle layer,152,Total: All usual residents,9770
9681,2021,E02004705,2021 super output areas - middle layer,152,British only identity,5877
9682,2021,E02004705,2021 super output areas - middle layer,152,English only identity,1517
9683,2021,E02004705,2021 super output areas - middle layer,152,English and British only identity,1525
9684,2021,E02004705,2021 super output areas - middle layer,152,Welsh only identity,31
9685,2021,E02004705,2021 super output areas - middle layer,152,Welsh and British only identity,23
9686,2021,E02004705,2021 super output areas - middle layer,152,Any other combination of only UK identities,101
9687,2021,E02004705,2021 super output areas - middle layer,152,Scottish only identity,36
9688,2021,E02004705,2021 super output areas - middle layer,152,Scottish and British only identity,38
9689,2021,E02004705,2021 super output areas - middle layer,152,Northern Irish only identity,10
9690,2021,E02004705,2021 super output areas - middle layer,152,Northern Irish and British only identity,5
9691,2021,E02004705,2021 super output areas - middle layer,152,Cornish only identity,1
9692,2021,E02004705,2021 super output areas - middle layer,152,Cornish and British only identity,0
9693,2021,E02004705,2021 super output areas - middle layer,152,Any other combination of only UK identities ,11
9694,2021,E02004705,2021 super output areas - middle layer,152,Irish only identity,53
9695,2021,E02004705,2021 super output areas - middle layer,152,Irish and at least one UK identity,12
9696,2021,E02004705,2021 super output areas - middle layer,152,Other identity only,456
9697,2021,E02004705,2021 super output areas - middle layer,152,Other identity and at least one UK identity,175
9698,2021,E02004705,2021 super output areas - middle layer,152,Non-UK identity only,509
9699,2021,E02004705,2021 super output areas - middle layer,152,UK identity and non-UK identity,187
9700,2021,E02004706,2021 super output areas - middle layer,152,Total: All usual residents,7619
9701,2021,E02004706,2021 super output areas - middle layer,152,British only identity,4619
9702,2021,E02004706,2021 super output areas - middle layer,152,English only identity,1264
9703,2021,E02004706,2021 super output areas - middle layer,152,English and British only identity,1158
9704,2021,E02004706,2021 super output areas - middle layer,152,Welsh only identity,24
9705,2021,E02004706,2021 super output areas - middle layer,152,Welsh and British only identity,11
9706,2021,E02004706,2021 super output areas - middle layer,152,Any other combination of only UK identities,87
9707,2021,E02004706,2021 super output areas - middle layer,152,Scottish only identity,35
9708,2021,E02004706,2021 super output areas - middle layer,152,Scottish and British only identity,18
9709,2021,E02004706,2021 super output areas - middle layer,152,Northern Irish only identity,9
9710,2021,E02004706,2021 super output areas - middle layer,152,Northern Irish and British only identity,4
9711,2021,E02004706,2021 super output areas - middle layer,152,Cornish only identity,2
9712,2021,E02004706,2021 super output areas - middle layer,152,Cornish and British only identity,0
9713,2021,E02004706,2021 super output areas - middle layer,152,Any other combination of only UK identities ,19
9714,2021,E02004706,2021 super output areas - middle layer,152,Irish only identity,29
9715,2021,E02004706,2021 super output areas - middle layer,152,Irish and at least one UK identity,8
9716,2021,E02004706,2021 super output areas - middle layer,152,Other identity only,301
9717,2021,E02004706,2021 super output areas - middle layer,152,Other identity and at least one UK identity,118
9718,2021,E02004706,2021 super output areas - middle layer,152,Non-UK identity only,330
9719,2021,E02004706,2021 super output areas - middle layer,152,UK identity and non-UK identity,126
9720,2021,E02004707,2021 super output areas - middle layer,152,Total: All usual residents,11210
9721,2021,E02004707,2021 super output areas - middle layer,152,British only identity,6738
9722,2021,E02004707,2021 super output areas - middle layer,152,English only identity,1717
9723,2021,E02004707,2021 super output areas - middle layer,152,English and British only identity,1794
9724,2021,E02004707,2021 super output areas - middle layer,152,Welsh only identity,52
9725,2021,E02004707,2021 super output areas - middle layer,152,Welsh and British only identity,28
9726,2021,E02004707,2021 super output areas - middle layer,152,Any other combination of only UK identities,170
9727,2021,E02004707,2021 super output areas - middle layer,152,Scottish only identity,43
9728,2021,E02004707,2021 super output areas - middle layer,152,Scottish and British only identity,42
9729,2021,E02004707,2021 super output areas - middle layer,152,Northern Irish only identity,16
9730,2021,E02004707,2021 super output areas - middle layer,152,Northern Irish and British only identity,10
9731,2021,E02004707,2021 super output areas - middle layer,152,Cornish only identity,1
9732,2021,E02004707,2021 super output areas - middle layer,152,Cornish and British only identity,0
9733,2021,E02004707,2021 super output areas - middle layer,152,Any other combination of only UK identities ,58
9734,2021,E02004707,2021 super output areas - middle layer,152,Irish only identity,30
9735,2021,E02004707,2021 super output areas - middle layer,152,Irish and at least one UK identity,20
9736,2021,E02004707,2021 super output areas - middle layer,152,Other identity only,458
9737,2021,E02004707,2021 super output areas - middle layer,152,Other identity and at least one UK identity,203
9738,2021,E02004707,2021 super output areas - middle layer,152,Non-UK identity only,488
9739,2021,E02004707,2021 super output areas - middle layer,152,UK identity and non-UK identity,223
9740,2021,E02004708,2021 super output areas - middle layer,152,Total: All usual residents,9620
9741,2021,E02004708,2021 super output areas - middle layer,152,British only identity,5649
9742,2021,E02004708,2021 super output areas - middle layer,152,English only identity,1647
9743,2021,E02004708,2021 super output areas - middle layer,152,English and British only identity,1555
9744,2021,E02004708,2021 super output areas - middle layer,152,Welsh only identity,39
9745,2021,E02004708,2021 super output areas - middle layer,152,Welsh and British only identity,18
9746,2021,E02004708,2021 super output areas - middle layer,152,Any other combination of only UK identities,84
9747,2021,E02004708,2021 super output areas - middle layer,152,Scottish only identity,29
9748,2021,E02004708,2021 super output areas - middle layer,152,Scottish and British only identity,25
9749,2021,E02004708,2021 super output areas - middle layer,152,Northern Irish only identity,7
9750,2021,E02004708,2021 super output areas - middle layer,152,Northern Irish and British only identity,2
9751,2021,E02004708,2021 super output areas - middle layer,152,Cornish only identity,2
9752,2021,E02004708,2021 super output areas - middle layer,152,Cornish and British only identity,0
9753,2021,E02004708,2021 super output areas - middle layer,152,Any other combination of only UK identities ,19
9754,2021,E02004708,2021 super output areas - middle layer,152,Irish only identity,29
9755,2021,E02004708,2021 super output areas - middle layer,152,Irish and at least one UK identity,15
9756,2021,E02004708,2021 super output areas - middle layer,152,Other identity only,418
9757,2021,E02004708,2021 super output areas - middle layer,152,Other identity and at least one UK identity,166
9758,2021,E02004708,2021 super output areas - middle layer,152,Non-UK identity only,447
9759,2021,E02004708,2021 super output areas - middle layer,152,UK identity and non-UK identity,181
9760,2021,E02004709,2021 super output areas - middle layer,152,Total: All usual residents,8743
9761,2021,E02004709,2021 super output areas - middle layer,152,British only identity,5036
9762,2021,E02004709,2021 super output areas - middle layer,152,English only identity,1658
9763,2021,E02004709,2021 super output areas - middle layer,152,English and British only identity,1579
9764,2021,E02004709,2021 super output areas - middle layer,152,Welsh only identity,33
9765,2021,E02004709,2021 super output areas - middle layer,152,Welsh and British only identity,15
9766,2021,E02004709,2021 super output areas - middle layer,152,Any other combination of only UK identities,90
9767,2021,E02004709,2021 super output areas - middle layer,152,Scottish only identity,28
9768,2021,E02004709,2021 super output areas - middle layer,152,Scottish and British only identity,26
9769,2021,E02004709,2021 super output areas - middle layer,152,Northern Irish only identity,7
9770,2021,E02004709,2021 super output areas - middle layer,152,Northern Irish and British only identity,4
9771,2021,E02004709,2021 super output areas - middle layer,152,Cornish only identity,0
9772,2021,E02004709,2021 super output areas - middle layer,152,Cornish and British only identity,0
9773,2021,E02004709,2021 super output areas - middle layer,152,Any other combination of only UK identities ,25
9774,2021,E02004709,2021 super output areas - middle layer,152,Irish only identity,27
9775,2021,E02004709,2021 super output areas - middle layer,152,Irish and at least one UK identity,5
9776,2021,E02004709,2021 super output areas - middle layer,152,Other identity only,211
9777,2021,E02004709,2021 super output areas - middle layer,152,Other identity and at least one UK identity,89
9778,2021,E02004709,2021 super output areas - middle layer,152,Non-UK identity only,238
9779,2021,E02004709,2021 super output areas - middle layer,152,UK identity and non-UK identity,94
9780,2021,E02004710,2021 super output areas - middle layer,152,Total: All usual residents,6551
9781,2021,E02004710,2021 super output areas - middle layer,152,British only identity,3903
9782,2021,E02004710,2021 super output areas - middle layer,152,English only identity,1251
9783,2021,E02004710,2021 super output areas - middle layer,152,English and British only identity,1101
9784,2021,E02004710,2021 super output areas - middle layer,152,Welsh only identity,32
9785,2021,E02004710,2021 super output areas - middle layer,152,Welsh and British only identity,6
9786,2021,E02004710,2021 super output areas - middle layer,152,Any other combination of only UK identities,66
9787,2021,E02004710,2021 super output areas - middle layer,152,Scottish only identity,27
9788,2021,E02004710,2021 super output areas - middle layer,152,Scottish and British only identity,17
9789,2021,E02004710,2021 super output areas - middle layer,152,Northern Irish only identity,4
9790,2021,E02004710,2021 super output areas - middle layer,152,Northern Irish and British only identity,4
9791,2021,E02004710,2021 super output areas - middle layer,152,Cornish only identity,0
9792,2021,E02004710,2021 super output areas - middle layer,152,Cornish and British only identity,0
9793,2021,E02004710,2021 super output areas - middle layer,152,Any other combination of only UK identities ,14
9794,2021,E02004710,2021 super output areas - middle layer,152,Irish only identity,8
9795,2021,E02004710,2021 super output areas - middle layer,152,Irish and at least one UK identity,2
9796,2021,E02004710,2021 super output areas - middle layer,152,Other identity only,136
9797,2021,E02004710,2021 super output areas - middle layer,152,Other identity and at least one UK identity,46
9798,2021,E02004710,2021 super output areas - middle layer,152,Non-UK identity only,144
9799,2021,E02004710,2021 super output areas - middle layer,152,UK identity and non-UK identity,48
9800,2021,E02006829,2021 super output areas - middle layer,152,Total: All usual residents,7397
9801,2021,E02006829,2021 super output areas - middle layer,152,British only identity,4230
9802,2021,E02006829,2021 super output areas - middle layer,152,English only identity,1403
9803,2021,E02006829,2021 super output areas - middle layer,152,English and British only identity,1317
9804,2021,E02006829,2021 super output areas - middle layer,152,Welsh only identity,38
9805,2021,E02006829,2021 super output areas - middle layer,152,Welsh and British only identity,12
9806,2021,E02006829,2021 super output areas - middle layer,152,Any other combination of only UK identities,85
9807,2021,E02006829,2021 super output areas - middle layer,152,Scottish only identity,28
9808,2021,E02006829,2021 super output areas - middle layer,152,Scottish and British only identity,33
9809,2021,E02006829,2021 super output areas - middle layer,152,Northern Irish only identity,8
9810,2021,E02006829,2021 super output areas - middle layer,152,Northern Irish and British only identity,3
9811,2021,E02006829,2021 super output areas - middle layer,152,Cornish only identity,0
9812,2021,E02006829,2021 super output areas - middle layer,152,Cornish and British only identity,0
9813,2021,E02006829,2021 super output areas - middle layer,152,Any other combination of only UK identities ,13
9814,2021,E02006829,2021 super output areas - middle layer,152,Irish only identity,27
9815,2021,E02006829,2021 super output areas - middle layer,152,Irish and at least one UK identity,14
9816,2021,E02006829,2021 super output areas - middle layer,152,Other identity only,185
9817,2021,E02006829,2021 super output areas - middle layer,152,Other identity and at least one UK identity,86
9818,2021,E02006829,2021 super output areas - middle layer,152,Non-UK identity only,212
9819,2021,E02006829,2021 super output areas - middle layer,152,UK identity and non-UK identity,100
9820,2021,E02006838,2021 super output areas - middle layer,152,Total: All usual residents,6940
9821,2021,E02006838,2021 super output areas - middle layer,152,British only identity,4098
9822,2021,E02006838,2021 super output areas - middle layer,152,English only identity,1209
9823,2021,E02006838,2021 super output areas - middle layer,152,English and British only identity,1071
9824,2021,E02006838,2021 super output areas - middle layer,152,Welsh only identity,32
9825,2021,E02006838,2021 super output areas - middle layer,152,Welsh and British only identity,17
9826,2021,E02006838,2021 super output areas - middle layer,152,Any other combination of only UK identities,100
9827,2021,E02006838,2021 super output areas - middle layer,152,Scottish only identity,35
9828,2021,E02006838,2021 super output areas - middle layer,152,Scottish and British only identity,26
9829,2021,E02006838,2021 super output areas - middle layer,152,Northern Irish only identity,11
9830,2021,E02006838,2021 super output areas - middle layer,152,Northern Irish and British only identity,9
9831,2021,E02006838,2021 super output areas - middle layer,152,Cornish only identity,2
9832,2021,E02006838,2021 super output areas - middle layer,152,Cornish and British only identity,0
9833,2021,E02006838,2021 super output areas - middle layer,152,Any other combination of only UK identities ,17
9834,2021,E02006838,2021 super output areas - middle layer,152,Irish only identity,30
9835,2021,E02006838,2021 super output areas - middle layer,152,Irish and at least one UK identity,13
9836,2021,E02006838,2021 super output areas - middle layer,152,Other identity only,243
9837,2021,E02006838,2021 super output areas - middle layer,152,Other identity and at least one UK identity,127
9838,2021,E02006838,2021 super output areas - middle layer,152,Non-UK identity only,273
9839,2021,E02006838,2021 super output areas - middle layer,152,UK identity and non-UK identity,140
9840,2021,E02004712,2021 super output areas - middle layer,152,Total: All usual residents,8769
9841,2021,E02004712,2021 super output areas - middle layer,152,British only identity,5355
9842,2021,E02004712,2021 super output areas - middle layer,152,English only identity,1272
9843,2021,E02004712,2021 super output areas - middle layer,152,English and British only identity,1351
9844,2021,E02004712,2021 super output areas - middle layer,152,Welsh only identity,41
9845,2021,E02004712,2021 super output areas - middle layer,152,Welsh and British only identity,18
9846,2021,E02004712,2021 super output areas - middle layer,152,Any other combination of only UK identities,117
9847,2021,E02004712,2021 super output areas - middle layer,152,Scottish only identity,41
9848,2021,E02004712,2021 super output areas - middle layer,152,Scottish and British only identity,35
9849,2021,E02004712,2021 super output areas - middle layer,152,Northern Irish only identity,7
9850,2021,E02004712,2021 super output areas - middle layer,152,Northern Irish and British only identity,3
9851,2021,E02004712,2021 super output areas - middle layer,152,Cornish only identity,3
9852,2021,E02004712,2021 super output areas - middle layer,152,Cornish and British only identity,0
9853,2021,E02004712,2021 super output areas - middle layer,152,Any other combination of only UK identities ,28
9854,2021,E02004712,2021 super output areas - middle layer,152,Irish only identity,33
9855,2021,E02004712,2021 super output areas - middle layer,152,Irish and at least one UK identity,8
9856,2021,E02004712,2021 super output areas - middle layer,152,Other identity only,370
9857,2021,E02004712,2021 super output areas - middle layer,152,Other identity and at least one UK identity,204
9858,2021,E02004712,2021 super output areas - middle layer,152,Non-UK identity only,403
9859,2021,E02004712,2021 super output areas - middle layer,152,UK identity and non-UK identity,212
9860,2021,E02004713,2021 super output areas - middle layer,152,Total: All usual residents,8033
9861,2021,E02004713,2021 super output areas - middle layer,152,British only identity,4833
9862,2021,E02004713,2021 super output areas - middle layer,152,English only identity,1279
9863,2021,E02004713,2021 super output areas - middle layer,152,English and British only identity,1358
9864,2021,E02004713,2021 super output areas - middle layer,152,Welsh only identity,19
9865,2021,E02004713,2021 super output areas - middle layer,152,Welsh and British only identity,18
9866,2021,E02004713,2021 super output areas - middle layer,152,Any other combination of only UK identities,81
9867,2021,E02004713,2021 super output areas - middle layer,152,Scottish only identity,31
9868,2021,E02004713,2021 super output areas - middle layer,152,Scottish and British only identity,19
9869,2021,E02004713,2021 super output areas - middle layer,152,Northern Irish only identity,9
9870,2021,E02004713,2021 super output areas - middle layer,152,Northern Irish and British only identity,5
9871,2021,E02004713,2021 super output areas - middle layer,152,Cornish only identity,2
9872,2021,E02004713,2021 super output areas - middle layer,152,Cornish and British only identity,0
9873,2021,E02004713,2021 super output areas - middle layer,152,Any other combination of only UK identities ,15
9874,2021,E02004713,2021 super output areas - middle layer,152,Irish only identity,16
9875,2021,E02004713,2021 super output areas - middle layer,152,Irish and at least one UK identity,9
9876,2021,E02004713,2021 super output areas - middle layer,152,Other identity only,290
9877,2021,E02004713,2021 super output areas - middle layer,152,Other identity and at least one UK identity,130
9878,2021,E02004713,2021 super output areas - middle layer,152,Non-UK identity only,306
9879,2021,E02004713,2021 super output areas - middle layer,152,UK identity and non-UK identity,139
9880,2021,E02004714,2021 super output areas - middle layer,152,Total: All usual residents,7512
9881,2021,E02004714,2021 super output areas - middle layer,152,British only identity,4278
9882,2021,E02004714,2021 super output areas - middle layer,152,English only identity,1327
9883,2021,E02004714,2021 super output areas - middle layer,152,English and British only identity,1240
9884,2021,E02004714,2021 super output areas - middle layer,152,Welsh only identity,33
9885,2021,E02004714,2021 super output areas - middle layer,152,Welsh and British only identity,14
9886,2021,E02004714,2021 super output areas - middle layer,152,Any other combination of only UK identities,77
9887,2021,E02004714,2021 super output areas - middle layer,152,Scottish only identity,41
9888,2021,E02004714,2021 super output areas - middle layer,152,Scottish and British only identity,24
9889,2021,E02004714,2021 super output areas - middle layer,152,Northern Irish only identity,2
9890,2021,E02004714,2021 super output areas - middle layer,152,Northern Irish and British only identity,0
9891,2021,E02004714,2021 super output areas - middle layer,152,Cornish only identity,1
9892,2021,E02004714,2021 super output areas - middle layer,152,Cornish and British only identity,0
9893,2021,E02004714,2021 super output areas - middle layer,152,Any other combination of only UK identities ,9
9894,2021,E02004714,2021 super output areas - middle layer,152,Irish only identity,19
9895,2021,E02004714,2021 super output areas - middle layer,152,Irish and at least one UK identity,4
9896,2021,E02004714,2021 super output areas - middle layer,152,Other identity only,359
9897,2021,E02004714,2021 super output areas - middle layer,152,Other identity and at least one UK identity,161
9898,2021,E02004714,2021 super output areas - middle layer,152,Non-UK identity only,378
9899,2021,E02004714,2021 super output areas - middle layer,152,UK identity and non-UK identity,165
9900,2021,E02004715,2021 super output areas - middle layer,152,Total: All usual residents,9046
9901,2021,E02004715,2021 super output areas - middle layer,152,British only identity,5217
9902,2021,E02004715,2021 super output areas - middle layer,152,English only identity,1514
9903,2021,E02004715,2021 super output areas - middle layer,152,English and British only identity,1602
9904,2021,E02004715,2021 super output areas - middle layer,152,Welsh only identity,37
9905,2021,E02004715,2021 super output areas - middle layer,152,Welsh and British only identity,16
9906,2021,E02004715,2021 super output areas - middle layer,152,Any other combination of only UK identities,83
9907,2021,E02004715,2021 super output areas - middle layer,152,Scottish only identity,39
9908,2021,E02004715,2021 super output areas - middle layer,152,Scottish and British only identity,19
9909,2021,E02004715,2021 super output areas - middle layer,152,Northern Irish only identity,13
9910,2021,E02004715,2021 super output areas - middle layer,152,Northern Irish and British only identity,2
9911,2021,E02004715,2021 super output areas - middle layer,152,Cornish only identity,3
9912,2021,E02004715,2021 super output areas - middle layer,152,Cornish and British only identity,0
9913,2021,E02004715,2021 super output areas - middle layer,152,Any other combination of only UK identities ,7
9914,2021,E02004715,2021 super output areas - middle layer,152,Irish only identity,19
9915,2021,E02004715,2021 super output areas - middle layer,152,Irish and at least one UK identity,8
9916,2021,E02004715,2021 super output areas - middle layer,152,Other identity only,424
9917,2021,E02004715,2021 super output areas - middle layer,152,Other identity and at least one UK identity,126
9918,2021,E02004715,2021 super output areas - middle layer,152,Non-UK identity only,443
9919,2021,E02004715,2021 super output areas - middle layer,152,UK identity and non-UK identity,134
9920,2021,E02004716,2021 super output areas - middle layer,152,Total: All usual residents,8751
9921,2021,E02004716,2021 super output areas - middle layer,152,British only identity,5159
9922,2021,E02004716,2021 super output areas - middle layer,152,English only identity,1559
9923,2021,E02004716,2021 super output areas - middle layer,152,English and British only identity,1558
9924,2021,E02004716,2021 super output areas - middle layer,152,Welsh only identity,34
9925,2021,E02004716,2021 super output areas - middle layer,152,Welsh and British only identity,22
9926,2021,E02004716,2021 super output areas - middle layer,152,Any other combination of only UK identities,63
9927,2021,E02004716,2021 super output areas - middle layer,152,Scottish only identity,24
9928,2021,E02004716,2021 super output areas - middle layer,152,Scottish and British only identity,11
9929,2021,E02004716,2021 super output areas - middle layer,152,Northern Irish only identity,7
9930,2021,E02004716,2021 super output areas - middle layer,152,Northern Irish and British only identity,5
9931,2021,E02004716,2021 super output areas - middle layer,152,Cornish only identity,1
9932,2021,E02004716,2021 super output areas - middle layer,152,Cornish and British only identity,0
9933,2021,E02004716,2021 super output areas - middle layer,152,Any other combination of only UK identities ,15
9934,2021,E02004716,2021 super output areas - middle layer,152,Irish only identity,10
9935,2021,E02004716,2021 super output areas - middle layer,152,Irish and at least one UK identity,11
9936,2021,E02004716,2021 super output areas - middle layer,152,Other identity only,237
9937,2021,E02004716,2021 super output areas - middle layer,152,Other identity and at least one UK identity,98
9938,2021,E02004716,2021 super output areas - middle layer,152,Non-UK identity only,247
9939,2021,E02004716,2021 super output areas - middle layer,152,UK identity and non-UK identity,109
9940,2021,E02004717,2021 super output areas - middle layer,152,Total: All usual residents,12986
9941,2021,E02004717,2021 super output areas - middle layer,152,British only identity,7686
9942,2021,E02004717,2021 super output areas - middle layer,152,English only identity,1801
9943,2021,E02004717,2021 super output areas - middle layer,152,English and British only identity,2249
9944,2021,E02004717,2021 super output areas - middle layer,152,Welsh only identity,32
9945,2021,E02004717,2021 super output areas - middle layer,152,Welsh and British only identity,15
9946,2021,E02004717,2021 super output areas - middle layer,152,Any other combination of only UK identities,65
9947,2021,E02004717,2021 super output areas - middle layer,152,Scottish only identity,32
9948,2021,E02004717,2021 super output areas - middle layer,152,Scottish and British only identity,6
9949,2021,E02004717,2021 super output areas - middle layer,152,Northern Irish only identity,7
9950,2021,E02004717,2021 super output areas - middle layer,152,Northern Irish and British only identity,5
9951,2021,E02004717,2021 super output areas - middle layer,152,Cornish only identity,0
9952,2021,E02004717,2021 super output areas - middle layer,152,Cornish and British only identity,2
9953,2021,E02004717,2021 super output areas - middle layer,152,Any other combination of only UK identities ,13
9954,2021,E02004717,2021 super output areas - middle layer,152,Irish only identity,24
9955,2021,E02004717,2021 super output areas - middle layer,152,Irish and at least one UK identity,3
9956,2021,E02004717,2021 super output areas - middle layer,152,Other identity only,895
9957,2021,E02004717,2021 super output areas - middle layer,152,Other identity and at least one UK identity,216
9958,2021,E02004717,2021 super output areas - middle layer,152,Non-UK identity only,919
9959,2021,E02004717,2021 super output areas - middle layer,152,UK identity and non-UK identity,219
9960,2021,E02004718,2021 super output areas - middle layer,152,Total: All usual residents,8693
9961,2021,E02004718,2021 super output areas - middle layer,152,British only identity,5072
9962,2021,E02004718,2021 super output areas - middle layer,152,English only identity,1220
9963,2021,E02004718,2021 super output areas - middle layer,152,English and British only identity,1345
9964,2021,E02004718,2021 super output areas - middle layer,152,Welsh only identity,29
9965,2021,E02004718,2021 super output areas - middle layer,152,Welsh and British only identity,6
9966,2021,E02004718,2021 super output areas - middle layer,152,Any other combination of only UK identities,95
9967,2021,E02004718,2021 super output areas - middle layer,152,Scottish only identity,32
9968,2021,E02004718,2021 super output areas - middle layer,152,Scottish and British only identity,24
9969,2021,E02004718,2021 super output areas - middle layer,152,Northern Irish only identity,6
9970,2021,E02004718,2021 super output areas - middle layer,152,Northern Irish and British only identity,6
9971,2021,E02004718,2021 super output areas - middle layer,152,Cornish only identity,3
9972,2021,E02004718,2021 super output areas - middle layer,152,Cornish and British only identity,0
9973,2021,E02004718,2021 super output areas - middle layer,152,Any other combination of only UK identities ,24
9974,2021,E02004718,2021 super output areas - middle layer,152,Irish only identity,37
9975,2021,E02004718,2021 super output areas - middle layer,152,Irish and at least one UK identity,13
9976,2021,E02004718,2021 super output areas - middle layer,152,Other identity only,727
9977,2021,E02004718,2021 super output areas - middle layer,152,Other identity and at least one UK identity,149
9978,2021,E02004718,2021 super output areas - middle layer,152,Non-UK identity only,764
9979,2021,E02004718,2021 super output areas - middle layer,152,UK identity and non-UK identity,162
9980,2021,E02004719,2021 super output areas - middle layer,152,Total: All usual residents,11531
9981,2021,E02004719,2021 super output areas - middle layer,152,British only identity,6828
9982,2021,E02004719,2021 super output areas - middle layer,152,English only identity,1932
9983,2021,E02004719,2021 super output areas - middle layer,152,English and British only identity,2233
9984,2021,E02004719,2021 super output areas - middle layer,152,Welsh only identity,44
9985,2021,E02004719,2021 super output areas - middle layer,152,Welsh and British only identity,22
9986,2021,E02004719,2021 super output areas - middle layer,152,Any other combination of only UK identities,96
9987,2021,E02004719,2021 super output areas - middle layer,152,Scottish only identity,34
9988,2021,E02004719,2021 super output areas - middle layer,152,Scottish and British only identity,25
9989,2021,E02004719,2021 super output areas - middle layer,152,Northern Irish only identity,11
9990,2021,E02004719,2021 super output areas - middle layer,152,Northern Irish and British only identity,3
9991,2021,E02004719,2021 super output areas - middle layer,152,Cornish only identity,2
9992,2021,E02004719,2021 super output areas - middle layer,152,Cornish and British only identity,0
9993,2021,E02004719,2021 super output areas - middle layer,152,Any other combination of only UK identities ,21
9994,2021,E02004719,2021 super output areas - middle layer,152,Irish only identity,32
9995,2021,E02004719,2021 super output areas - middle layer,152,Irish and at least one UK identity,9
9996,2021,E02004719,2021 super output areas - middle layer,152,Other identity only,250
9997,2021,E02004719,2021 super output areas - middle layer,152,Other identity and at least one UK identity,85
9998,2021,E02004719,2021 super output areas - middle layer,152,Non-UK identity only,282
9999,2021,E02004719,2021 super output areas - middle layer,152,UK identity and non-UK identity,94
10000,2021,E02004720,2021 super output areas - middle layer,152,Total: All usual residents,11320
10001,2021,E02004720,2021 super output areas - middle layer,152,British only identity,6537
10002,2021,E02004720,2021 super output areas - middle layer,152,English only identity,2084
10003,2021,E02004720,2021 super output areas - middle layer,152,English and British only identity,2002
10004,2021,E02004720,2021 super output areas - middle layer,152,Welsh only identity,36
10005,2021,E02004720,2021 super output areas - middle layer,152,Welsh and British only identity,22
10006,2021,E02004720,2021 super output areas - middle layer,152,Any other combination of only UK identities,81
10007,2021,E02004720,2021 super output areas - middle layer,152,Scottish only identity,25
10008,2021,E02004720,2021 super output areas - middle layer,152,Scottish and British only identity,17
10009,2021,E02004720,2021 super output areas - middle layer,152,Northern Irish only identity,8
10010,2021,E02004720,2021 super output areas - middle layer,152,Northern Irish and British only identity,7
10011,2021,E02004720,2021 super output areas - middle layer,152,Cornish only identity,5
10012,2021,E02004720,2021 super output areas - middle layer,152,Cornish and British only identity,0
10013,2021,E02004720,2021 super output areas - middle layer,152,Any other combination of only UK identities ,19
10014,2021,E02004720,2021 super output areas - middle layer,152,Irish only identity,37
10015,2021,E02004720,2021 super output areas - middle layer,152,Irish and at least one UK identity,3
10016,2021,E02004720,2021 super output areas - middle layer,152,Other identity only,402
10017,2021,E02004720,2021 super output areas - middle layer,152,Other identity and at least one UK identity,116
10018,2021,E02004720,2021 super output areas - middle layer,152,Non-UK identity only,439
10019,2021,E02004720,2021 super output areas - middle layer,152,UK identity and non-UK identity,119
10020,2021,E02004721,2021 super output areas - middle layer,152,Total: All usual residents,11783
10021,2021,E02004721,2021 super output areas - middle layer,152,British only identity,7212
10022,2021,E02004721,2021 super output areas - middle layer,152,English only identity,1601
10023,2021,E02004721,2021 super output areas - middle layer,152,English and British only identity,2100
10024,2021,E02004721,2021 super output areas - middle layer,152,Welsh only identity,52
10025,2021,E02004721,2021 super output areas - middle layer,152,Welsh and British only identity,20
10026,2021,E02004721,2021 super output areas - middle layer,152,Any other combination of only UK identities,118
10027,2021,E02004721,2021 super output areas - middle layer,152,Scottish only identity,42
10028,2021,E02004721,2021 super output areas - middle layer,152,Scottish and British only identity,33
10029,2021,E02004721,2021 super output areas - middle layer,152,Northern Irish only identity,8
10030,2021,E02004721,2021 super output areas - middle layer,152,Northern Irish and British only identity,8
10031,2021,E02004721,2021 super output areas - middle layer,152,Cornish only identity,1
10032,2021,E02004721,2021 super output areas - middle layer,152,Cornish and British only identity,0
10033,2021,E02004721,2021 super output areas - middle layer,152,Any other combination of only UK identities ,26
10034,2021,E02004721,2021 super output areas - middle layer,152,Irish only identity,38
10035,2021,E02004721,2021 super output areas - middle layer,152,Irish and at least one UK identity,3
10036,2021,E02004721,2021 super output areas - middle layer,152,Other identity only,453
10037,2021,E02004721,2021 super output areas - middle layer,152,Other identity and at least one UK identity,186
10038,2021,E02004721,2021 super output areas - middle layer,152,Non-UK identity only,491
10039,2021,E02004721,2021 super output areas - middle layer,152,UK identity and non-UK identity,189
10040,2021,E02004722,2021 super output areas - middle layer,152,Total: All usual residents,7010
10041,2021,E02004722,2021 super output areas - middle layer,152,British only identity,4198
10042,2021,E02004722,2021 super output areas - middle layer,152,English only identity,1271
10043,2021,E02004722,2021 super output areas - middle layer,152,English and British only identity,1183
10044,2021,E02004722,2021 super output areas - middle layer,152,Welsh only identity,23
10045,2021,E02004722,2021 super output areas - middle layer,152,Welsh and British only identity,8
10046,2021,E02004722,2021 super output areas - middle layer,152,Any other combination of only UK identities,70
10047,2021,E02004722,2021 super output areas - middle layer,152,Scottish only identity,32
10048,2021,E02004722,2021 super output areas - middle layer,152,Scottish and British only identity,21
10049,2021,E02004722,2021 super output areas - middle layer,152,Northern Irish only identity,11
10050,2021,E02004722,2021 super output areas - middle layer,152,Northern Irish and British only identity,0
10051,2021,E02004722,2021 super output areas - middle layer,152,Cornish only identity,0
10052,2021,E02004722,2021 super output areas - middle layer,152,Cornish and British only identity,0
10053,2021,E02004722,2021 super output areas - middle layer,152,Any other combination of only UK identities ,6
10054,2021,E02004722,2021 super output areas - middle layer,152,Irish only identity,12
10055,2021,E02004722,2021 super output areas - middle layer,152,Irish and at least one UK identity,1
10056,2021,E02004722,2021 super output areas - middle layer,152,Other identity only,196
10057,2021,E02004722,2021 super output areas - middle layer,152,Other identity and at least one UK identity,48
10058,2021,E02004722,2021 super output areas - middle layer,152,Non-UK identity only,208
10059,2021,E02004722,2021 super output areas - middle layer,152,UK identity and non-UK identity,49
10060,2021,E02004723,2021 super output areas - middle layer,152,Total: All usual residents,9858
10061,2021,E02004723,2021 super output areas - middle layer,152,British only identity,5946
10062,2021,E02004723,2021 super output areas - middle layer,152,English only identity,1752
10063,2021,E02004723,2021 super output areas - middle layer,152,English and British only identity,1681
10064,2021,E02004723,2021 super output areas - middle layer,152,Welsh only identity,51
10065,2021,E02004723,2021 super output areas - middle layer,152,Welsh and British only identity,14
10066,2021,E02004723,2021 super output areas - middle layer,152,Any other combination of only UK identities,83
10067,2021,E02004723,2021 super output areas - middle layer,152,Scottish only identity,24
10068,2021,E02004723,2021 super output areas - middle layer,152,Scottish and British only identity,17
10069,2021,E02004723,2021 super output areas - middle layer,152,Northern Irish only identity,17
10070,2021,E02004723,2021 super output areas - middle layer,152,Northern Irish and British only identity,7
10071,2021,E02004723,2021 super output areas - middle layer,152,Cornish only identity,3
10072,2021,E02004723,2021 super output areas - middle layer,152,Cornish and British only identity,0
10073,2021,E02004723,2021 super output areas - middle layer,152,Any other combination of only UK identities ,15
10074,2021,E02004723,2021 super output areas - middle layer,152,Irish only identity,18
10075,2021,E02004723,2021 super output areas - middle layer,152,Irish and at least one UK identity,4
10076,2021,E02004723,2021 super output areas - middle layer,152,Other identity only,226
10077,2021,E02004723,2021 super output areas - middle layer,152,Other identity and at least one UK identity,83
10078,2021,E02004723,2021 super output areas - middle layer,152,Non-UK identity only,244
10079,2021,E02004723,2021 super output areas - middle layer,152,UK identity and non-UK identity,87
10080,2021,E02004724,2021 super output areas - middle layer,152,Total: All usual residents,9669
10081,2021,E02004724,2021 super output areas - middle layer,152,British only identity,5837
10082,2021,E02004724,2021 super output areas - middle layer,152,English only identity,1463
10083,2021,E02004724,2021 super output areas - middle layer,152,English and British only identity,1630
10084,2021,E02004724,2021 super output areas - middle layer,152,Welsh only identity,34
10085,2021,E02004724,2021 super output areas - middle layer,152,Welsh and British only identity,11
10086,2021,E02004724,2021 super output areas - middle layer,152,Any other combination of only UK identities,103
10087,2021,E02004724,2021 super output areas - middle layer,152,Scottish only identity,47
10088,2021,E02004724,2021 super output areas - middle layer,152,Scottish and British only identity,18
10089,2021,E02004724,2021 super output areas - middle layer,152,Northern Irish only identity,7
10090,2021,E02004724,2021 super output areas - middle layer,152,Northern Irish and British only identity,3
10091,2021,E02004724,2021 super output areas - middle layer,152,Cornish only identity,1
10092,2021,E02004724,2021 super output areas - middle layer,152,Cornish and British only identity,0
10093,2021,E02004724,2021 super output areas - middle layer,152,Any other combination of only UK identities ,27
10094,2021,E02004724,2021 super output areas - middle layer,152,Irish only identity,25
10095,2021,E02004724,2021 super output areas - middle layer,152,Irish and at least one UK identity,3
10096,2021,E02004724,2021 super output areas - middle layer,152,Other identity only,439
10097,2021,E02004724,2021 super output areas - middle layer,152,Other identity and at least one UK identity,124
10098,2021,E02004724,2021 super output areas - middle layer,152,Non-UK identity only,464
10099,2021,E02004724,2021 super output areas - middle layer,152,UK identity and non-UK identity,127
10100,2021,E02004725,2021 super output areas - middle layer,152,Total: All usual residents,5442
10101,2021,E02004725,2021 super output areas - middle layer,152,British only identity,3192
10102,2021,E02004725,2021 super output areas - middle layer,152,English only identity,972
10103,2021,E02004725,2021 super output areas - middle layer,152,English and British only identity,917
10104,2021,E02004725,2021 super output areas - middle layer,152,Welsh only identity,19
10105,2021,E02004725,2021 super output areas - middle layer,152,Welsh and British only identity,13
10106,2021,E02004725,2021 super output areas - middle layer,152,Any other combination of only UK identities,57
10107,2021,E02004725,2021 super output areas - middle layer,152,Scottish only identity,24
10108,2021,E02004725,2021 super output areas - middle layer,152,Scottish and British only identity,16
10109,2021,E02004725,2021 super output areas - middle layer,152,Northern Irish only identity,3
10110,2021,E02004725,2021 super output areas - middle layer,152,Northern Irish and British only identity,2
10111,2021,E02004725,2021 super output areas - middle layer,152,Cornish only identity,0
10112,2021,E02004725,2021 super output areas - middle layer,152,Cornish and British only identity,0
10113,2021,E02004725,2021 super output areas - middle layer,152,Any other combination of only UK identities ,12
10114,2021,E02004725,2021 super output areas - middle layer,152,Irish only identity,19
10115,2021,E02004725,2021 super output areas - middle layer,152,Irish and at least one UK identity,6
10116,2021,E02004725,2021 super output areas - middle layer,152,Other identity only,180
10117,2021,E02004725,2021 super output areas - middle layer,152,Other identity and at least one UK identity,67
10118,2021,E02004725,2021 super output areas - middle layer,152,Non-UK identity only,199
10119,2021,E02004725,2021 super output areas - middle layer,152,UK identity and non-UK identity,73
10120,2021,E02004726,2021 super output areas - middle layer,152,Total: All usual residents,6037
10121,2021,E02004726,2021 super output areas - middle layer,152,British only identity,3706
10122,2021,E02004726,2021 super output areas - middle layer,152,English only identity,953
10123,2021,E02004726,2021 super output areas - middle layer,152,English and British only identity,884
10124,2021,E02004726,2021 super output areas - middle layer,152,Welsh only identity,25
10125,2021,E02004726,2021 super output areas - middle layer,152,Welsh and British only identity,14
10126,2021,E02004726,2021 super output areas - middle layer,152,Any other combination of only UK identities,81
10127,2021,E02004726,2021 super output areas - middle layer,152,Scottish only identity,41
10128,2021,E02004726,2021 super output areas - middle layer,152,Scottish and British only identity,15
10129,2021,E02004726,2021 super output areas - middle layer,152,Northern Irish only identity,6
10130,2021,E02004726,2021 super output areas - middle layer,152,Northern Irish and British only identity,3
10131,2021,E02004726,2021 super output areas - middle layer,152,Cornish only identity,1
10132,2021,E02004726,2021 super output areas - middle layer,152,Cornish and British only identity,1
10133,2021,E02004726,2021 super output areas - middle layer,152,Any other combination of only UK identities ,14
10134,2021,E02004726,2021 super output areas - middle layer,152,Irish only identity,23
10135,2021,E02004726,2021 super output areas - middle layer,152,Irish and at least one UK identity,5
10136,2021,E02004726,2021 super output areas - middle layer,152,Other identity only,253
10137,2021,E02004726,2021 super output areas - middle layer,152,Other identity and at least one UK identity,93
10138,2021,E02004726,2021 super output areas - middle layer,152,Non-UK identity only,276
10139,2021,E02004726,2021 super output areas - middle layer,152,UK identity and non-UK identity,98
10140,2021,E02004727,2021 super output areas - middle layer,152,Total: All usual residents,10255
10141,2021,E02004727,2021 super output areas - middle layer,152,British only identity,6307
10142,2021,E02004727,2021 super output areas - middle layer,152,English only identity,1579
10143,2021,E02004727,2021 super output areas - middle layer,152,English and British only identity,1738
10144,2021,E02004727,2021 super output areas - middle layer,152,Welsh only identity,46
10145,2021,E02004727,2021 super output areas - middle layer,152,Welsh and British only identity,23
10146,2021,E02004727,2021 super output areas - middle layer,152,Any other combination of only UK identities,110
10147,2021,E02004727,2021 super output areas - middle layer,152,Scottish only identity,55
10148,2021,E02004727,2021 super output areas - middle layer,152,Scottish and British only identity,24
10149,2021,E02004727,2021 super output areas - middle layer,152,Northern Irish only identity,14
10150,2021,E02004727,2021 super output areas - middle layer,152,Northern Irish and British only identity,3
10151,2021,E02004727,2021 super output areas - middle layer,152,Cornish only identity,3
10152,2021,E02004727,2021 super output areas - middle layer,152,Cornish and British only identity,0
10153,2021,E02004727,2021 super output areas - middle layer,152,Any other combination of only UK identities ,11
10154,2021,E02004727,2021 super output areas - middle layer,152,Irish only identity,28
10155,2021,E02004727,2021 super output areas - middle layer,152,Irish and at least one UK identity,6
10156,2021,E02004727,2021 super output areas - middle layer,152,Other identity only,279
10157,2021,E02004727,2021 super output areas - middle layer,152,Other identity and at least one UK identity,139
10158,2021,E02004727,2021 super output areas - middle layer,152,Non-UK identity only,307
10159,2021,E02004727,2021 super output areas - middle layer,152,UK identity and non-UK identity,145
10160,2021,E02004728,2021 super output areas - middle layer,152,Total: All usual residents,9099
10161,2021,E02004728,2021 super output areas - middle layer,152,British only identity,5285
10162,2021,E02004728,2021 super output areas - middle layer,152,English only identity,1549
10163,2021,E02004728,2021 super output areas - middle layer,152,English and British only identity,1638
10164,2021,E02004728,2021 super output areas - middle layer,152,Welsh only identity,57
10165,2021,E02004728,2021 super output areas - middle layer,152,Welsh and British only identity,19
10166,2021,E02004728,2021 super output areas - middle layer,152,Any other combination of only UK identities,122
10167,2021,E02004728,2021 super output areas - middle layer,152,Scottish only identity,52
10168,2021,E02004728,2021 super output areas - middle layer,152,Scottish and British only identity,25
10169,2021,E02004728,2021 super output areas - middle layer,152,Northern Irish only identity,16
10170,2021,E02004728,2021 super output areas - middle layer,152,Northern Irish and British only identity,9
10171,2021,E02004728,2021 super output areas - middle layer,152,Cornish only identity,0
10172,2021,E02004728,2021 super output areas - middle layer,152,Cornish and British only identity,1
10173,2021,E02004728,2021 super output areas - middle layer,152,Any other combination of only UK identities ,19
10174,2021,E02004728,2021 super output areas - middle layer,152,Irish only identity,22
10175,2021,E02004728,2021 super output areas - middle layer,152,Irish and at least one UK identity,9
10176,2021,E02004728,2021 super output areas - middle layer,152,Other identity only,276
10177,2021,E02004728,2021 super output areas - middle layer,152,Other identity and at least one UK identity,122
10178,2021,E02004728,2021 super output areas - middle layer,152,Non-UK identity only,298
10179,2021,E02004728,2021 super output areas - middle layer,152,UK identity and non-UK identity,131
10180,2021,E02004729,2021 super output areas - middle layer,152,Total: All usual residents,7248
10181,2021,E02004729,2021 super output areas - middle layer,152,British only identity,4141
10182,2021,E02004729,2021 super output areas - middle layer,152,English only identity,1360
10183,2021,E02004729,2021 super output areas - middle layer,152,English and British only identity,1326
10184,2021,E02004729,2021 super output areas - middle layer,152,Welsh only identity,37
10185,2021,E02004729,2021 super output areas - middle layer,152,Welsh and British only identity,7
10186,2021,E02004729,2021 super output areas - middle layer,152,Any other combination of only UK identities,83
10187,2021,E02004729,2021 super output areas - middle layer,152,Scottish only identity,41
10188,2021,E02004729,2021 super output areas - middle layer,152,Scottish and British only identity,14
10189,2021,E02004729,2021 super output areas - middle layer,152,Northern Irish only identity,11
10190,2021,E02004729,2021 super output areas - middle layer,152,Northern Irish and British only identity,6
10191,2021,E02004729,2021 super output areas - middle layer,152,Cornish only identity,0
10192,2021,E02004729,2021 super output areas - middle layer,152,Cornish and British only identity,0
10193,2021,E02004729,2021 super output areas - middle layer,152,Any other combination of only UK identities ,11
10194,2021,E02004729,2021 super output areas - middle layer,152,Irish only identity,13
10195,2021,E02004729,2021 super output areas - middle layer,152,Irish and at least one UK identity,7
10196,2021,E02004729,2021 super output areas - middle layer,152,Other identity only,182
10197,2021,E02004729,2021 super output areas - middle layer,152,Other identity and at least one UK identity,92
10198,2021,E02004729,2021 super output areas - middle layer,152,Non-UK identity only,195
10199,2021,E02004729,2021 super output areas - middle layer,152,UK identity and non-UK identity,99
10200,2021,E02004730,2021 super output areas - middle layer,152,Total: All usual residents,8673
10201,2021,E02004730,2021 super output areas - middle layer,152,British only identity,5111
10202,2021,E02004730,2021 super output areas - middle layer,152,English only identity,1599
10203,2021,E02004730,2021 super output areas - middle layer,152,English and British only identity,1468
10204,2021,E02004730,2021 super output areas - middle layer,152,Welsh only identity,51
10205,2021,E02004730,2021 super output areas - middle layer,152,Welsh and British only identity,24
10206,2021,E02004730,2021 super output areas - middle layer,152,Any other combination of only UK identities,116
10207,2021,E02004730,2021 super output areas - middle layer,152,Scottish only identity,48
10208,2021,E02004730,2021 super output areas - middle layer,152,Scottish and British only identity,32
10209,2021,E02004730,2021 super output areas - middle layer,152,Northern Irish only identity,12
10210,2021,E02004730,2021 super output areas - middle layer,152,Northern Irish and British only identity,5
10211,2021,E02004730,2021 super output areas - middle layer,152,Cornish only identity,2
10212,2021,E02004730,2021 super output areas - middle layer,152,Cornish and British only identity,0
10213,2021,E02004730,2021 super output areas - middle layer,152,Any other combination of only UK identities ,17
10214,2021,E02004730,2021 super output areas - middle layer,152,Irish only identity,20
10215,2021,E02004730,2021 super output areas - middle layer,152,Irish and at least one UK identity,8
10216,2021,E02004730,2021 super output areas - middle layer,152,Other identity only,196
10217,2021,E02004730,2021 super output areas - middle layer,152,Other identity and at least one UK identity,80
10218,2021,E02004730,2021 super output areas - middle layer,152,Non-UK identity only,216
10219,2021,E02004730,2021 super output areas - middle layer,152,UK identity and non-UK identity,88
10220,2021,E02004731,2021 super output areas - middle layer,152,Total: All usual residents,7581
10221,2021,E02004731,2021 super output areas - middle layer,152,British only identity,4444
10222,2021,E02004731,2021 super output areas - middle layer,152,English only identity,1397
10223,2021,E02004731,2021 super output areas - middle layer,152,English and British only identity,1267
10224,2021,E02004731,2021 super output areas - middle layer,152,Welsh only identity,38
10225,2021,E02004731,2021 super output areas - middle layer,152,Welsh and British only identity,18
10226,2021,E02004731,2021 super output areas - middle layer,152,Any other combination of only UK identities,105
10227,2021,E02004731,2021 super output areas - middle layer,152,Scottish only identity,49
10228,2021,E02004731,2021 super output areas - middle layer,152,Scottish and British only identity,21
10229,2021,E02004731,2021 super output areas - middle layer,152,Northern Irish only identity,10
10230,2021,E02004731,2021 super output areas - middle layer,152,Northern Irish and British only identity,5
10231,2021,E02004731,2021 super output areas - middle layer,152,Cornish only identity,0
10232,2021,E02004731,2021 super output areas - middle layer,152,Cornish and British only identity,0
10233,2021,E02004731,2021 super output areas - middle layer,152,Any other combination of only UK identities ,20
10234,2021,E02004731,2021 super output areas - middle layer,152,Irish only identity,22
10235,2021,E02004731,2021 super output areas - middle layer,152,Irish and at least one UK identity,5
10236,2021,E02004731,2021 super output areas - middle layer,152,Other identity only,206
10237,2021,E02004731,2021 super output areas - middle layer,152,Other identity and at least one UK identity,79
10238,2021,E02004731,2021 super output areas - middle layer,152,Non-UK identity only,228
10239,2021,E02004731,2021 super output areas - middle layer,152,UK identity and non-UK identity,84
10240,2021,E02004732,2021 super output areas - middle layer,152,Total: All usual residents,8843
10241,2021,E02004732,2021 super output areas - middle layer,152,British only identity,5400
10242,2021,E02004732,2021 super output areas - middle layer,152,English only identity,1498
10243,2021,E02004732,2021 super output areas - middle layer,152,English and British only identity,1470
10244,2021,E02004732,2021 super output areas - middle layer,152,Welsh only identity,48
10245,2021,E02004732,2021 super output areas - middle layer,152,Welsh and British only identity,17
10246,2021,E02004732,2021 super output areas - middle layer,152,Any other combination of only UK identities,114
10247,2021,E02004732,2021 super output areas - middle layer,152,Scottish only identity,49
10248,2021,E02004732,2021 super output areas - middle layer,152,Scottish and British only identity,24
10249,2021,E02004732,2021 super output areas - middle layer,152,Northern Irish only identity,9
10250,2021,E02004732,2021 super output areas - middle layer,152,Northern Irish and British only identity,9
10251,2021,E02004732,2021 super output areas - middle layer,152,Cornish only identity,5
10252,2021,E02004732,2021 super output areas - middle layer,152,Cornish and British only identity,0
10253,2021,E02004732,2021 super output areas - middle layer,152,Any other combination of only UK identities ,18
10254,2021,E02004732,2021 super output areas - middle layer,152,Irish only identity,26
10255,2021,E02004732,2021 super output areas - middle layer,152,Irish and at least one UK identity,8
10256,2021,E02004732,2021 super output areas - middle layer,152,Other identity only,174
10257,2021,E02004732,2021 super output areas - middle layer,152,Other identity and at least one UK identity,88
10258,2021,E02004732,2021 super output areas - middle layer,152,Non-UK identity only,200
10259,2021,E02004732,2021 super output areas - middle layer,152,UK identity and non-UK identity,96
10260,2021,E02004733,2021 super output areas - middle layer,152,Total: All usual residents,8015
10261,2021,E02004733,2021 super output areas - middle layer,152,British only identity,4849
10262,2021,E02004733,2021 super output areas - middle layer,152,English only identity,1370
10263,2021,E02004733,2021 super output areas - middle layer,152,English and British only identity,1347
10264,2021,E02004733,2021 super output areas - middle layer,152,Welsh only identity,30
10265,2021,E02004733,2021 super output areas - middle layer,152,Welsh and British only identity,13
10266,2021,E02004733,2021 super output areas - middle layer,152,Any other combination of only UK identities,101
10267,2021,E02004733,2021 super output areas - middle layer,152,Scottish only identity,39
10268,2021,E02004733,2021 super output areas - middle layer,152,Scottish and British only identity,20
10269,2021,E02004733,2021 super output areas - middle layer,152,Northern Irish only identity,12
10270,2021,E02004733,2021 super output areas - middle layer,152,Northern Irish and British only identity,8
10271,2021,E02004733,2021 super output areas - middle layer,152,Cornish only identity,7
10272,2021,E02004733,2021 super output areas - middle layer,152,Cornish and British only identity,1
10273,2021,E02004733,2021 super output areas - middle layer,152,Any other combination of only UK identities ,14
10274,2021,E02004733,2021 super output areas - middle layer,152,Irish only identity,18
10275,2021,E02004733,2021 super output areas - middle layer,152,Irish and at least one UK identity,6
10276,2021,E02004733,2021 super output areas - middle layer,152,Other identity only,195
10277,2021,E02004733,2021 super output areas - middle layer,152,Other identity and at least one UK identity,86
10278,2021,E02004733,2021 super output areas - middle layer,152,Non-UK identity only,213
10279,2021,E02004733,2021 super output areas - middle layer,152,UK identity and non-UK identity,92
10280,2021,E02004734,2021 super output areas - middle layer,152,Total: All usual residents,10113
10281,2021,E02004734,2021 super output areas - middle layer,152,British only identity,5811
10282,2021,E02004734,2021 super output areas - middle layer,152,English only identity,1949
10283,2021,E02004734,2021 super output areas - middle layer,152,English and British only identity,1612
10284,2021,E02004734,2021 super output areas - middle layer,152,Welsh only identity,39
10285,2021,E02004734,2021 super output areas - middle layer,152,Welsh and British only identity,22
10286,2021,E02004734,2021 super output areas - middle layer,152,Any other combination of only UK identities,137
10287,2021,E02004734,2021 super output areas - middle layer,152,Scottish only identity,54
10288,2021,E02004734,2021 super output areas - middle layer,152,Scottish and British only identity,37
10289,2021,E02004734,2021 super output areas - middle layer,152,Northern Irish only identity,11
10290,2021,E02004734,2021 super output areas - middle layer,152,Northern Irish and British only identity,11
10291,2021,E02004734,2021 super output areas - middle layer,152,Cornish only identity,2
10292,2021,E02004734,2021 super output areas - middle layer,152,Cornish and British only identity,1
10293,2021,E02004734,2021 super output areas - middle layer,152,Any other combination of only UK identities ,21
10294,2021,E02004734,2021 super output areas - middle layer,152,Irish only identity,16
10295,2021,E02004734,2021 super output areas - middle layer,152,Irish and at least one UK identity,11
10296,2021,E02004734,2021 super output areas - middle layer,152,Other identity only,388
10297,2021,E02004734,2021 super output areas - middle layer,152,Other identity and at least one UK identity,128
10298,2021,E02004734,2021 super output areas - middle layer,152,Non-UK identity only,404
10299,2021,E02004734,2021 super output areas - middle layer,152,UK identity and non-UK identity,139
10300,2021,E02004735,2021 super output areas - middle layer,152,Total: All usual residents,7480
10301,2021,E02004735,2021 super output areas - middle layer,152,British only identity,4315
10302,2021,E02004735,2021 super output areas - middle layer,152,English only identity,1472
10303,2021,E02004735,2021 super output areas - middle layer,152,English and British only identity,1235
10304,2021,E02004735,2021 super output areas - middle layer,152,Welsh only identity,42
10305,2021,E02004735,2021 super output areas - middle layer,152,Welsh and British only identity,19
10306,2021,E02004735,2021 super output areas - middle layer,152,Any other combination of only UK identities,142
10307,2021,E02004735,2021 super output areas - middle layer,152,Scottish only identity,64
10308,2021,E02004735,2021 super output areas - middle layer,152,Scottish and British only identity,35
10309,2021,E02004735,2021 super output areas - middle layer,152,Northern Irish only identity,16
10310,2021,E02004735,2021 super output areas - middle layer,152,Northern Irish and British only identity,10
10311,2021,E02004735,2021 super output areas - middle layer,152,Cornish only identity,1
10312,2021,E02004735,2021 super output areas - middle layer,152,Cornish and British only identity,0
10313,2021,E02004735,2021 super output areas - middle layer,152,Any other combination of only UK identities ,16
10314,2021,E02004735,2021 super output areas - middle layer,152,Irish only identity,16
10315,2021,E02004735,2021 super output areas - middle layer,152,Irish and at least one UK identity,3
10316,2021,E02004735,2021 super output areas - middle layer,152,Other identity only,185
10317,2021,E02004735,2021 super output areas - middle layer,152,Other identity and at least one UK identity,51
10318,2021,E02004735,2021 super output areas - middle layer,152,Non-UK identity only,201
10319,2021,E02004735,2021 super output areas - middle layer,152,UK identity and non-UK identity,54
10320,2021,E02004736,2021 super output areas - middle layer,152,Total: All usual residents,8111
10321,2021,E02004736,2021 super output areas - middle layer,152,British only identity,4718
10322,2021,E02004736,2021 super output areas - middle layer,152,English only identity,1746
10323,2021,E02004736,2021 super output areas - middle layer,152,English and British only identity,1355
10324,2021,E02004736,2021 super output areas - middle layer,152,Welsh only identity,23
10325,2021,E02004736,2021 super output areas - middle layer,152,Welsh and British only identity,11
10326,2021,E02004736,2021 super output areas - middle layer,152,Any other combination of only UK identities,46
10327,2021,E02004736,2021 super output areas - middle layer,152,Scottish only identity,17
10328,2021,E02004736,2021 super output areas - middle layer,152,Scottish and British only identity,9
10329,2021,E02004736,2021 super output areas - middle layer,152,Northern Irish only identity,6
10330,2021,E02004736,2021 super output areas - middle layer,152,Northern Irish and British only identity,5
10331,2021,E02004736,2021 super output areas - middle layer,152,Cornish only identity,1
10332,2021,E02004736,2021 super output areas - middle layer,152,Cornish and British only identity,1
10333,2021,E02004736,2021 super output areas - middle layer,152,Any other combination of only UK identities ,7
10334,2021,E02004736,2021 super output areas - middle layer,152,Irish only identity,16
10335,2021,E02004736,2021 super output areas - middle layer,152,Irish and at least one UK identity,1
10336,2021,E02004736,2021 super output areas - middle layer,152,Other identity only,136
10337,2021,E02004736,2021 super output areas - middle layer,152,Other identity and at least one UK identity,59
10338,2021,E02004736,2021 super output areas - middle layer,152,Non-UK identity only,152
10339,2021,E02004736,2021 super output areas - middle layer,152,UK identity and non-UK identity,60
10340,2021,E02004737,2021 super output areas - middle layer,152,Total: All usual residents,7572
10341,2021,E02004737,2021 super output areas - middle layer,152,British only identity,4311
10342,2021,E02004737,2021 super output areas - middle layer,152,English only identity,1373
10343,2021,E02004737,2021 super output areas - middle layer,152,English and British only identity,1367
10344,2021,E02004737,2021 super output areas - middle layer,152,Welsh only identity,24
10345,2021,E02004737,2021 super output areas - middle layer,152,Welsh and British only identity,10
10346,2021,E02004737,2021 super output areas - middle layer,152,Any other combination of only UK identities,79
10347,2021,E02004737,2021 super output areas - middle layer,152,Scottish only identity,38
10348,2021,E02004737,2021 super output areas - middle layer,152,Scottish and British only identity,18
10349,2021,E02004737,2021 super output areas - middle layer,152,Northern Irish only identity,6
10350,2021,E02004737,2021 super output areas - middle layer,152,Northern Irish and British only identity,3
10351,2021,E02004737,2021 super output areas - middle layer,152,Cornish only identity,1
10352,2021,E02004737,2021 super output areas - middle layer,152,Cornish and British only identity,0
10353,2021,E02004737,2021 super output areas - middle layer,152,Any other combination of only UK identities ,13
10354,2021,E02004737,2021 super output areas - middle layer,152,Irish only identity,13
10355,2021,E02004737,2021 super output areas - middle layer,152,Irish and at least one UK identity,9
10356,2021,E02004737,2021 super output areas - middle layer,152,Other identity only,289
10357,2021,E02004737,2021 super output areas - middle layer,152,Other identity and at least one UK identity,97
10358,2021,E02004737,2021 super output areas - middle layer,152,Non-UK identity only,302
10359,2021,E02004737,2021 super output areas - middle layer,152,UK identity and non-UK identity,106
10360,2021,E02004738,2021 super output areas - middle layer,152,Total: All usual residents,7206
10361,2021,E02004738,2021 super output areas - middle layer,152,British only identity,4031
10362,2021,E02004738,2021 super output areas - middle layer,152,English only identity,1553
10363,2021,E02004738,2021 super output areas - middle layer,152,English and British only identity,1284
10364,2021,E02004738,2021 super output areas - middle layer,152,Welsh only identity,36
10365,2021,E02004738,2021 super output areas - middle layer,152,Welsh and British only identity,14
10366,2021,E02004738,2021 super output areas - middle layer,152,Any other combination of only UK identities,61
10367,2021,E02004738,2021 super output areas - middle layer,152,Scottish only identity,19
10368,2021,E02004738,2021 super output areas - middle layer,152,Scottish and British only identity,15
10369,2021,E02004738,2021 super output areas - middle layer,152,Northern Irish only identity,8
10370,2021,E02004738,2021 super output areas - middle layer,152,Northern Irish and British only identity,4
10371,2021,E02004738,2021 super output areas - middle layer,152,Cornish only identity,1
10372,2021,E02004738,2021 super output areas - middle layer,152,Cornish and British only identity,0
10373,2021,E02004738,2021 super output areas - middle layer,152,Any other combination of only UK identities ,14
10374,2021,E02004738,2021 super output areas - middle layer,152,Irish only identity,12
10375,2021,E02004738,2021 super output areas - middle layer,152,Irish and at least one UK identity,0
10376,2021,E02004738,2021 super output areas - middle layer,152,Other identity only,154
10377,2021,E02004738,2021 super output areas - middle layer,152,Other identity and at least one UK identity,61
10378,2021,E02004738,2021 super output areas - middle layer,152,Non-UK identity only,166
10379,2021,E02004738,2021 super output areas - middle layer,152,UK identity and non-UK identity,61
10380,2021,E02004739,2021 super output areas - middle layer,152,Total: All usual residents,7225
10381,2021,E02004739,2021 super output areas - middle layer,152,British only identity,4146
10382,2021,E02004739,2021 super output areas - middle layer,152,English only identity,1400
10383,2021,E02004739,2021 super output areas - middle layer,152,English and British only identity,1181
10384,2021,E02004739,2021 super output areas - middle layer,152,Welsh only identity,42
10385,2021,E02004739,2021 super output areas - middle layer,152,Welsh and British only identity,27
10386,2021,E02004739,2021 super output areas - middle layer,152,Any other combination of only UK identities,170
10387,2021,E02004739,2021 super output areas - middle layer,152,Scottish only identity,87
10388,2021,E02004739,2021 super output areas - middle layer,152,Scottish and British only identity,66
10389,2021,E02004739,2021 super output areas - middle layer,152,Northern Irish only identity,6
10390,2021,E02004739,2021 super output areas - middle layer,152,Northern Irish and British only identity,4
10391,2021,E02004739,2021 super output areas - middle layer,152,Cornish only identity,0
10392,2021,E02004739,2021 super output areas - middle layer,152,Cornish and British only identity,0
10393,2021,E02004739,2021 super output areas - middle layer,152,Any other combination of only UK identities ,7
10394,2021,E02004739,2021 super output areas - middle layer,152,Irish only identity,22
10395,2021,E02004739,2021 super output areas - middle layer,152,Irish and at least one UK identity,2
10396,2021,E02004739,2021 super output areas - middle layer,152,Other identity only,176
10397,2021,E02004739,2021 super output areas - middle layer,152,Other identity and at least one UK identity,59
10398,2021,E02004739,2021 super output areas - middle layer,152,Non-UK identity only,198
10399,2021,E02004739,2021 super output areas - middle layer,152,UK identity and non-UK identity,61
10400,2021,E02004740,2021 super output areas - middle layer,152,Total: All usual residents,7096
10401,2021,E02004740,2021 super output areas - middle layer,152,British only identity,4117
10402,2021,E02004740,2021 super output areas - middle layer,152,English only identity,1371
10403,2021,E02004740,2021 super output areas - middle layer,152,English and British only identity,1233
10404,2021,E02004740,2021 super output areas - middle layer,152,Welsh only identity,32
10405,2021,E02004740,2021 super output areas - middle layer,152,Welsh and British only identity,24
10406,2021,E02004740,2021 super output areas - middle layer,152,Any other combination of only UK identities,111
10407,2021,E02004740,2021 super output areas - middle layer,152,Scottish only identity,39
10408,2021,E02004740,2021 super output areas - middle layer,152,Scottish and British only identity,25
10409,2021,E02004740,2021 super output areas - middle layer,152,Northern Irish only identity,14
10410,2021,E02004740,2021 super output areas - middle layer,152,Northern Irish and British only identity,9
10411,2021,E02004740,2021 super output areas - middle layer,152,Cornish only identity,4
10412,2021,E02004740,2021 super output areas - middle layer,152,Cornish and British only identity,0
10413,2021,E02004740,2021 super output areas - middle layer,152,Any other combination of only UK identities ,20
10414,2021,E02004740,2021 super output areas - middle layer,152,Irish only identity,20
10415,2021,E02004740,2021 super output areas - middle layer,152,Irish and at least one UK identity,6
10416,2021,E02004740,2021 super output areas - middle layer,152,Other identity only,113
10417,2021,E02004740,2021 super output areas - middle layer,152,Other identity and at least one UK identity,69
10418,2021,E02004740,2021 super output areas - middle layer,152,Non-UK identity only,133
10419,2021,E02004740,2021 super output areas - middle layer,152,UK identity and non-UK identity,75
10420,2021,E02004741,2021 super output areas - middle layer,152,Total: All usual residents,7497
10421,2021,E02004741,2021 super output areas - middle layer,152,British only identity,4250
10422,2021,E02004741,2021 super output areas - middle layer,152,English only identity,1515
10423,2021,E02004741,2021 super output areas - middle layer,152,English and British only identity,1370
10424,2021,E02004741,2021 super output areas - middle layer,152,Welsh only identity,21
10425,2021,E02004741,2021 super output areas - middle layer,152,Welsh and British only identity,5
10426,2021,E02004741,2021 super output areas - middle layer,152,Any other combination of only UK identities,108
10427,2021,E02004741,2021 super output areas - middle layer,152,Scottish only identity,64
10428,2021,E02004741,2021 super output areas - middle layer,152,Scottish and British only identity,19
10429,2021,E02004741,2021 super output areas - middle layer,152,Northern Irish only identity,8
10430,2021,E02004741,2021 super output areas - middle layer,152,Northern Irish and British only identity,6
10431,2021,E02004741,2021 super output areas - middle layer,152,Cornish only identity,1
10432,2021,E02004741,2021 super output areas - middle layer,152,Cornish and British only identity,0
10433,2021,E02004741,2021 super output areas - middle layer,152,Any other combination of only UK identities ,10
10434,2021,E02004741,2021 super output areas - middle layer,152,Irish only identity,15
10435,2021,E02004741,2021 super output areas - middle layer,152,Irish and at least one UK identity,1
10436,2021,E02004741,2021 super output areas - middle layer,152,Other identity only,154
10437,2021,E02004741,2021 super output areas - middle layer,152,Other identity and at least one UK identity,58
10438,2021,E02004741,2021 super output areas - middle layer,152,Non-UK identity only,169
10439,2021,E02004741,2021 super output areas - middle layer,152,UK identity and non-UK identity,59
10440,2021,E02004742,2021 super output areas - middle layer,152,Total: All usual residents,7055
10441,2021,E02004742,2021 super output areas - middle layer,152,British only identity,3944
10442,2021,E02004742,2021 super output areas - middle layer,152,English only identity,1447
10443,2021,E02004742,2021 super output areas - middle layer,152,English and British only identity,1247
10444,2021,E02004742,2021 super output areas - middle layer,152,Welsh only identity,24
10445,2021,E02004742,2021 super output areas - middle layer,152,Welsh and British only identity,14
10446,2021,E02004742,2021 super output areas - middle layer,152,Any other combination of only UK identities,114
10447,2021,E02004742,2021 super output areas - middle layer,152,Scottish only identity,49
10448,2021,E02004742,2021 super output areas - middle layer,152,Scottish and British only identity,25
10449,2021,E02004742,2021 super output areas - middle layer,152,Northern Irish only identity,11
10450,2021,E02004742,2021 super output areas - middle layer,152,Northern Irish and British only identity,13
10451,2021,E02004742,2021 super output areas - middle layer,152,Cornish only identity,1
10452,2021,E02004742,2021 super output areas - middle layer,152,Cornish and British only identity,0
10453,2021,E02004742,2021 super output areas - middle layer,152,Any other combination of only UK identities ,15
10454,2021,E02004742,2021 super output areas - middle layer,152,Irish only identity,10
10455,2021,E02004742,2021 super output areas - middle layer,152,Irish and at least one UK identity,2
10456,2021,E02004742,2021 super output areas - middle layer,152,Other identity only,209
10457,2021,E02004742,2021 super output areas - middle layer,152,Other identity and at least one UK identity,44
10458,2021,E02004742,2021 super output areas - middle layer,152,Non-UK identity only,219
10459,2021,E02004742,2021 super output areas - middle layer,152,UK identity and non-UK identity,46
10460,2021,E02004743,2021 super output areas - middle layer,152,Total: All usual residents,7319
10461,2021,E02004743,2021 super output areas - middle layer,152,British only identity,4196
10462,2021,E02004743,2021 super output areas - middle layer,152,English only identity,1478
10463,2021,E02004743,2021 super output areas - middle layer,152,English and British only identity,1295
10464,2021,E02004743,2021 super output areas - middle layer,152,Welsh only identity,46
10465,2021,E02004743,2021 super output areas - middle layer,152,Welsh and British only identity,13
10466,2021,E02004743,2021 super output areas - middle layer,152,Any other combination of only UK identities,114
10467,2021,E02004743,2021 super output areas - middle layer,152,Scottish only identity,56
10468,2021,E02004743,2021 super output areas - middle layer,152,Scottish and British only identity,30
10469,2021,E02004743,2021 super output areas - middle layer,152,Northern Irish only identity,8
10470,2021,E02004743,2021 super output areas - middle layer,152,Northern Irish and British only identity,8
10471,2021,E02004743,2021 super output areas - middle layer,152,Cornish only identity,1
10472,2021,E02004743,2021 super output areas - middle layer,152,Cornish and British only identity,0
10473,2021,E02004743,2021 super output areas - middle layer,152,Any other combination of only UK identities ,11
10474,2021,E02004743,2021 super output areas - middle layer,152,Irish only identity,12
10475,2021,E02004743,2021 super output areas - middle layer,152,Irish and at least one UK identity,3
10476,2021,E02004743,2021 super output areas - middle layer,152,Other identity only,127
10477,2021,E02004743,2021 super output areas - middle layer,152,Other identity and at least one UK identity,35
10478,2021,E02004743,2021 super output areas - middle layer,152,Non-UK identity only,139
10479,2021,E02004743,2021 super output areas - middle layer,152,UK identity and non-UK identity,38
10480,2021,E02004744,2021 super output areas - middle layer,152,Total: All usual residents,9818
10481,2021,E02004744,2021 super output areas - middle layer,152,British only identity,5816
10482,2021,E02004744,2021 super output areas - middle layer,152,English only identity,1427
10483,2021,E02004744,2021 super output areas - middle layer,152,English and British only identity,1736
10484,2021,E02004744,2021 super output areas - middle layer,152,Welsh only identity,40
10485,2021,E02004744,2021 super output areas - middle layer,152,Welsh and British only identity,16
10486,2021,E02004744,2021 super output areas - middle layer,152,Any other combination of only UK identities,156
10487,2021,E02004744,2021 super output areas - middle layer,152,Scottish only identity,77
10488,2021,E02004744,2021 super output areas - middle layer,152,Scottish and British only identity,37
10489,2021,E02004744,2021 super output areas - middle layer,152,Northern Irish only identity,15
10490,2021,E02004744,2021 super output areas - middle layer,152,Northern Irish and British only identity,9
10491,2021,E02004744,2021 super output areas - middle layer,152,Cornish only identity,3
10492,2021,E02004744,2021 super output areas - middle layer,152,Cornish and British only identity,1
10493,2021,E02004744,2021 super output areas - middle layer,152,Any other combination of only UK identities ,14
10494,2021,E02004744,2021 super output areas - middle layer,152,Irish only identity,13
10495,2021,E02004744,2021 super output areas - middle layer,152,Irish and at least one UK identity,6
10496,2021,E02004744,2021 super output areas - middle layer,152,Other identity only,511
10497,2021,E02004744,2021 super output areas - middle layer,152,Other identity and at least one UK identity,97
10498,2021,E02004744,2021 super output areas - middle layer,152,Non-UK identity only,524
10499,2021,E02004744,2021 super output areas - middle layer,152,UK identity and non-UK identity,103
10500,2021,E02004745,2021 super output areas - middle layer,152,Total: All usual residents,8509
10501,2021,E02004745,2021 super output areas - middle layer,152,British only identity,4913
10502,2021,E02004745,2021 super output areas - middle layer,152,English only identity,1558
10503,2021,E02004745,2021 super output areas - middle layer,152,English and British only identity,1506
10504,2021,E02004745,2021 super output areas - middle layer,152,Welsh only identity,33
10505,2021,E02004745,2021 super output areas - middle layer,152,Welsh and British only identity,16
10506,2021,E02004745,2021 super output areas - middle layer,152,Any other combination of only UK identities,105
10507,2021,E02004745,2021 super output areas - middle layer,152,Scottish only identity,50
10508,2021,E02004745,2021 super output areas - middle layer,152,Scottish and British only identity,24
10509,2021,E02004745,2021 super output areas - middle layer,152,Northern Irish only identity,8
10510,2021,E02004745,2021 super output areas - middle layer,152,Northern Irish and British only identity,3
10511,2021,E02004745,2021 super output areas - middle layer,152,Cornish only identity,0
10512,2021,E02004745,2021 super output areas - middle layer,152,Cornish and British only identity,0
10513,2021,E02004745,2021 super output areas - middle layer,152,Any other combination of only UK identities ,20
10514,2021,E02004745,2021 super output areas - middle layer,152,Irish only identity,13
10515,2021,E02004745,2021 super output areas - middle layer,152,Irish and at least one UK identity,3
10516,2021,E02004745,2021 super output areas - middle layer,152,Other identity only,305
10517,2021,E02004745,2021 super output areas - middle layer,152,Other identity and at least one UK identity,57
10518,2021,E02004745,2021 super output areas - middle layer,152,Non-UK identity only,318
10519,2021,E02004745,2021 super output areas - middle layer,152,UK identity and non-UK identity,60
10520,2021,E02004746,2021 super output areas - middle layer,152,Total: All usual residents,11111
10521,2021,E02004746,2021 super output areas - middle layer,152,British only identity,6566
10522,2021,E02004746,2021 super output areas - middle layer,152,English only identity,2083
10523,2021,E02004746,2021 super output areas - middle layer,152,English and British only identity,1838
10524,2021,E02004746,2021 super output areas - middle layer,152,Welsh only identity,58
10525,2021,E02004746,2021 super output areas - middle layer,152,Welsh and British only identity,33
10526,2021,E02004746,2021 super output areas - middle layer,152,Any other combination of only UK identities,176
10527,2021,E02004746,2021 super output areas - middle layer,152,Scottish only identity,89
10528,2021,E02004746,2021 super output areas - middle layer,152,Scottish and British only identity,47
10529,2021,E02004746,2021 super output areas - middle layer,152,Northern Irish only identity,11
10530,2021,E02004746,2021 super output areas - middle layer,152,Northern Irish and British only identity,3
10531,2021,E02004746,2021 super output areas - middle layer,152,Cornish only identity,4
10532,2021,E02004746,2021 super output areas - middle layer,152,Cornish and British only identity,0
10533,2021,E02004746,2021 super output areas - middle layer,152,Any other combination of only UK identities ,22
10534,2021,E02004746,2021 super output areas - middle layer,152,Irish only identity,14
10535,2021,E02004746,2021 super output areas - middle layer,152,Irish and at least one UK identity,5
10536,2021,E02004746,2021 super output areas - middle layer,152,Other identity only,242
10537,2021,E02004746,2021 super output areas - middle layer,152,Other identity and at least one UK identity,96
10538,2021,E02004746,2021 super output areas - middle layer,152,Non-UK identity only,256
10539,2021,E02004746,2021 super output areas - middle layer,152,UK identity and non-UK identity,101
10540,2021,E02004747,2021 super output areas - middle layer,152,Total: All usual residents,6248
10541,2021,E02004747,2021 super output areas - middle layer,152,British only identity,3521
10542,2021,E02004747,2021 super output areas - middle layer,152,English only identity,1273
10543,2021,E02004747,2021 super output areas - middle layer,152,English and British only identity,1104
10544,2021,E02004747,2021 super output areas - middle layer,152,Welsh only identity,38
10545,2021,E02004747,2021 super output areas - middle layer,152,Welsh and British only identity,17
10546,2021,E02004747,2021 super output areas - middle layer,152,Any other combination of only UK identities,103
10547,2021,E02004747,2021 super output areas - middle layer,152,Scottish only identity,47
10548,2021,E02004747,2021 super output areas - middle layer,152,Scottish and British only identity,24
10549,2021,E02004747,2021 super output areas - middle layer,152,Northern Irish only identity,10
10550,2021,E02004747,2021 super output areas - middle layer,152,Northern Irish and British only identity,7
10551,2021,E02004747,2021 super output areas - middle layer,152,Cornish only identity,1
10552,2021,E02004747,2021 super output areas - middle layer,152,Cornish and British only identity,0
10553,2021,E02004747,2021 super output areas - middle layer,152,Any other combination of only UK identities ,14
10554,2021,E02004747,2021 super output areas - middle layer,152,Irish only identity,10
10555,2021,E02004747,2021 super output areas - middle layer,152,Irish and at least one UK identity,2
10556,2021,E02004747,2021 super output areas - middle layer,152,Other identity only,153
10557,2021,E02004747,2021 super output areas - middle layer,152,Other identity and at least one UK identity,27
10558,2021,E02004747,2021 super output areas - middle layer,152,Non-UK identity only,163
10559,2021,E02004747,2021 super output areas - middle layer,152,UK identity and non-UK identity,29
10560,2021,E02004748,2021 super output areas - middle layer,152,Total: All usual residents,9391
10561,2021,E02004748,2021 super output areas - middle layer,152,British only identity,5347
10562,2021,E02004748,2021 super output areas - middle layer,152,English only identity,1647
10563,2021,E02004748,2021 super output areas - middle layer,152,English and British only identity,1675
10564,2021,E02004748,2021 super output areas - middle layer,152,Welsh only identity,39
10565,2021,E02004748,2021 super output areas - middle layer,152,Welsh and British only identity,21
10566,2021,E02004748,2021 super output areas - middle layer,152,Any other combination of only UK identities,142
10567,2021,E02004748,2021 super output areas - middle layer,152,Scottish only identity,68
10568,2021,E02004748,2021 super output areas - middle layer,152,Scottish and British only identity,28
10569,2021,E02004748,2021 super output areas - middle layer,152,Northern Irish only identity,17
10570,2021,E02004748,2021 super output areas - middle layer,152,Northern Irish and British only identity,5
10571,2021,E02004748,2021 super output areas - middle layer,152,Cornish only identity,2
10572,2021,E02004748,2021 super output areas - middle layer,152,Cornish and British only identity,0
10573,2021,E02004748,2021 super output areas - middle layer,152,Any other combination of only UK identities ,22
10574,2021,E02004748,2021 super output areas - middle layer,152,Irish only identity,19
10575,2021,E02004748,2021 super output areas - middle layer,152,Irish and at least one UK identity,5
10576,2021,E02004748,2021 super output areas - middle layer,152,Other identity only,402
10577,2021,E02004748,2021 super output areas - middle layer,152,Other identity and at least one UK identity,94
10578,2021,E02004748,2021 super output areas - middle layer,152,Non-UK identity only,421
10579,2021,E02004748,2021 super output areas - middle layer,152,UK identity and non-UK identity,99
10580,2021,E02004749,2021 super output areas - middle layer,152,Total: All usual residents,7176
10581,2021,E02004749,2021 super output areas - middle layer,152,British only identity,4093
10582,2021,E02004749,2021 super output areas - middle layer,152,English only identity,1451
10583,2021,E02004749,2021 super output areas - middle layer,152,English and British only identity,1219
10584,2021,E02004749,2021 super output areas - middle layer,152,Welsh only identity,52
10585,2021,E02004749,2021 super output areas - middle layer,152,Welsh and British only identity,21
10586,2021,E02004749,2021 super output areas - middle layer,152,Any other combination of only UK identities,130
10587,2021,E02004749,2021 super output areas - middle layer,152,Scottish only identity,58
10588,2021,E02004749,2021 super output areas - middle layer,152,Scottish and British only identity,22
10589,2021,E02004749,2021 super output areas - middle layer,152,Northern Irish only identity,14
10590,2021,E02004749,2021 super output areas - middle layer,152,Northern Irish and British only identity,14
10591,2021,E02004749,2021 super output areas - middle layer,152,Cornish only identity,0
10592,2021,E02004749,2021 super output areas - middle layer,152,Cornish and British only identity,1
10593,2021,E02004749,2021 super output areas - middle layer,152,Any other combination of only UK identities ,21
10594,2021,E02004749,2021 super output areas - middle layer,152,Irish only identity,11
10595,2021,E02004749,2021 super output areas - middle layer,152,Irish and at least one UK identity,5
10596,2021,E02004749,2021 super output areas - middle layer,152,Other identity only,112
10597,2021,E02004749,2021 super output areas - middle layer,152,Other identity and at least one UK identity,82
10598,2021,E02004749,2021 super output areas - middle layer,152,Non-UK identity only,123
10599,2021,E02004749,2021 super output areas - middle layer,152,UK identity and non-UK identity,87
10600,2021,E02004750,2021 super output areas - middle layer,152,Total: All usual residents,7835
10601,2021,E02004750,2021 super output areas - middle layer,152,British only identity,4420
10602,2021,E02004750,2021 super output areas - middle layer,152,English only identity,1563
10603,2021,E02004750,2021 super output areas - middle layer,152,English and British only identity,1275
10604,2021,E02004750,2021 super output areas - middle layer,152,Welsh only identity,55
10605,2021,E02004750,2021 super output areas - middle layer,152,Welsh and British only identity,19
10606,2021,E02004750,2021 super output areas - middle layer,152,Any other combination of only UK identities,177
10607,2021,E02004750,2021 super output areas - middle layer,152,Scottish only identity,105
10608,2021,E02004750,2021 super output areas - middle layer,152,Scottish and British only identity,41
10609,2021,E02004750,2021 super output areas - middle layer,152,Northern Irish only identity,11
10610,2021,E02004750,2021 super output areas - middle layer,152,Northern Irish and British only identity,4
10611,2021,E02004750,2021 super output areas - middle layer,152,Cornish only identity,1
10612,2021,E02004750,2021 super output areas - middle layer,152,Cornish and British only identity,0
10613,2021,E02004750,2021 super output areas - middle layer,152,Any other combination of only UK identities ,15
10614,2021,E02004750,2021 super output areas - middle layer,152,Irish only identity,25
10615,2021,E02004750,2021 super output areas - middle layer,152,Irish and at least one UK identity,13
10616,2021,E02004750,2021 super output areas - middle layer,152,Other identity only,223
10617,2021,E02004750,2021 super output areas - middle layer,152,Other identity and at least one UK identity,65
10618,2021,E02004750,2021 super output areas - middle layer,152,Non-UK identity only,248
10619,2021,E02004750,2021 super output areas - middle layer,152,UK identity and non-UK identity,78
10620,2021,E02004751,2021 super output areas - middle layer,152,Total: All usual residents,8436
10621,2021,E02004751,2021 super output areas - middle layer,152,British only identity,4826
10622,2021,E02004751,2021 super output areas - middle layer,152,English only identity,1636
10623,2021,E02004751,2021 super output areas - middle layer,152,English and British only identity,1372
10624,2021,E02004751,2021 super output areas - middle layer,152,Welsh only identity,50
10625,2021,E02004751,2021 super output areas - middle layer,152,Welsh and British only identity,26
10626,2021,E02004751,2021 super output areas - middle layer,152,Any other combination of only UK identities,108
10627,2021,E02004751,2021 super output areas - middle layer,152,Scottish only identity,53
10628,2021,E02004751,2021 super output areas - middle layer,152,Scottish and British only identity,17
10629,2021,E02004751,2021 super output areas - middle layer,152,Northern Irish only identity,9
10630,2021,E02004751,2021 super output areas - middle layer,152,Northern Irish and British only identity,8
10631,2021,E02004751,2021 super output areas - middle layer,152,Cornish only identity,2
10632,2021,E02004751,2021 super output areas - middle layer,152,Cornish and British only identity,0
10633,2021,E02004751,2021 super output areas - middle layer,152,Any other combination of only UK identities ,19
10634,2021,E02004751,2021 super output areas - middle layer,152,Irish only identity,34
10635,2021,E02004751,2021 super output areas - middle layer,152,Irish and at least one UK identity,4
10636,2021,E02004751,2021 super output areas - middle layer,152,Other identity only,257
10637,2021,E02004751,2021 super output areas - middle layer,152,Other identity and at least one UK identity,123
10638,2021,E02004751,2021 super output areas - middle layer,152,Non-UK identity only,291
10639,2021,E02004751,2021 super output areas - middle layer,152,UK identity and non-UK identity,127
10640,2021,E02004752,2021 super output areas - middle layer,152,Total: All usual residents,7951
10641,2021,E02004752,2021 super output areas - middle layer,152,British only identity,4513
10642,2021,E02004752,2021 super output areas - middle layer,152,English only identity,1640
10643,2021,E02004752,2021 super output areas - middle layer,152,English and British only identity,1313
10644,2021,E02004752,2021 super output areas - middle layer,152,Welsh only identity,40
10645,2021,E02004752,2021 super output areas - middle layer,152,Welsh and British only identity,14
10646,2021,E02004752,2021 super output areas - middle layer,152,Any other combination of only UK identities,89
10647,2021,E02004752,2021 super output areas - middle layer,152,Scottish only identity,34
10648,2021,E02004752,2021 super output areas - middle layer,152,Scottish and British only identity,19
10649,2021,E02004752,2021 super output areas - middle layer,152,Northern Irish only identity,8
10650,2021,E02004752,2021 super output areas - middle layer,152,Northern Irish and British only identity,8
10651,2021,E02004752,2021 super output areas - middle layer,152,Cornish only identity,1
10652,2021,E02004752,2021 super output areas - middle layer,152,Cornish and British only identity,0
10653,2021,E02004752,2021 super output areas - middle layer,152,Any other combination of only UK identities ,19
10654,2021,E02004752,2021 super output areas - middle layer,152,Irish only identity,34
10655,2021,E02004752,2021 super output areas - middle layer,152,Irish and at least one UK identity,8
10656,2021,E02004752,2021 super output areas - middle layer,152,Other identity only,204
10657,2021,E02004752,2021 super output areas - middle layer,152,Other identity and at least one UK identity,96
10658,2021,E02004752,2021 super output areas - middle layer,152,Non-UK identity only,238
10659,2021,E02004752,2021 super output areas - middle layer,152,UK identity and non-UK identity,104
10660,2021,E02004753,2021 super output areas - middle layer,152,Total: All usual residents,11515
10661,2021,E02004753,2021 super output areas - middle layer,152,British only identity,6246
10662,2021,E02004753,2021 super output areas - middle layer,152,English only identity,2184
10663,2021,E02004753,2021 super output areas - middle layer,152,English and British only identity,1703
10664,2021,E02004753,2021 super output areas - middle layer,152,Welsh only identity,40
10665,2021,E02004753,2021 super output areas - middle layer,152,Welsh and British only identity,35
10666,2021,E02004753,2021 super output areas - middle layer,152,Any other combination of only UK identities,159
10667,2021,E02004753,2021 super output areas - middle layer,152,Scottish only identity,74
10668,2021,E02004753,2021 super output areas - middle layer,152,Scottish and British only identity,28
10669,2021,E02004753,2021 super output areas - middle layer,152,Northern Irish only identity,20
10670,2021,E02004753,2021 super output areas - middle layer,152,Northern Irish and British only identity,16
10671,2021,E02004753,2021 super output areas - middle layer,152,Cornish only identity,0
10672,2021,E02004753,2021 super output areas - middle layer,152,Cornish and British only identity,0
10673,2021,E02004753,2021 super output areas - middle layer,152,Any other combination of only UK identities ,21
10674,2021,E02004753,2021 super output areas - middle layer,152,Irish only identity,52
10675,2021,E02004753,2021 super output areas - middle layer,152,Irish and at least one UK identity,7
10676,2021,E02004753,2021 super output areas - middle layer,152,Other identity only,884
10677,2021,E02004753,2021 super output areas - middle layer,152,Other identity and at least one UK identity,205
10678,2021,E02004753,2021 super output areas - middle layer,152,Non-UK identity only,936
10679,2021,E02004753,2021 super output areas - middle layer,152,UK identity and non-UK identity,212
10680,2021,E02004754,2021 super output areas - middle layer,152,Total: All usual residents,7164
10681,2021,E02004754,2021 super output areas - middle layer,152,British only identity,4224
10682,2021,E02004754,2021 super output areas - middle layer,152,English only identity,1169
10683,2021,E02004754,2021 super output areas - middle layer,152,English and British only identity,1173
10684,2021,E02004754,2021 super output areas - middle layer,152,Welsh only identity,56
10685,2021,E02004754,2021 super output areas - middle layer,152,Welsh and British only identity,37
10686,2021,E02004754,2021 super output areas - middle layer,152,Any other combination of only UK identities,120
10687,2021,E02004754,2021 super output areas - middle layer,152,Scottish only identity,40
10688,2021,E02004754,2021 super output areas - middle layer,152,Scottish and British only identity,24
10689,2021,E02004754,2021 super output areas - middle layer,152,Northern Irish only identity,22
10690,2021,E02004754,2021 super output areas - middle layer,152,Northern Irish and British only identity,9
10691,2021,E02004754,2021 super output areas - middle layer,152,Cornish only identity,3
10692,2021,E02004754,2021 super output areas - middle layer,152,Cornish and British only identity,0
10693,2021,E02004754,2021 super output areas - middle layer,152,Any other combination of only UK identities ,22
10694,2021,E02004754,2021 super output areas - middle layer,152,Irish only identity,25
10695,2021,E02004754,2021 super output areas - middle layer,152,Irish and at least one UK identity,5
10696,2021,E02004754,2021 super output areas - middle layer,152,Other identity only,254
10697,2021,E02004754,2021 super output areas - middle layer,152,Other identity and at least one UK identity,101
10698,2021,E02004754,2021 super output areas - middle layer,152,Non-UK identity only,279
10699,2021,E02004754,2021 super output areas - middle layer,152,UK identity and non-UK identity,106
10700,2021,E02004755,2021 super output areas - middle layer,152,Total: All usual residents,12169
10701,2021,E02004755,2021 super output areas - middle layer,152,British only identity,6940
10702,2021,E02004755,2021 super output areas - middle layer,152,English only identity,1669
10703,2021,E02004755,2021 super output areas - middle layer,152,English and British only identity,1877
10704,2021,E02004755,2021 super output areas - middle layer,152,Welsh only identity,58
10705,2021,E02004755,2021 super output areas - middle layer,152,Welsh and British only identity,42
10706,2021,E02004755,2021 super output areas - middle layer,152,Any other combination of only UK identities,188
10707,2021,E02004755,2021 super output areas - middle layer,152,Scottish only identity,67
10708,2021,E02004755,2021 super output areas - middle layer,152,Scottish and British only identity,52
10709,2021,E02004755,2021 super output areas - middle layer,152,Northern Irish only identity,14
10710,2021,E02004755,2021 super output areas - middle layer,152,Northern Irish and British only identity,12
10711,2021,E02004755,2021 super output areas - middle layer,152,Cornish only identity,2
10712,2021,E02004755,2021 super output areas - middle layer,152,Cornish and British only identity,2
10713,2021,E02004755,2021 super output areas - middle layer,152,Any other combination of only UK identities ,39
10714,2021,E02004755,2021 super output areas - middle layer,152,Irish only identity,60
10715,2021,E02004755,2021 super output areas - middle layer,152,Irish and at least one UK identity,6
10716,2021,E02004755,2021 super output areas - middle layer,152,Other identity only,991
10717,2021,E02004755,2021 super output areas - middle layer,152,Other identity and at least one UK identity,338
10718,2021,E02004755,2021 super output areas - middle layer,152,Non-UK identity only,1051
10719,2021,E02004755,2021 super output areas - middle layer,152,UK identity and non-UK identity,344
10720,2021,E02004756,2021 super output areas - middle layer,152,Total: All usual residents,9657
10721,2021,E02004756,2021 super output areas - middle layer,152,British only identity,5690
10722,2021,E02004756,2021 super output areas - middle layer,152,English only identity,1384
10723,2021,E02004756,2021 super output areas - middle layer,152,English and British only identity,1610
10724,2021,E02004756,2021 super output areas - middle layer,152,Welsh only identity,52
10725,2021,E02004756,2021 super output areas - middle layer,152,Welsh and British only identity,47
10726,2021,E02004756,2021 super output areas - middle layer,152,Any other combination of only UK identities,132
10727,2021,E02004756,2021 super output areas - middle layer,152,Scottish only identity,56
10728,2021,E02004756,2021 super output areas - middle layer,152,Scottish and British only identity,41
10729,2021,E02004756,2021 super output areas - middle layer,152,Northern Irish only identity,9
10730,2021,E02004756,2021 super output areas - middle layer,152,Northern Irish and British only identity,7
10731,2021,E02004756,2021 super output areas - middle layer,152,Cornish only identity,1
10732,2021,E02004756,2021 super output areas - middle layer,152,Cornish and British only identity,0
10733,2021,E02004756,2021 super output areas - middle layer,152,Any other combination of only UK identities ,18
10734,2021,E02004756,2021 super output areas - middle layer,152,Irish only identity,40
10735,2021,E02004756,2021 super output areas - middle layer,152,Irish and at least one UK identity,12
10736,2021,E02004756,2021 super output areas - middle layer,152,Other identity only,464
10737,2021,E02004756,2021 super output areas - middle layer,152,Other identity and at least one UK identity,226
10738,2021,E02004756,2021 super output areas - middle layer,152,Non-UK identity only,504
10739,2021,E02004756,2021 super output areas - middle layer,152,UK identity and non-UK identity,238
10740,2021,E02004757,2021 super output areas - middle layer,152,Total: All usual residents,7892
10741,2021,E02004757,2021 super output areas - middle layer,152,British only identity,4505
10742,2021,E02004757,2021 super output areas - middle layer,152,English only identity,1345
10743,2021,E02004757,2021 super output areas - middle layer,152,English and British only identity,1363
10744,2021,E02004757,2021 super output areas - middle layer,152,Welsh only identity,60
10745,2021,E02004757,2021 super output areas - middle layer,152,Welsh and British only identity,29
10746,2021,E02004757,2021 super output areas - middle layer,152,Any other combination of only UK identities,146
10747,2021,E02004757,2021 super output areas - middle layer,152,Scottish only identity,58
10748,2021,E02004757,2021 super output areas - middle layer,152,Scottish and British only identity,35
10749,2021,E02004757,2021 super output areas - middle layer,152,Northern Irish only identity,14
10750,2021,E02004757,2021 super output areas - middle layer,152,Northern Irish and British only identity,6
10751,2021,E02004757,2021 super output areas - middle layer,152,Cornish only identity,1
10752,2021,E02004757,2021 super output areas - middle layer,152,Cornish and British only identity,2
10753,2021,E02004757,2021 super output areas - middle layer,152,Any other combination of only UK identities ,30
10754,2021,E02004757,2021 super output areas - middle layer,152,Irish only identity,45
10755,2021,E02004757,2021 super output areas - middle layer,152,Irish and at least one UK identity,11
10756,2021,E02004757,2021 super output areas - middle layer,152,Other identity only,247
10757,2021,E02004757,2021 super output areas - middle layer,152,Other identity and at least one UK identity,141
10758,2021,E02004757,2021 super output areas - middle layer,152,Non-UK identity only,292
10759,2021,E02004757,2021 super output areas - middle layer,152,UK identity and non-UK identity,152
10760,2021,E02004758,2021 super output areas - middle layer,152,Total: All usual residents,9150
10761,2021,E02004758,2021 super output areas - middle layer,152,British only identity,5369
10762,2021,E02004758,2021 super output areas - middle layer,152,English only identity,1483
10763,2021,E02004758,2021 super output areas - middle layer,152,English and British only identity,1432
10764,2021,E02004758,2021 super output areas - middle layer,152,Welsh only identity,50
10765,2021,E02004758,2021 super output areas - middle layer,152,Welsh and British only identity,19
10766,2021,E02004758,2021 super output areas - middle layer,152,Any other combination of only UK identities,144
10767,2021,E02004758,2021 super output areas - middle layer,152,Scottish only identity,54
10768,2021,E02004758,2021 super output areas - middle layer,152,Scottish and British only identity,41
10769,2021,E02004758,2021 super output areas - middle layer,152,Northern Irish only identity,17
10770,2021,E02004758,2021 super output areas - middle layer,152,Northern Irish and British only identity,9
10771,2021,E02004758,2021 super output areas - middle layer,152,Cornish only identity,3
10772,2021,E02004758,2021 super output areas - middle layer,152,Cornish and British only identity,0
10773,2021,E02004758,2021 super output areas - middle layer,152,Any other combination of only UK identities ,20
10774,2021,E02004758,2021 super output areas - middle layer,152,Irish only identity,49
10775,2021,E02004758,2021 super output areas - middle layer,152,Irish and at least one UK identity,11
10776,2021,E02004758,2021 super output areas - middle layer,152,Other identity only,408
10777,2021,E02004758,2021 super output areas - middle layer,152,Other identity and at least one UK identity,185
10778,2021,E02004758,2021 super output areas - middle layer,152,Non-UK identity only,457
10779,2021,E02004758,2021 super output areas - middle layer,152,UK identity and non-UK identity,196
10780,2021,E02004759,2021 super output areas - middle layer,152,Total: All usual residents,8225
10781,2021,E02004759,2021 super output areas - middle layer,152,British only identity,4626
10782,2021,E02004759,2021 super output areas - middle layer,152,English only identity,1557
10783,2021,E02004759,2021 super output areas - middle layer,152,English and British only identity,1402
10784,2021,E02004759,2021 super output areas - middle layer,152,Welsh only identity,39
10785,2021,E02004759,2021 super output areas - middle layer,152,Welsh and British only identity,19
10786,2021,E02004759,2021 super output areas - middle layer,152,Any other combination of only UK identities,97
10787,2021,E02004759,2021 super output areas - middle layer,152,Scottish only identity,42
10788,2021,E02004759,2021 super output areas - middle layer,152,Scottish and British only identity,24
10789,2021,E02004759,2021 super output areas - middle layer,152,Northern Irish only identity,8
10790,2021,E02004759,2021 super output areas - middle layer,152,Northern Irish and British only identity,4
10791,2021,E02004759,2021 super output areas - middle layer,152,Cornish only identity,0
10792,2021,E02004759,2021 super output areas - middle layer,152,Cornish and British only identity,0
10793,2021,E02004759,2021 super output areas - middle layer,152,Any other combination of only UK identities ,19
10794,2021,E02004759,2021 super output areas - middle layer,152,Irish only identity,39
10795,2021,E02004759,2021 super output areas - middle layer,152,Irish and at least one UK identity,9
10796,2021,E02004759,2021 super output areas - middle layer,152,Other identity only,278
10797,2021,E02004759,2021 super output areas - middle layer,152,Other identity and at least one UK identity,159
10798,2021,E02004759,2021 super output areas - middle layer,152,Non-UK identity only,317
10799,2021,E02004759,2021 super output areas - middle layer,152,UK identity and non-UK identity,168
10800,2021,E02004760,2021 super output areas - middle layer,152,Total: All usual residents,10725
10801,2021,E02004760,2021 super output areas - middle layer,152,British only identity,6498
10802,2021,E02004760,2021 super output areas - middle layer,152,English only identity,1423
10803,2021,E02004760,2021 super output areas - middle layer,152,English and British only identity,1819
10804,2021,E02004760,2021 super output areas - middle layer,152,Welsh only identity,40
10805,2021,E02004760,2021 super output areas - middle layer,152,Welsh and British only identity,27
10806,2021,E02004760,2021 super output areas - middle layer,152,Any other combination of only UK identities,136
10807,2021,E02004760,2021 super output areas - middle layer,152,Scottish only identity,46
10808,2021,E02004760,2021 super output areas - middle layer,152,Scottish and British only identity,40
10809,2021,E02004760,2021 super output areas - middle layer,152,Northern Irish only identity,11
10810,2021,E02004760,2021 super output areas - middle layer,152,Northern Irish and British only identity,8
10811,2021,E02004760,2021 super output areas - middle layer,152,Cornish only identity,1
10812,2021,E02004760,2021 super output areas - middle layer,152,Cornish and British only identity,0
10813,2021,E02004760,2021 super output areas - middle layer,152,Any other combination of only UK identities ,30
10814,2021,E02004760,2021 super output areas - middle layer,152,Irish only identity,54
10815,2021,E02004760,2021 super output areas - middle layer,152,Irish and at least one UK identity,14
10816,2021,E02004760,2021 super output areas - middle layer,152,Other identity only,507
10817,2021,E02004760,2021 super output areas - middle layer,152,Other identity and at least one UK identity,207
10818,2021,E02004760,2021 super output areas - middle layer,152,Non-UK identity only,561
10819,2021,E02004760,2021 super output areas - middle layer,152,UK identity and non-UK identity,221
10820,2021,E02004761,2021 super output areas - middle layer,152,Total: All usual residents,6519
10821,2021,E02004761,2021 super output areas - middle layer,152,British only identity,3935
10822,2021,E02004761,2021 super output areas - middle layer,152,English only identity,981
10823,2021,E02004761,2021 super output areas - middle layer,152,English and British only identity,1051
10824,2021,E02004761,2021 super output areas - middle layer,152,Welsh only identity,72
10825,2021,E02004761,2021 super output areas - middle layer,152,Welsh and British only identity,27
10826,2021,E02004761,2021 super output areas - middle layer,152,Any other combination of only UK identities,110
10827,2021,E02004761,2021 super output areas - middle layer,152,Scottish only identity,40
10828,2021,E02004761,2021 super output areas - middle layer,152,Scottish and British only identity,27
10829,2021,E02004761,2021 super output areas - middle layer,152,Northern Irish only identity,8
10830,2021,E02004761,2021 super output areas - middle layer,152,Northern Irish and British only identity,5
10831,2021,E02004761,2021 super output areas - middle layer,152,Cornish only identity,1
10832,2021,E02004761,2021 super output areas - middle layer,152,Cornish and British only identity,0
10833,2021,E02004761,2021 super output areas - middle layer,152,Any other combination of only UK identities ,29
10834,2021,E02004761,2021 super output areas - middle layer,152,Irish only identity,33
10835,2021,E02004761,2021 super output areas - middle layer,152,Irish and at least one UK identity,4
10836,2021,E02004761,2021 super output areas - middle layer,152,Other identity only,220
10837,2021,E02004761,2021 super output areas - middle layer,152,Other identity and at least one UK identity,86
10838,2021,E02004761,2021 super output areas - middle layer,152,Non-UK identity only,253
10839,2021,E02004761,2021 super output areas - middle layer,152,UK identity and non-UK identity,90
10840,2021,E02004764,2021 super output areas - middle layer,152,Total: All usual residents,8175
10841,2021,E02004764,2021 super output areas - middle layer,152,British only identity,4745
10842,2021,E02004764,2021 super output areas - middle layer,152,English only identity,1779
10843,2021,E02004764,2021 super output areas - middle layer,152,English and British only identity,1351
10844,2021,E02004764,2021 super output areas - middle layer,152,Welsh only identity,32
10845,2021,E02004764,2021 super output areas - middle layer,152,Welsh and British only identity,15
10846,2021,E02004764,2021 super output areas - middle layer,152,Any other combination of only UK identities,68
10847,2021,E02004764,2021 super output areas - middle layer,152,Scottish only identity,29
10848,2021,E02004764,2021 super output areas - middle layer,152,Scottish and British only identity,14
10849,2021,E02004764,2021 super output areas - middle layer,152,Northern Irish only identity,5
10850,2021,E02004764,2021 super output areas - middle layer,152,Northern Irish and British only identity,2
10851,2021,E02004764,2021 super output areas - middle layer,152,Cornish only identity,1
10852,2021,E02004764,2021 super output areas - middle layer,152,Cornish and British only identity,0
10853,2021,E02004764,2021 super output areas - middle layer,152,Any other combination of only UK identities ,17
10854,2021,E02004764,2021 super output areas - middle layer,152,Irish only identity,20
10855,2021,E02004764,2021 super output areas - middle layer,152,Irish and at least one UK identity,3
10856,2021,E02004764,2021 super output areas - middle layer,152,Other identity only,127
10857,2021,E02004764,2021 super output areas - middle layer,152,Other identity and at least one UK identity,35
10858,2021,E02004764,2021 super output areas - middle layer,152,Non-UK identity only,147
10859,2021,E02004764,2021 super output areas - middle layer,152,UK identity and non-UK identity,38
10860,2021,E02004765,2021 super output areas - middle layer,152,Total: All usual residents,6050
10861,2021,E02004765,2021 super output areas - middle layer,152,British only identity,3494
10862,2021,E02004765,2021 super output areas - middle layer,152,English only identity,1182
10863,2021,E02004765,2021 super output areas - middle layer,152,English and British only identity,1085
10864,2021,E02004765,2021 super output areas - middle layer,152,Welsh only identity,20
10865,2021,E02004765,2021 super output areas - middle layer,152,Welsh and British only identity,8
10866,2021,E02004765,2021 super output areas - middle layer,152,Any other combination of only UK identities,62
10867,2021,E02004765,2021 super output areas - middle layer,152,Scottish only identity,19
10868,2021,E02004765,2021 super output areas - middle layer,152,Scottish and British only identity,14
10869,2021,E02004765,2021 super output areas - middle layer,152,Northern Irish only identity,7
10870,2021,E02004765,2021 super output areas - middle layer,152,Northern Irish and British only identity,8
10871,2021,E02004765,2021 super output areas - middle layer,152,Cornish only identity,1
10872,2021,E02004765,2021 super output areas - middle layer,152,Cornish and British only identity,0
10873,2021,E02004765,2021 super output areas - middle layer,152,Any other combination of only UK identities ,13
10874,2021,E02004765,2021 super output areas - middle layer,152,Irish only identity,22
10875,2021,E02004765,2021 super output areas - middle layer,152,Irish and at least one UK identity,4
10876,2021,E02004765,2021 super output areas - middle layer,152,Other identity only,135
10877,2021,E02004765,2021 super output areas - middle layer,152,Other identity and at least one UK identity,38
10878,2021,E02004765,2021 super output areas - middle layer,152,Non-UK identity only,157
10879,2021,E02004765,2021 super output areas - middle layer,152,UK identity and non-UK identity,42
10880,2021,E02004766,2021 super output areas - middle layer,152,Total: All usual residents,7115
10881,2021,E02004766,2021 super output areas - middle layer,152,British only identity,4156
10882,2021,E02004766,2021 super output areas - middle layer,152,English only identity,1257
10883,2021,E02004766,2021 super output areas - middle layer,152,English and British only identity,1294
10884,2021,E02004766,2021 super output areas - middle layer,152,Welsh only identity,22
10885,2021,E02004766,2021 super output areas - middle layer,152,Welsh and British only identity,8
10886,2021,E02004766,2021 super output areas - middle layer,152,Any other combination of only UK identities,76
10887,2021,E02004766,2021 super output areas - middle layer,152,Scottish only identity,39
10888,2021,E02004766,2021 super output areas - middle layer,152,Scottish and British only identity,18
10889,2021,E02004766,2021 super output areas - middle layer,152,Northern Irish only identity,6
10890,2021,E02004766,2021 super output areas - middle layer,152,Northern Irish and British only identity,5
10891,2021,E02004766,2021 super output areas - middle layer,152,Cornish only identity,1
10892,2021,E02004766,2021 super output areas - middle layer,152,Cornish and British only identity,0
10893,2021,E02004766,2021 super output areas - middle layer,152,Any other combination of only UK identities ,7
10894,2021,E02004766,2021 super output areas - middle layer,152,Irish only identity,21
10895,2021,E02004766,2021 super output areas - middle layer,152,Irish and at least one UK identity,4
10896,2021,E02004766,2021 super output areas - middle layer,152,Other identity only,221
10897,2021,E02004766,2021 super output areas - middle layer,152,Other identity and at least one UK identity,56
10898,2021,E02004766,2021 super output areas - middle layer,152,Non-UK identity only,242
10899,2021,E02004766,2021 super output areas - middle layer,152,UK identity and non-UK identity,60
10900,2021,E02004767,2021 super output areas - middle layer,152,Total: All usual residents,5817
10901,2021,E02004767,2021 super output areas - middle layer,152,British only identity,3459
10902,2021,E02004767,2021 super output areas - middle layer,152,English only identity,938
10903,2021,E02004767,2021 super output areas - middle layer,152,English and British only identity,1203
10904,2021,E02004767,2021 super output areas - middle layer,152,Welsh only identity,9
10905,2021,E02004767,2021 super output areas - middle layer,152,Welsh and British only identity,0
10906,2021,E02004767,2021 super output areas - middle layer,152,Any other combination of only UK identities,38
10907,2021,E02004767,2021 super output areas - middle layer,152,Scottish only identity,18
10908,2021,E02004767,2021 super output areas - middle layer,152,Scottish and British only identity,9
10909,2021,E02004767,2021 super output areas - middle layer,152,Northern Irish only identity,5
10910,2021,E02004767,2021 super output areas - middle layer,152,Northern Irish and British only identity,1
10911,2021,E02004767,2021 super output areas - middle layer,152,Cornish only identity,0
10912,2021,E02004767,2021 super output areas - middle layer,152,Cornish and British only identity,0
10913,2021,E02004767,2021 super output areas - middle layer,152,Any other combination of only UK identities ,5
10914,2021,E02004767,2021 super output areas - middle layer,152,Irish only identity,7
10915,2021,E02004767,2021 super output areas - middle layer,152,Irish and at least one UK identity,0
10916,2021,E02004767,2021 super output areas - middle layer,152,Other identity only,135
10917,2021,E02004767,2021 super output areas - middle layer,152,Other identity and at least one UK identity,28
10918,2021,E02004767,2021 super output areas - middle layer,152,Non-UK identity only,142
10919,2021,E02004767,2021 super output areas - middle layer,152,UK identity and non-UK identity,28
10920,2021,E02004768,2021 super output areas - middle layer,152,Total: All usual residents,5375
10921,2021,E02004768,2021 super output areas - middle layer,152,British only identity,3174
10922,2021,E02004768,2021 super output areas - middle layer,152,English only identity,937
10923,2021,E02004768,2021 super output areas - middle layer,152,English and British only identity,884
10924,2021,E02004768,2021 super output areas - middle layer,152,Welsh only identity,20
10925,2021,E02004768,2021 super output areas - middle layer,152,Welsh and British only identity,8
10926,2021,E02004768,2021 super output areas - middle layer,152,Any other combination of only UK identities,60
10927,2021,E02004768,2021 super output areas - middle layer,152,Scottish only identity,26
10928,2021,E02004768,2021 super output areas - middle layer,152,Scottish and British only identity,12
10929,2021,E02004768,2021 super output areas - middle layer,152,Northern Irish only identity,8
10930,2021,E02004768,2021 super output areas - middle layer,152,Northern Irish and British only identity,3
10931,2021,E02004768,2021 super output areas - middle layer,152,Cornish only identity,0
10932,2021,E02004768,2021 super output areas - middle layer,152,Cornish and British only identity,0
10933,2021,E02004768,2021 super output areas - middle layer,152,Any other combination of only UK identities ,11
10934,2021,E02004768,2021 super output areas - middle layer,152,Irish only identity,10
10935,2021,E02004768,2021 super output areas - middle layer,152,Irish and at least one UK identity,2
10936,2021,E02004768,2021 super output areas - middle layer,152,Other identity only,231
10937,2021,E02004768,2021 super output areas - middle layer,152,Other identity and at least one UK identity,49
10938,2021,E02004768,2021 super output areas - middle layer,152,Non-UK identity only,241
10939,2021,E02004768,2021 super output areas - middle layer,152,UK identity and non-UK identity,51
10940,2021,E02004769,2021 super output areas - middle layer,152,Total: All usual residents,6385
10941,2021,E02004769,2021 super output areas - middle layer,152,British only identity,3830
10942,2021,E02004769,2021 super output areas - middle layer,152,English only identity,1017
10943,2021,E02004769,2021 super output areas - middle layer,152,English and British only identity,1303
10944,2021,E02004769,2021 super output areas - middle layer,152,Welsh only identity,14
10945,2021,E02004769,2021 super output areas - middle layer,152,Welsh and British only identity,11
10946,2021,E02004769,2021 super output areas - middle layer,152,Any other combination of only UK identities,29
10947,2021,E02004769,2021 super output areas - middle layer,152,Scottish only identity,15
10948,2021,E02004769,2021 super output areas - middle layer,152,Scottish and British only identity,7
10949,2021,E02004769,2021 super output areas - middle layer,152,Northern Irish only identity,0
10950,2021,E02004769,2021 super output areas - middle layer,152,Northern Irish and British only identity,1
10951,2021,E02004769,2021 super output areas - middle layer,152,Cornish only identity,0
10952,2021,E02004769,2021 super output areas - middle layer,152,Cornish and British only identity,0
10953,2021,E02004769,2021 super output areas - middle layer,152,Any other combination of only UK identities ,6
10954,2021,E02004769,2021 super output areas - middle layer,152,Irish only identity,8
10955,2021,E02004769,2021 super output areas - middle layer,152,Irish and at least one UK identity,2
10956,2021,E02004769,2021 super output areas - middle layer,152,Other identity only,140
10957,2021,E02004769,2021 super output areas - middle layer,152,Other identity and at least one UK identity,31
10958,2021,E02004769,2021 super output areas - middle layer,152,Non-UK identity only,148
10959,2021,E02004769,2021 super output areas - middle layer,152,UK identity and non-UK identity,33
10960,2021,E02004770,2021 super output areas - middle layer,152,Total: All usual residents,6850
10961,2021,E02004770,2021 super output areas - middle layer,152,British only identity,3894
10962,2021,E02004770,2021 super output areas - middle layer,152,English only identity,1307
10963,2021,E02004770,2021 super output areas - middle layer,152,English and British only identity,1405
10964,2021,E02004770,2021 super output areas - middle layer,152,Welsh only identity,8
10965,2021,E02004770,2021 super output areas - middle layer,152,Welsh and British only identity,5
10966,2021,E02004770,2021 super output areas - middle layer,152,Any other combination of only UK identities,48
10967,2021,E02004770,2021 super output areas - middle layer,152,Scottish only identity,26
10968,2021,E02004770,2021 super output areas - middle layer,152,Scottish and British only identity,8
10969,2021,E02004770,2021 super output areas - middle layer,152,Northern Irish only identity,3
10970,2021,E02004770,2021 super output areas - middle layer,152,Northern Irish and British only identity,4
10971,2021,E02004770,2021 super output areas - middle layer,152,Cornish only identity,1
10972,2021,E02004770,2021 super output areas - middle layer,152,Cornish and British only identity,0
10973,2021,E02004770,2021 super output areas - middle layer,152,Any other combination of only UK identities ,6
10974,2021,E02004770,2021 super output areas - middle layer,152,Irish only identity,4
10975,2021,E02004770,2021 super output areas - middle layer,152,Irish and at least one UK identity,1
10976,2021,E02004770,2021 super output areas - middle layer,152,Other identity only,142
10977,2021,E02004770,2021 super output areas - middle layer,152,Other identity and at least one UK identity,36
10978,2021,E02004770,2021 super output areas - middle layer,152,Non-UK identity only,146
10979,2021,E02004770,2021 super output areas - middle layer,152,UK identity and non-UK identity,37
10980,2021,E02004771,2021 super output areas - middle layer,152,Total: All usual residents,8969
10981,2021,E02004771,2021 super output areas - middle layer,152,British only identity,5279
10982,2021,E02004771,2021 super output areas - middle layer,152,English only identity,1607
10983,2021,E02004771,2021 super output areas - middle layer,152,English and British only identity,1705
10984,2021,E02004771,2021 super output areas - middle layer,152,Welsh only identity,8
10985,2021,E02004771,2021 super output areas - middle layer,152,Welsh and British only identity,6
10986,2021,E02004771,2021 super output areas - middle layer,152,Any other combination of only UK identities,62
10987,2021,E02004771,2021 super output areas - middle layer,152,Scottish only identity,29
10988,2021,E02004771,2021 super output areas - middle layer,152,Scottish and British only identity,8
10989,2021,E02004771,2021 super output areas - middle layer,152,Northern Irish only identity,11
10990,2021,E02004771,2021 super output areas - middle layer,152,Northern Irish and British only identity,1
10991,2021,E02004771,2021 super output areas - middle layer,152,Cornish only identity,0
10992,2021,E02004771,2021 super output areas - middle layer,152,Cornish and British only identity,1
10993,2021,E02004771,2021 super output areas - middle layer,152,Any other combination of only UK identities ,12
10994,2021,E02004771,2021 super output areas - middle layer,152,Irish only identity,11
10995,2021,E02004771,2021 super output areas - middle layer,152,Irish and at least one UK identity,2
10996,2021,E02004771,2021 super output areas - middle layer,152,Other identity only,235
10997,2021,E02004771,2021 super output areas - middle layer,152,Other identity and at least one UK identity,54
10998,2021,E02004771,2021 super output areas - middle layer,152,Non-UK identity only,246
10999,2021,E02004771,2021 super output areas - middle layer,152,UK identity and non-UK identity,56
11000,2021,E02004772,2021 super output areas - middle layer,152,Total: All usual residents,9338
11001,2021,E02004772,2021 super output areas - middle layer,152,British only identity,5552
11002,2021,E02004772,2021 super output areas - middle layer,152,English only identity,1906
11003,2021,E02004772,2021 super output areas - middle layer,152,English and British only identity,1513
11004,2021,E02004772,2021 super output areas - middle layer,152,Welsh only identity,25
11005,2021,E02004772,2021 super output areas - middle layer,152,Welsh and British only identity,22
11006,2021,E02004772,2021 super output areas - middle layer,152,Any other combination of only UK identities,69
11007,2021,E02004772,2021 super output areas - middle layer,152,Scottish only identity,32
11008,2021,E02004772,2021 super output areas - middle layer,152,Scottish and British only identity,20
11009,2021,E02004772,2021 super output areas - middle layer,152,Northern Irish only identity,8
11010,2021,E02004772,2021 super output areas - middle layer,152,Northern Irish and British only identity,1
11011,2021,E02004772,2021 super output areas - middle layer,152,Cornish only identity,2
11012,2021,E02004772,2021 super output areas - middle layer,152,Cornish and British only identity,0
11013,2021,E02004772,2021 super output areas - middle layer,152,Any other combination of only UK identities ,6
11014,2021,E02004772,2021 super output areas - middle layer,152,Irish only identity,10
11015,2021,E02004772,2021 super output areas - middle layer,152,Irish and at least one UK identity,1
11016,2021,E02004772,2021 super output areas - middle layer,152,Other identity only,170
11017,2021,E02004772,2021 super output areas - middle layer,152,Other identity and at least one UK identity,70
11018,2021,E02004772,2021 super output areas - middle layer,152,Non-UK identity only,180
11019,2021,E02004772,2021 super output areas - middle layer,152,UK identity and non-UK identity,71
11020,2021,E02004774,2021 super output areas - middle layer,152,Total: All usual residents,10268
11021,2021,E02004774,2021 super output areas - middle layer,152,British only identity,6089
11022,2021,E02004774,2021 super output areas - middle layer,152,English only identity,1849
11023,2021,E02004774,2021 super output areas - middle layer,152,English and British only identity,1696
11024,2021,E02004774,2021 super output areas - middle layer,152,Welsh only identity,51
11025,2021,E02004774,2021 super output areas - middle layer,152,Welsh and British only identity,28
11026,2021,E02004774,2021 super output areas - middle layer,152,Any other combination of only UK identities,115
11027,2021,E02004774,2021 super output areas - middle layer,152,Scottish only identity,61
11028,2021,E02004774,2021 super output areas - middle layer,152,Scottish and British only identity,24
11029,2021,E02004774,2021 super output areas - middle layer,152,Northern Irish only identity,5
11030,2021,E02004774,2021 super output areas - middle layer,152,Northern Irish and British only identity,3
11031,2021,E02004774,2021 super output areas - middle layer,152,Cornish only identity,0
11032,2021,E02004774,2021 super output areas - middle layer,152,Cornish and British only identity,1
11033,2021,E02004774,2021 super output areas - middle layer,152,Any other combination of only UK identities ,21
11034,2021,E02004774,2021 super output areas - middle layer,152,Irish only identity,32
11035,2021,E02004774,2021 super output areas - middle layer,152,Irish and at least one UK identity,7
11036,2021,E02004774,2021 super output areas - middle layer,152,Other identity only,277
11037,2021,E02004774,2021 super output areas - middle layer,152,Other identity and at least one UK identity,124
11038,2021,E02004774,2021 super output areas - middle layer,152,Non-UK identity only,309
11039,2021,E02004774,2021 super output areas - middle layer,152,UK identity and non-UK identity,131
11040,2021,E02004775,2021 super output areas - middle layer,152,Total: All usual residents,10315
11041,2021,E02004775,2021 super output areas - middle layer,152,British only identity,6078
11042,2021,E02004775,2021 super output areas - middle layer,152,English only identity,1810
11043,2021,E02004775,2021 super output areas - middle layer,152,English and British only identity,1779
11044,2021,E02004775,2021 super output areas - middle layer,152,Welsh only identity,25
11045,2021,E02004775,2021 super output areas - middle layer,152,Welsh and British only identity,16
11046,2021,E02004775,2021 super output areas - middle layer,152,Any other combination of only UK identities,118
11047,2021,E02004775,2021 super output areas - middle layer,152,Scottish only identity,50
11048,2021,E02004775,2021 super output areas - middle layer,152,Scottish and British only identity,26
11049,2021,E02004775,2021 super output areas - middle layer,152,Northern Irish only identity,7
11050,2021,E02004775,2021 super output areas - middle layer,152,Northern Irish and British only identity,12
11051,2021,E02004775,2021 super output areas - middle layer,152,Cornish only identity,3
11052,2021,E02004775,2021 super output areas - middle layer,152,Cornish and British only identity,0
11053,2021,E02004775,2021 super output areas - middle layer,152,Any other combination of only UK identities ,20
11054,2021,E02004775,2021 super output areas - middle layer,152,Irish only identity,23
11055,2021,E02004775,2021 super output areas - middle layer,152,Irish and at least one UK identity,6
11056,2021,E02004775,2021 super output areas - middle layer,152,Other identity only,363
11057,2021,E02004775,2021 super output areas - middle layer,152,Other identity and at least one UK identity,97
11058,2021,E02004775,2021 super output areas - middle layer,152,Non-UK identity only,386
11059,2021,E02004775,2021 super output areas - middle layer,152,UK identity and non-UK identity,103
11060,2021,E02004776,2021 super output areas - middle layer,152,Total: All usual residents,5948
11061,2021,E02004776,2021 super output areas - middle layer,152,British only identity,3467
11062,2021,E02004776,2021 super output areas - middle layer,152,English only identity,1233
11063,2021,E02004776,2021 super output areas - middle layer,152,English and British only identity,934
11064,2021,E02004776,2021 super output areas - middle layer,152,Welsh only identity,31
11065,2021,E02004776,2021 super output areas - middle layer,152,Welsh and British only identity,10
11066,2021,E02004776,2021 super output areas - middle layer,152,Any other combination of only UK identities,76
11067,2021,E02004776,2021 super output areas - middle layer,152,Scottish only identity,30
11068,2021,E02004776,2021 super output areas - middle layer,152,Scottish and British only identity,27
11069,2021,E02004776,2021 super output areas - middle layer,152,Northern Irish only identity,1
11070,2021,E02004776,2021 super output areas - middle layer,152,Northern Irish and British only identity,3
11071,2021,E02004776,2021 super output areas - middle layer,152,Cornish only identity,0
11072,2021,E02004776,2021 super output areas - middle layer,152,Cornish and British only identity,0
11073,2021,E02004776,2021 super output areas - middle layer,152,Any other combination of only UK identities ,15
11074,2021,E02004776,2021 super output areas - middle layer,152,Irish only identity,22
11075,2021,E02004776,2021 super output areas - middle layer,152,Irish and at least one UK identity,2
11076,2021,E02004776,2021 super output areas - middle layer,152,Other identity only,135
11077,2021,E02004776,2021 super output areas - middle layer,152,Other identity and at least one UK identity,38
11078,2021,E02004776,2021 super output areas - middle layer,152,Non-UK identity only,157
11079,2021,E02004776,2021 super output areas - middle layer,152,UK identity and non-UK identity,40
11080,2021,E02004777,2021 super output areas - middle layer,152,Total: All usual residents,5258
11081,2021,E02004777,2021 super output areas - middle layer,152,British only identity,2805
11082,2021,E02004777,2021 super output areas - middle layer,152,English only identity,1218
11083,2021,E02004777,2021 super output areas - middle layer,152,English and British only identity,928
11084,2021,E02004777,2021 super output areas - middle layer,152,Welsh only identity,17
11085,2021,E02004777,2021 super output areas - middle layer,152,Welsh and British only identity,6
11086,2021,E02004777,2021 super output areas - middle layer,152,Any other combination of only UK identities,45
11087,2021,E02004777,2021 super output areas - middle layer,152,Scottish only identity,20
11088,2021,E02004777,2021 super output areas - middle layer,152,Scottish and British only identity,11
11089,2021,E02004777,2021 super output areas - middle layer,152,Northern Irish only identity,2
11090,2021,E02004777,2021 super output areas - middle layer,152,Northern Irish and British only identity,6
11091,2021,E02004777,2021 super output areas - middle layer,152,Cornish only identity,1
11092,2021,E02004777,2021 super output areas - middle layer,152,Cornish and British only identity,0
11093,2021,E02004777,2021 super output areas - middle layer,152,Any other combination of only UK identities ,5
11094,2021,E02004777,2021 super output areas - middle layer,152,Irish only identity,18
11095,2021,E02004777,2021 super output areas - middle layer,152,Irish and at least one UK identity,4
11096,2021,E02004777,2021 super output areas - middle layer,152,Other identity only,174
11097,2021,E02004777,2021 super output areas - middle layer,152,Other identity and at least one UK identity,43
11098,2021,E02004777,2021 super output areas - middle layer,152,Non-UK identity only,192
11099,2021,E02004777,2021 super output areas - middle layer,152,UK identity and non-UK identity,47
11100,2021,E02004778,2021 super output areas - middle layer,152,Total: All usual residents,6184
11101,2021,E02004778,2021 super output areas - middle layer,152,British only identity,3434
11102,2021,E02004778,2021 super output areas - middle layer,152,English only identity,1478
11103,2021,E02004778,2021 super output areas - middle layer,152,English and British only identity,936
11104,2021,E02004778,2021 super output areas - middle layer,152,Welsh only identity,38
11105,2021,E02004778,2021 super output areas - middle layer,152,Welsh and British only identity,10
11106,2021,E02004778,2021 super output areas - middle layer,152,Any other combination of only UK identities,55
11107,2021,E02004778,2021 super output areas - middle layer,152,Scottish only identity,28
11108,2021,E02004778,2021 super output areas - middle layer,152,Scottish and British only identity,6
11109,2021,E02004778,2021 super output areas - middle layer,152,Northern Irish only identity,7
11110,2021,E02004778,2021 super output areas - middle layer,152,Northern Irish and British only identity,0
11111,2021,E02004778,2021 super output areas - middle layer,152,Cornish only identity,1
11112,2021,E02004778,2021 super output areas - middle layer,152,Cornish and British only identity,0
11113,2021,E02004778,2021 super output areas - middle layer,152,Any other combination of only UK identities ,13
11114,2021,E02004778,2021 super output areas - middle layer,152,Irish only identity,25
11115,2021,E02004778,2021 super output areas - middle layer,152,Irish and at least one UK identity,6
11116,2021,E02004778,2021 super output areas - middle layer,152,Other identity only,150
11117,2021,E02004778,2021 super output areas - middle layer,152,Other identity and at least one UK identity,52
11118,2021,E02004778,2021 super output areas - middle layer,152,Non-UK identity only,175
11119,2021,E02004778,2021 super output areas - middle layer,152,UK identity and non-UK identity,58
11120,2021,E02006822,2021 super output areas - middle layer,152,Total: All usual residents,9304
11121,2021,E02006822,2021 super output areas - middle layer,152,British only identity,5402
11122,2021,E02006822,2021 super output areas - middle layer,152,English only identity,1812
11123,2021,E02006822,2021 super output areas - middle layer,152,English and British only identity,1660
11124,2021,E02006822,2021 super output areas - middle layer,152,Welsh only identity,17
11125,2021,E02006822,2021 super output areas - middle layer,152,Welsh and British only identity,17
11126,2021,E02006822,2021 super output areas - middle layer,152,Any other combination of only UK identities,81
11127,2021,E02006822,2021 super output areas - middle layer,152,Scottish only identity,36
11128,2021,E02006822,2021 super output areas - middle layer,152,Scottish and British only identity,27
11129,2021,E02006822,2021 super output areas - middle layer,152,Northern Irish only identity,0
11130,2021,E02006822,2021 super output areas - middle layer,152,Northern Irish and British only identity,5
11131,2021,E02006822,2021 super output areas - middle layer,152,Cornish only identity,3
11132,2021,E02006822,2021 super output areas - middle layer,152,Cornish and British only identity,0
11133,2021,E02006822,2021 super output areas - middle layer,152,Any other combination of only UK identities ,10
11134,2021,E02006822,2021 super output areas - middle layer,152,Irish only identity,16
11135,2021,E02006822,2021 super output areas - middle layer,152,Irish and at least one UK identity,3
11136,2021,E02006822,2021 super output areas - middle layer,152,Other identity only,223
11137,2021,E02006822,2021 super output areas - middle layer,152,Other identity and at least one UK identity,73
11138,2021,E02006822,2021 super output areas - middle layer,152,Non-UK identity only,239
11139,2021,E02006822,2021 super output areas - middle layer,152,UK identity and non-UK identity,76
11140,2021,E02006830,2021 super output areas - middle layer,152,Total: All usual residents,6669
11141,2021,E02006830,2021 super output areas - middle layer,152,British only identity,3935
11142,2021,E02006830,2021 super output areas - middle layer,152,English only identity,1192
11143,2021,E02006830,2021 super output areas - middle layer,152,English and British only identity,1258
11144,2021,E02006830,2021 super output areas - middle layer,152,Welsh only identity,14
11145,2021,E02006830,2021 super output areas - middle layer,152,Welsh and British only identity,7
11146,2021,E02006830,2021 super output areas - middle layer,152,Any other combination of only UK identities,46
11147,2021,E02006830,2021 super output areas - middle layer,152,Scottish only identity,21
11148,2021,E02006830,2021 super output areas - middle layer,152,Scottish and British only identity,10
11149,2021,E02006830,2021 super output areas - middle layer,152,Northern Irish only identity,8
11150,2021,E02006830,2021 super output areas - middle layer,152,Northern Irish and British only identity,1
11151,2021,E02006830,2021 super output areas - middle layer,152,Cornish only identity,0
11152,2021,E02006830,2021 super output areas - middle layer,152,Cornish and British only identity,0
11153,2021,E02006830,2021 super output areas - middle layer,152,Any other combination of only UK identities ,6
11154,2021,E02006830,2021 super output areas - middle layer,152,Irish only identity,15
11155,2021,E02006830,2021 super output areas - middle layer,152,Irish and at least one UK identity,2
11156,2021,E02006830,2021 super output areas - middle layer,152,Other identity only,161
11157,2021,E02006830,2021 super output areas - middle layer,152,Other identity and at least one UK identity,39
11158,2021,E02006830,2021 super output areas - middle layer,152,Non-UK identity only,176
11159,2021,E02006830,2021 super output areas - middle layer,152,UK identity and non-UK identity,41
11160,2021,E02006831,2021 super output areas - middle layer,152,Total: All usual residents,6186
11161,2021,E02006831,2021 super output areas - middle layer,152,British only identity,3620
11162,2021,E02006831,2021 super output areas - middle layer,152,English only identity,1277
11163,2021,E02006831,2021 super output areas - middle layer,152,English and British only identity,1048
11164,2021,E02006831,2021 super output areas - middle layer,152,Welsh only identity,28
11165,2021,E02006831,2021 super output areas - middle layer,152,Welsh and British only identity,7
11166,2021,E02006831,2021 super output areas - middle layer,152,Any other combination of only UK identities,50
11167,2021,E02006831,2021 super output areas - middle layer,152,Scottish only identity,27
11168,2021,E02006831,2021 super output areas - middle layer,152,Scottish and British only identity,16
11169,2021,E02006831,2021 super output areas - middle layer,152,Northern Irish only identity,2
11170,2021,E02006831,2021 super output areas - middle layer,152,Northern Irish and British only identity,0
11171,2021,E02006831,2021 super output areas - middle layer,152,Cornish only identity,0
11172,2021,E02006831,2021 super output areas - middle layer,152,Cornish and British only identity,0
11173,2021,E02006831,2021 super output areas - middle layer,152,Any other combination of only UK identities ,5
11174,2021,E02006831,2021 super output areas - middle layer,152,Irish only identity,9
11175,2021,E02006831,2021 super output areas - middle layer,152,Irish and at least one UK identity,1
11176,2021,E02006831,2021 super output areas - middle layer,152,Other identity only,110
11177,2021,E02006831,2021 super output areas - middle layer,152,Other identity and at least one UK identity,36
11178,2021,E02006831,2021 super output areas - middle layer,152,Non-UK identity only,119
11179,2021,E02006831,2021 super output areas - middle layer,152,UK identity and non-UK identity,37
11180,2021,E02004779,2021 super output areas - middle layer,152,Total: All usual residents,10923
11181,2021,E02004779,2021 super output areas - middle layer,152,British only identity,6383
11182,2021,E02004779,2021 super output areas - middle layer,152,English only identity,2114
11183,2021,E02004779,2021 super output areas - middle layer,152,English and British only identity,1765
11184,2021,E02004779,2021 super output areas - middle layer,152,Welsh only identity,44
11185,2021,E02004779,2021 super output areas - middle layer,152,Welsh and British only identity,29
11186,2021,E02004779,2021 super output areas - middle layer,152,Any other combination of only UK identities,129
11187,2021,E02004779,2021 super output areas - middle layer,152,Scottish only identity,46
11188,2021,E02004779,2021 super output areas - middle layer,152,Scottish and British only identity,20
11189,2021,E02004779,2021 super output areas - middle layer,152,Northern Irish only identity,20
11190,2021,E02004779,2021 super output areas - middle layer,152,Northern Irish and British only identity,4
11191,2021,E02004779,2021 super output areas - middle layer,152,Cornish only identity,4
11192,2021,E02004779,2021 super output areas - middle layer,152,Cornish and British only identity,0
11193,2021,E02004779,2021 super output areas - middle layer,152,Any other combination of only UK identities ,35
11194,2021,E02004779,2021 super output areas - middle layer,152,Irish only identity,40
11195,2021,E02004779,2021 super output areas - middle layer,152,Irish and at least one UK identity,14
11196,2021,E02004779,2021 super output areas - middle layer,152,Other identity only,290
11197,2021,E02004779,2021 super output areas - middle layer,152,Other identity and at least one UK identity,115
11198,2021,E02004779,2021 super output areas - middle layer,152,Non-UK identity only,330
11199,2021,E02004779,2021 super output areas - middle layer,152,UK identity and non-UK identity,129
11200,2021,E02004780,2021 super output areas - middle layer,152,Total: All usual residents,5875
11201,2021,E02004780,2021 super output areas - middle layer,152,British only identity,3452
11202,2021,E02004780,2021 super output areas - middle layer,152,English only identity,1146
11203,2021,E02004780,2021 super output areas - middle layer,152,English and British only identity,1046
11204,2021,E02004780,2021 super output areas - middle layer,152,Welsh only identity,18
11205,2021,E02004780,2021 super output areas - middle layer,152,Welsh and British only identity,11
11206,2021,E02004780,2021 super output areas - middle layer,152,Any other combination of only UK identities,52
11207,2021,E02004780,2021 super output areas - middle layer,152,Scottish only identity,18
11208,2021,E02004780,2021 super output areas - middle layer,152,Scottish and British only identity,12
11209,2021,E02004780,2021 super output areas - middle layer,152,Northern Irish only identity,4
11210,2021,E02004780,2021 super output areas - middle layer,152,Northern Irish and British only identity,4
11211,2021,E02004780,2021 super output areas - middle layer,152,Cornish only identity,0
11212,2021,E02004780,2021 super output areas - middle layer,152,Cornish and British only identity,0
11213,2021,E02004780,2021 super output areas - middle layer,152,Any other combination of only UK identities ,14
11214,2021,E02004780,2021 super output areas - middle layer,152,Irish only identity,8
11215,2021,E02004780,2021 super output areas - middle layer,152,Irish and at least one UK identity,2
11216,2021,E02004780,2021 super output areas - middle layer,152,Other identity only,104
11217,2021,E02004780,2021 super output areas - middle layer,152,Other identity and at least one UK identity,36
11218,2021,E02004780,2021 super output areas - middle layer,152,Non-UK identity only,112
11219,2021,E02004780,2021 super output areas - middle layer,152,UK identity and non-UK identity,38
11220,2021,E02004781,2021 super output areas - middle layer,152,Total: All usual residents,8008
11221,2021,E02004781,2021 super output areas - middle layer,152,British only identity,4730
11222,2021,E02004781,2021 super output areas - middle layer,152,English only identity,1366
11223,2021,E02004781,2021 super output areas - middle layer,152,English and British only identity,1546
11224,2021,E02004781,2021 super output areas - middle layer,152,Welsh only identity,22
11225,2021,E02004781,2021 super output areas - middle layer,152,Welsh and British only identity,7
11226,2021,E02004781,2021 super output areas - middle layer,152,Any other combination of only UK identities,48
11227,2021,E02004781,2021 super output areas - middle layer,152,Scottish only identity,19
11228,2021,E02004781,2021 super output areas - middle layer,152,Scottish and British only identity,8
11229,2021,E02004781,2021 super output areas - middle layer,152,Northern Irish only identity,3
11230,2021,E02004781,2021 super output areas - middle layer,152,Northern Irish and British only identity,2
11231,2021,E02004781,2021 super output areas - middle layer,152,Cornish only identity,4
11232,2021,E02004781,2021 super output areas - middle layer,152,Cornish and British only identity,2
11233,2021,E02004781,2021 super output areas - middle layer,152,Any other combination of only UK identities ,10
11234,2021,E02004781,2021 super output areas - middle layer,152,Irish only identity,26
11235,2021,E02004781,2021 super output areas - middle layer,152,Irish and at least one UK identity,3
11236,2021,E02004781,2021 super output areas - middle layer,152,Other identity only,187
11237,2021,E02004781,2021 super output areas - middle layer,152,Other identity and at least one UK identity,73
11238,2021,E02004781,2021 super output areas - middle layer,152,Non-UK identity only,213
11239,2021,E02004781,2021 super output areas - middle layer,152,UK identity and non-UK identity,76
11240,2021,E02004782,2021 super output areas - middle layer,152,Total: All usual residents,7736
11241,2021,E02004782,2021 super output areas - middle layer,152,British only identity,4460
11242,2021,E02004782,2021 super output areas - middle layer,152,English only identity,1456
11243,2021,E02004782,2021 super output areas - middle layer,152,English and British only identity,1445
11244,2021,E02004782,2021 super output areas - middle layer,152,Welsh only identity,21
11245,2021,E02004782,2021 super output areas - middle layer,152,Welsh and British only identity,10
11246,2021,E02004782,2021 super output areas - middle layer,152,Any other combination of only UK identities,59
11247,2021,E02004782,2021 super output areas - middle layer,152,Scottish only identity,31
11248,2021,E02004782,2021 super output areas - middle layer,152,Scottish and British only identity,7
11249,2021,E02004782,2021 super output areas - middle layer,152,Northern Irish only identity,5
11250,2021,E02004782,2021 super output areas - middle layer,152,Northern Irish and British only identity,1
11251,2021,E02004782,2021 super output areas - middle layer,152,Cornish only identity,1
11252,2021,E02004782,2021 super output areas - middle layer,152,Cornish and British only identity,0
11253,2021,E02004782,2021 super output areas - middle layer,152,Any other combination of only UK identities ,14
11254,2021,E02004782,2021 super output areas - middle layer,152,Irish only identity,17
11255,2021,E02004782,2021 super output areas - middle layer,152,Irish and at least one UK identity,3
11256,2021,E02004782,2021 super output areas - middle layer,152,Other identity only,192
11257,2021,E02004782,2021 super output areas - middle layer,152,Other identity and at least one UK identity,73
11258,2021,E02004782,2021 super output areas - middle layer,152,Non-UK identity only,209
11259,2021,E02004782,2021 super output areas - middle layer,152,UK identity and non-UK identity,76
11260,2021,E02004783,2021 super output areas - middle layer,152,Total: All usual residents,7035
11261,2021,E02004783,2021 super output areas - middle layer,152,British only identity,4164
11262,2021,E02004783,2021 super output areas - middle layer,152,English only identity,1342
11263,2021,E02004783,2021 super output areas - middle layer,152,English and British only identity,1203
11264,2021,E02004783,2021 super output areas - middle layer,152,Welsh only identity,26
11265,2021,E02004783,2021 super output areas - middle layer,152,Welsh and British only identity,7
11266,2021,E02004783,2021 super output areas - middle layer,152,Any other combination of only UK identities,50
11267,2021,E02004783,2021 super output areas - middle layer,152,Scottish only identity,15
11268,2021,E02004783,2021 super output areas - middle layer,152,Scottish and British only identity,9
11269,2021,E02004783,2021 super output areas - middle layer,152,Northern Irish only identity,6
11270,2021,E02004783,2021 super output areas - middle layer,152,Northern Irish and British only identity,2
11271,2021,E02004783,2021 super output areas - middle layer,152,Cornish only identity,4
11272,2021,E02004783,2021 super output areas - middle layer,152,Cornish and British only identity,0
11273,2021,E02004783,2021 super output areas - middle layer,152,Any other combination of only UK identities ,14
11274,2021,E02004783,2021 super output areas - middle layer,152,Irish only identity,7
11275,2021,E02004783,2021 super output areas - middle layer,152,Irish and at least one UK identity,3
11276,2021,E02004783,2021 super output areas - middle layer,152,Other identity only,178
11277,2021,E02004783,2021 super output areas - middle layer,152,Other identity and at least one UK identity,55
11278,2021,E02004783,2021 super output areas - middle layer,152,Non-UK identity only,185
11279,2021,E02004783,2021 super output areas - middle layer,152,UK identity and non-UK identity,58
11280,2021,E02004784,2021 super output areas - middle layer,152,Total: All usual residents,5644
11281,2021,E02004784,2021 super output areas - middle layer,152,British only identity,3329
11282,2021,E02004784,2021 super output areas - middle layer,152,English only identity,1099
11283,2021,E02004784,2021 super output areas - middle layer,152,English and British only identity,924
11284,2021,E02004784,2021 super output areas - middle layer,152,Welsh only identity,24
11285,2021,E02004784,2021 super output areas - middle layer,152,Welsh and British only identity,12
11286,2021,E02004784,2021 super output areas - middle layer,152,Any other combination of only UK identities,87
11287,2021,E02004784,2021 super output areas - middle layer,152,Scottish only identity,22
11288,2021,E02004784,2021 super output areas - middle layer,152,Scottish and British only identity,20
11289,2021,E02004784,2021 super output areas - middle layer,152,Northern Irish only identity,13
11290,2021,E02004784,2021 super output areas - middle layer,152,Northern Irish and British only identity,4
11291,2021,E02004784,2021 super output areas - middle layer,152,Cornish only identity,1
11292,2021,E02004784,2021 super output areas - middle layer,152,Cornish and British only identity,0
11293,2021,E02004784,2021 super output areas - middle layer,152,Any other combination of only UK identities ,27
11294,2021,E02004784,2021 super output areas - middle layer,152,Irish only identity,14
11295,2021,E02004784,2021 super output areas - middle layer,152,Irish and at least one UK identity,9
11296,2021,E02004784,2021 super output areas - middle layer,152,Other identity only,101
11297,2021,E02004784,2021 super output areas - middle layer,152,Other identity and at least one UK identity,45
11298,2021,E02004784,2021 super output areas - middle layer,152,Non-UK identity only,115
11299,2021,E02004784,2021 super output areas - middle layer,152,UK identity and non-UK identity,54
11300,2021,E02004785,2021 super output areas - middle layer,152,Total: All usual residents,5491
11301,2021,E02004785,2021 super output areas - middle layer,152,British only identity,3258
11302,2021,E02004785,2021 super output areas - middle layer,152,English only identity,1036
11303,2021,E02004785,2021 super output areas - middle layer,152,English and British only identity,838
11304,2021,E02004785,2021 super output areas - middle layer,152,Welsh only identity,29
11305,2021,E02004785,2021 super output areas - middle layer,152,Welsh and British only identity,9
11306,2021,E02004785,2021 super output areas - middle layer,152,Any other combination of only UK identities,64
11307,2021,E02004785,2021 super output areas - middle layer,152,Scottish only identity,38
11308,2021,E02004785,2021 super output areas - middle layer,152,Scottish and British only identity,15
11309,2021,E02004785,2021 super output areas - middle layer,152,Northern Irish only identity,3
11310,2021,E02004785,2021 super output areas - middle layer,152,Northern Irish and British only identity,0
11311,2021,E02004785,2021 super output areas - middle layer,152,Cornish only identity,1
11312,2021,E02004785,2021 super output areas - middle layer,152,Cornish and British only identity,0
11313,2021,E02004785,2021 super output areas - middle layer,152,Any other combination of only UK identities ,7
11314,2021,E02004785,2021 super output areas - middle layer,152,Irish only identity,10
11315,2021,E02004785,2021 super output areas - middle layer,152,Irish and at least one UK identity,3
11316,2021,E02004785,2021 super output areas - middle layer,152,Other identity only,181
11317,2021,E02004785,2021 super output areas - middle layer,152,Other identity and at least one UK identity,63
11318,2021,E02004785,2021 super output areas - middle layer,152,Non-UK identity only,191
11319,2021,E02004785,2021 super output areas - middle layer,152,UK identity and non-UK identity,66
11320,2021,E02004786,2021 super output areas - middle layer,152,Total: All usual residents,8245
11321,2021,E02004786,2021 super output areas - middle layer,152,British only identity,4823
11322,2021,E02004786,2021 super output areas - middle layer,152,English only identity,1371
11323,2021,E02004786,2021 super output areas - middle layer,152,English and British only identity,1526
11324,2021,E02004786,2021 super output areas - middle layer,152,Welsh only identity,57
11325,2021,E02004786,2021 super output areas - middle layer,152,Welsh and British only identity,17
11326,2021,E02004786,2021 super output areas - middle layer,152,Any other combination of only UK identities,85
11327,2021,E02004786,2021 super output areas - middle layer,152,Scottish only identity,32
11328,2021,E02004786,2021 super output areas - middle layer,152,Scottish and British only identity,22
11329,2021,E02004786,2021 super output areas - middle layer,152,Northern Irish only identity,9
11330,2021,E02004786,2021 super output areas - middle layer,152,Northern Irish and British only identity,3
11331,2021,E02004786,2021 super output areas - middle layer,152,Cornish only identity,1
11332,2021,E02004786,2021 super output areas - middle layer,152,Cornish and British only identity,0
11333,2021,E02004786,2021 super output areas - middle layer,152,Any other combination of only UK identities ,18
11334,2021,E02004786,2021 super output areas - middle layer,152,Irish only identity,18
11335,2021,E02004786,2021 super output areas - middle layer,152,Irish and at least one UK identity,8
11336,2021,E02004786,2021 super output areas - middle layer,152,Other identity only,246
11337,2021,E02004786,2021 super output areas - middle layer,152,Other identity and at least one UK identity,94
11338,2021,E02004786,2021 super output areas - middle layer,152,Non-UK identity only,264
11339,2021,E02004786,2021 super output areas - middle layer,152,UK identity and non-UK identity,102
11340,2021,E02004787,2021 super output areas - middle layer,152,Total: All usual residents,7275
11341,2021,E02004787,2021 super output areas - middle layer,152,British only identity,4062
11342,2021,E02004787,2021 super output areas - middle layer,152,English only identity,1511
11343,2021,E02004787,2021 super output areas - middle layer,152,English and British only identity,1259
11344,2021,E02004787,2021 super output areas - middle layer,152,Welsh only identity,61
11345,2021,E02004787,2021 super output areas - middle layer,152,Welsh and British only identity,36
11346,2021,E02004787,2021 super output areas - middle layer,152,Any other combination of only UK identities,79
11347,2021,E02004787,2021 super output areas - middle layer,152,Scottish only identity,37
11348,2021,E02004787,2021 super output areas - middle layer,152,Scottish and British only identity,19
11349,2021,E02004787,2021 super output areas - middle layer,152,Northern Irish only identity,7
11350,2021,E02004787,2021 super output areas - middle layer,152,Northern Irish and British only identity,2
11351,2021,E02004787,2021 super output areas - middle layer,152,Cornish only identity,0
11352,2021,E02004787,2021 super output areas - middle layer,152,Cornish and British only identity,5
11353,2021,E02004787,2021 super output areas - middle layer,152,Any other combination of only UK identities ,9
11354,2021,E02004787,2021 super output areas - middle layer,152,Irish only identity,17
11355,2021,E02004787,2021 super output areas - middle layer,152,Irish and at least one UK identity,3
11356,2021,E02004787,2021 super output areas - middle layer,152,Other identity only,166
11357,2021,E02004787,2021 super output areas - middle layer,152,Other identity and at least one UK identity,81
11358,2021,E02004787,2021 super output areas - middle layer,152,Non-UK identity only,183
11359,2021,E02004787,2021 super output areas - middle layer,152,UK identity and non-UK identity,84
11360,2021,E02004788,2021 super output areas - middle layer,152,Total: All usual residents,7225
11361,2021,E02004788,2021 super output areas - middle layer,152,British only identity,4216
11362,2021,E02004788,2021 super output areas - middle layer,152,English only identity,1407
11363,2021,E02004788,2021 super output areas - middle layer,152,English and British only identity,1182
11364,2021,E02004788,2021 super output areas - middle layer,152,Welsh only identity,31
11365,2021,E02004788,2021 super output areas - middle layer,152,Welsh and British only identity,13
11366,2021,E02004788,2021 super output areas - middle layer,152,Any other combination of only UK identities,73
11367,2021,E02004788,2021 super output areas - middle layer,152,Scottish only identity,28
11368,2021,E02004788,2021 super output areas - middle layer,152,Scottish and British only identity,17
11369,2021,E02004788,2021 super output areas - middle layer,152,Northern Irish only identity,5
11370,2021,E02004788,2021 super output areas - middle layer,152,Northern Irish and British only identity,6
11371,2021,E02004788,2021 super output areas - middle layer,152,Cornish only identity,3
11372,2021,E02004788,2021 super output areas - middle layer,152,Cornish and British only identity,0
11373,2021,E02004788,2021 super output areas - middle layer,152,Any other combination of only UK identities ,14
11374,2021,E02004788,2021 super output areas - middle layer,152,Irish only identity,13
11375,2021,E02004788,2021 super output areas - middle layer,152,Irish and at least one UK identity,7
11376,2021,E02004788,2021 super output areas - middle layer,152,Other identity only,183
11377,2021,E02004788,2021 super output areas - middle layer,152,Other identity and at least one UK identity,100
11378,2021,E02004788,2021 super output areas - middle layer,152,Non-UK identity only,196
11379,2021,E02004788,2021 super output areas - middle layer,152,UK identity and non-UK identity,107
11380,2021,E02004789,2021 super output areas - middle layer,152,Total: All usual residents,10435
11381,2021,E02004789,2021 super output areas - middle layer,152,British only identity,6090
11382,2021,E02004789,2021 super output areas - middle layer,152,English only identity,2042
11383,2021,E02004789,2021 super output areas - middle layer,152,English and British only identity,1753
11384,2021,E02004789,2021 super output areas - middle layer,152,Welsh only identity,48
11385,2021,E02004789,2021 super output areas - middle layer,152,Welsh and British only identity,29
11386,2021,E02004789,2021 super output areas - middle layer,152,Any other combination of only UK identities,118
11387,2021,E02004789,2021 super output areas - middle layer,152,Scottish only identity,49
11388,2021,E02004789,2021 super output areas - middle layer,152,Scottish and British only identity,34
11389,2021,E02004789,2021 super output areas - middle layer,152,Northern Irish only identity,12
11390,2021,E02004789,2021 super output areas - middle layer,152,Northern Irish and British only identity,8
11391,2021,E02004789,2021 super output areas - middle layer,152,Cornish only identity,1
11392,2021,E02004789,2021 super output areas - middle layer,152,Cornish and British only identity,0
11393,2021,E02004789,2021 super output areas - middle layer,152,Any other combination of only UK identities ,14
11394,2021,E02004789,2021 super output areas - middle layer,152,Irish only identity,16
11395,2021,E02004789,2021 super output areas - middle layer,152,Irish and at least one UK identity,7
11396,2021,E02004789,2021 super output areas - middle layer,152,Other identity only,257
11397,2021,E02004789,2021 super output areas - middle layer,152,Other identity and at least one UK identity,75
11398,2021,E02004789,2021 super output areas - middle layer,152,Non-UK identity only,273
11399,2021,E02004789,2021 super output areas - middle layer,152,UK identity and non-UK identity,82
11400,2021,E02004790,2021 super output areas - middle layer,152,Total: All usual residents,8107
11401,2021,E02004790,2021 super output areas - middle layer,152,British only identity,4753
11402,2021,E02004790,2021 super output areas - middle layer,152,English only identity,1583
11403,2021,E02004790,2021 super output areas - middle layer,152,English and British only identity,1349
11404,2021,E02004790,2021 super output areas - middle layer,152,Welsh only identity,42
11405,2021,E02004790,2021 super output areas - middle layer,152,Welsh and British only identity,13
11406,2021,E02004790,2021 super output areas - middle layer,152,Any other combination of only UK identities,50
11407,2021,E02004790,2021 super output areas - middle layer,152,Scottish only identity,18
11408,2021,E02004790,2021 super output areas - middle layer,152,Scottish and British only identity,8
11409,2021,E02004790,2021 super output areas - middle layer,152,Northern Irish only identity,7
11410,2021,E02004790,2021 super output areas - middle layer,152,Northern Irish and British only identity,2
11411,2021,E02004790,2021 super output areas - middle layer,152,Cornish only identity,2
11412,2021,E02004790,2021 super output areas - middle layer,152,Cornish and British only identity,0
11413,2021,E02004790,2021 super output areas - middle layer,152,Any other combination of only UK identities ,13
11414,2021,E02004790,2021 super output areas - middle layer,152,Irish only identity,15
11415,2021,E02004790,2021 super output areas - middle layer,152,Irish and at least one UK identity,4
11416,2021,E02004790,2021 super output areas - middle layer,152,Other identity only,235
11417,2021,E02004790,2021 super output areas - middle layer,152,Other identity and at least one UK identity,63
11418,2021,E02004790,2021 super output areas - middle layer,152,Non-UK identity only,250
11419,2021,E02004790,2021 super output areas - middle layer,152,UK identity and non-UK identity,67
11420,2021,E02004791,2021 super output areas - middle layer,152,Total: All usual residents,5557
11421,2021,E02004791,2021 super output areas - middle layer,152,British only identity,3203
11422,2021,E02004791,2021 super output areas - middle layer,152,English only identity,1077
11423,2021,E02004791,2021 super output areas - middle layer,152,English and British only identity,1083
11424,2021,E02004791,2021 super output areas - middle layer,152,Welsh only identity,26
11425,2021,E02004791,2021 super output areas - middle layer,152,Welsh and British only identity,5
11426,2021,E02004791,2021 super output areas - middle layer,152,Any other combination of only UK identities,64
11427,2021,E02004791,2021 super output areas - middle layer,152,Scottish only identity,27
11428,2021,E02004791,2021 super output areas - middle layer,152,Scottish and British only identity,14
11429,2021,E02004791,2021 super output areas - middle layer,152,Northern Irish only identity,3
11430,2021,E02004791,2021 super output areas - middle layer,152,Northern Irish and British only identity,0
11431,2021,E02004791,2021 super output areas - middle layer,152,Cornish only identity,3
11432,2021,E02004791,2021 super output areas - middle layer,152,Cornish and British only identity,0
11433,2021,E02004791,2021 super output areas - middle layer,152,Any other combination of only UK identities ,17
11434,2021,E02004791,2021 super output areas - middle layer,152,Irish only identity,8
11435,2021,E02004791,2021 super output areas - middle layer,152,Irish and at least one UK identity,2
11436,2021,E02004791,2021 super output areas - middle layer,152,Other identity only,62
11437,2021,E02004791,2021 super output areas - middle layer,152,Other identity and at least one UK identity,27
11438,2021,E02004791,2021 super output areas - middle layer,152,Non-UK identity only,70
11439,2021,E02004791,2021 super output areas - middle layer,152,UK identity and non-UK identity,29
11440,2021,E02004792,2021 super output areas - middle layer,152,Total: All usual residents,8458
11441,2021,E02004792,2021 super output areas - middle layer,152,British only identity,4824
11442,2021,E02004792,2021 super output areas - middle layer,152,English only identity,1841
11443,2021,E02004792,2021 super output areas - middle layer,152,English and British only identity,1375
11444,2021,E02004792,2021 super output areas - middle layer,152,Welsh only identity,53
11445,2021,E02004792,2021 super output areas - middle layer,152,Welsh and British only identity,22
11446,2021,E02004792,2021 super output areas - middle layer,152,Any other combination of only UK identities,95
11447,2021,E02004792,2021 super output areas - middle layer,152,Scottish only identity,44
11448,2021,E02004792,2021 super output areas - middle layer,152,Scottish and British only identity,20
11449,2021,E02004792,2021 super output areas - middle layer,152,Northern Irish only identity,13
11450,2021,E02004792,2021 super output areas - middle layer,152,Northern Irish and British only identity,1
11451,2021,E02004792,2021 super output areas - middle layer,152,Cornish only identity,4
11452,2021,E02004792,2021 super output areas - middle layer,152,Cornish and British only identity,0
11453,2021,E02004792,2021 super output areas - middle layer,152,Any other combination of only UK identities ,13
11454,2021,E02004792,2021 super output areas - middle layer,152,Irish only identity,31
11455,2021,E02004792,2021 super output areas - middle layer,152,Irish and at least one UK identity,7
11456,2021,E02004792,2021 super output areas - middle layer,152,Other identity only,155
11457,2021,E02004792,2021 super output areas - middle layer,152,Other identity and at least one UK identity,55
11458,2021,E02004792,2021 super output areas - middle layer,152,Non-UK identity only,186
11459,2021,E02004792,2021 super output areas - middle layer,152,UK identity and non-UK identity,62
11460,2021,E02004793,2021 super output areas - middle layer,152,Total: All usual residents,7392
11461,2021,E02004793,2021 super output areas - middle layer,152,British only identity,4394
11462,2021,E02004793,2021 super output areas - middle layer,152,English only identity,1258
11463,2021,E02004793,2021 super output areas - middle layer,152,English and British only identity,1141
11464,2021,E02004793,2021 super output areas - middle layer,152,Welsh only identity,30
11465,2021,E02004793,2021 super output areas - middle layer,152,Welsh and British only identity,21
11466,2021,E02004793,2021 super output areas - middle layer,152,Any other combination of only UK identities,89
11467,2021,E02004793,2021 super output areas - middle layer,152,Scottish only identity,34
11468,2021,E02004793,2021 super output areas - middle layer,152,Scottish and British only identity,29
11469,2021,E02004793,2021 super output areas - middle layer,152,Northern Irish only identity,0
11470,2021,E02004793,2021 super output areas - middle layer,152,Northern Irish and British only identity,8
11471,2021,E02004793,2021 super output areas - middle layer,152,Cornish only identity,3
11472,2021,E02004793,2021 super output areas - middle layer,152,Cornish and British only identity,0
11473,2021,E02004793,2021 super output areas - middle layer,152,Any other combination of only UK identities ,15
11474,2021,E02004793,2021 super output areas - middle layer,152,Irish only identity,15
11475,2021,E02004793,2021 super output areas - middle layer,152,Irish and at least one UK identity,17
11476,2021,E02004793,2021 super output areas - middle layer,152,Other identity only,299
11477,2021,E02004793,2021 super output areas - middle layer,152,Other identity and at least one UK identity,128
11478,2021,E02004793,2021 super output areas - middle layer,152,Non-UK identity only,314
11479,2021,E02004793,2021 super output areas - middle layer,152,UK identity and non-UK identity,145
11480,2021,E02004794,2021 super output areas - middle layer,152,Total: All usual residents,6891
11481,2021,E02004794,2021 super output areas - middle layer,152,British only identity,4076
11482,2021,E02004794,2021 super output areas - middle layer,152,English only identity,1294
11483,2021,E02004794,2021 super output areas - middle layer,152,English and British only identity,1131
11484,2021,E02004794,2021 super output areas - middle layer,152,Welsh only identity,34
11485,2021,E02004794,2021 super output areas - middle layer,152,Welsh and British only identity,24
11486,2021,E02004794,2021 super output areas - middle layer,152,Any other combination of only UK identities,50
11487,2021,E02004794,2021 super output areas - middle layer,152,Scottish only identity,19
11488,2021,E02004794,2021 super output areas - middle layer,152,Scottish and British only identity,14
11489,2021,E02004794,2021 super output areas - middle layer,152,Northern Irish only identity,5
11490,2021,E02004794,2021 super output areas - middle layer,152,Northern Irish and British only identity,2
11491,2021,E02004794,2021 super output areas - middle layer,152,Cornish only identity,3
11492,2021,E02004794,2021 super output areas - middle layer,152,Cornish and British only identity,0
11493,2021,E02004794,2021 super output areas - middle layer,152,Any other combination of only UK identities ,7
11494,2021,E02004794,2021 super output areas - middle layer,152,Irish only identity,24
11495,2021,E02004794,2021 super output areas - middle layer,152,Irish and at least one UK identity,6
11496,2021,E02004794,2021 super output areas - middle layer,152,Other identity only,158
11497,2021,E02004794,2021 super output areas - middle layer,152,Other identity and at least one UK identity,94
11498,2021,E02004794,2021 super output areas - middle layer,152,Non-UK identity only,182
11499,2021,E02004794,2021 super output areas - middle layer,152,UK identity and non-UK identity,100
11500,2021,E02004795,2021 super output areas - middle layer,152,Total: All usual residents,8515
11501,2021,E02004795,2021 super output areas - middle layer,152,British only identity,4995
11502,2021,E02004795,2021 super output areas - middle layer,152,English only identity,1552
11503,2021,E02004795,2021 super output areas - middle layer,152,English and British only identity,1253
11504,2021,E02004795,2021 super output areas - middle layer,152,Welsh only identity,36
11505,2021,E02004795,2021 super output areas - middle layer,152,Welsh and British only identity,15
11506,2021,E02004795,2021 super output areas - middle layer,152,Any other combination of only UK identities,99
11507,2021,E02004795,2021 super output areas - middle layer,152,Scottish only identity,37
11508,2021,E02004795,2021 super output areas - middle layer,152,Scottish and British only identity,20
11509,2021,E02004795,2021 super output areas - middle layer,152,Northern Irish only identity,15
11510,2021,E02004795,2021 super output areas - middle layer,152,Northern Irish and British only identity,4
11511,2021,E02004795,2021 super output areas - middle layer,152,Cornish only identity,4
11512,2021,E02004795,2021 super output areas - middle layer,152,Cornish and British only identity,0
11513,2021,E02004795,2021 super output areas - middle layer,152,Any other combination of only UK identities ,19
11514,2021,E02004795,2021 super output areas - middle layer,152,Irish only identity,42
11515,2021,E02004795,2021 super output areas - middle layer,152,Irish and at least one UK identity,7
11516,2021,E02004795,2021 super output areas - middle layer,152,Other identity only,380
11517,2021,E02004795,2021 super output areas - middle layer,152,Other identity and at least one UK identity,136
11518,2021,E02004795,2021 super output areas - middle layer,152,Non-UK identity only,422
11519,2021,E02004795,2021 super output areas - middle layer,152,UK identity and non-UK identity,143
11520,2021,E02004796,2021 super output areas - middle layer,152,Total: All usual residents,9629
11521,2021,E02004796,2021 super output areas - middle layer,152,British only identity,5331
11522,2021,E02004796,2021 super output areas - middle layer,152,English only identity,2302
11523,2021,E02004796,2021 super output areas - middle layer,152,English and British only identity,1563
11524,2021,E02004796,2021 super output areas - middle layer,152,Welsh only identity,53
11525,2021,E02004796,2021 super output areas - middle layer,152,Welsh and British only identity,19
11526,2021,E02004796,2021 super output areas - middle layer,152,Any other combination of only UK identities,88
11527,2021,E02004796,2021 super output areas - middle layer,152,Scottish only identity,34
11528,2021,E02004796,2021 super output areas - middle layer,152,Scottish and British only identity,19
11529,2021,E02004796,2021 super output areas - middle layer,152,Northern Irish only identity,9
11530,2021,E02004796,2021 super output areas - middle layer,152,Northern Irish and British only identity,4
11531,2021,E02004796,2021 super output areas - middle layer,152,Cornish only identity,3
11532,2021,E02004796,2021 super output areas - middle layer,152,Cornish and British only identity,0
11533,2021,E02004796,2021 super output areas - middle layer,152,Any other combination of only UK identities ,19
11534,2021,E02004796,2021 super output areas - middle layer,152,Irish only identity,30
11535,2021,E02004796,2021 super output areas - middle layer,152,Irish and at least one UK identity,8
11536,2021,E02004796,2021 super output areas - middle layer,152,Other identity only,170
11537,2021,E02004796,2021 super output areas - middle layer,152,Other identity and at least one UK identity,65
11538,2021,E02004796,2021 super output areas - middle layer,152,Non-UK identity only,200
11539,2021,E02004796,2021 super output areas - middle layer,152,UK identity and non-UK identity,73
11540,2021,E02004797,2021 super output areas - middle layer,152,Total: All usual residents,8125
11541,2021,E02004797,2021 super output areas - middle layer,152,British only identity,4602
11542,2021,E02004797,2021 super output areas - middle layer,152,English only identity,1506
11543,2021,E02004797,2021 super output areas - middle layer,152,English and British only identity,1304
11544,2021,E02004797,2021 super output areas - middle layer,152,Welsh only identity,29
11545,2021,E02004797,2021 super output areas - middle layer,152,Welsh and British only identity,11
11546,2021,E02004797,2021 super output areas - middle layer,152,Any other combination of only UK identities,97
11547,2021,E02004797,2021 super output areas - middle layer,152,Scottish only identity,27
11548,2021,E02004797,2021 super output areas - middle layer,152,Scottish and British only identity,25
11549,2021,E02004797,2021 super output areas - middle layer,152,Northern Irish only identity,8
11550,2021,E02004797,2021 super output areas - middle layer,152,Northern Irish and British only identity,5
11551,2021,E02004797,2021 super output areas - middle layer,152,Cornish only identity,6
11552,2021,E02004797,2021 super output areas - middle layer,152,Cornish and British only identity,0
11553,2021,E02004797,2021 super output areas - middle layer,152,Any other combination of only UK identities ,26
11554,2021,E02004797,2021 super output areas - middle layer,152,Irish only identity,18
11555,2021,E02004797,2021 super output areas - middle layer,152,Irish and at least one UK identity,2
11556,2021,E02004797,2021 super output areas - middle layer,152,Other identity only,432
11557,2021,E02004797,2021 super output areas - middle layer,152,Other identity and at least one UK identity,124
11558,2021,E02004797,2021 super output areas - middle layer,152,Non-UK identity only,450
11559,2021,E02004797,2021 super output areas - middle layer,152,UK identity and non-UK identity,126
11560,2021,E02004798,2021 super output areas - middle layer,152,Total: All usual residents,6142
11561,2021,E02004798,2021 super output areas - middle layer,152,British only identity,3412
11562,2021,E02004798,2021 super output areas - middle layer,152,English only identity,1306
11563,2021,E02004798,2021 super output areas - middle layer,152,English and British only identity,1041
11564,2021,E02004798,2021 super output areas - middle layer,152,Welsh only identity,31
11565,2021,E02004798,2021 super output areas - middle layer,152,Welsh and British only identity,14
11566,2021,E02004798,2021 super output areas - middle layer,152,Any other combination of only UK identities,49
11567,2021,E02004798,2021 super output areas - middle layer,152,Scottish only identity,25
11568,2021,E02004798,2021 super output areas - middle layer,152,Scottish and British only identity,9
11569,2021,E02004798,2021 super output areas - middle layer,152,Northern Irish only identity,3
11570,2021,E02004798,2021 super output areas - middle layer,152,Northern Irish and British only identity,2
11571,2021,E02004798,2021 super output areas - middle layer,152,Cornish only identity,1
11572,2021,E02004798,2021 super output areas - middle layer,152,Cornish and British only identity,0
11573,2021,E02004798,2021 super output areas - middle layer,152,Any other combination of only UK identities ,9
11574,2021,E02004798,2021 super output areas - middle layer,152,Irish only identity,13
11575,2021,E02004798,2021 super output areas - middle layer,152,Irish and at least one UK identity,2
11576,2021,E02004798,2021 super output areas - middle layer,152,Other identity only,219
11577,2021,E02004798,2021 super output areas - middle layer,152,Other identity and at least one UK identity,55
11578,2021,E02004798,2021 super output areas - middle layer,152,Non-UK identity only,232
11579,2021,E02004798,2021 super output areas - middle layer,152,UK identity and non-UK identity,57
11580,2021,E02004799,2021 super output areas - middle layer,152,Total: All usual residents,7944
11581,2021,E02004799,2021 super output areas - middle layer,152,British only identity,4090
11582,2021,E02004799,2021 super output areas - middle layer,152,English only identity,1906
11583,2021,E02004799,2021 super output areas - middle layer,152,English and British only identity,1330
11584,2021,E02004799,2021 super output areas - middle layer,152,Welsh only identity,30
11585,2021,E02004799,2021 super output areas - middle layer,152,Welsh and British only identity,7
11586,2021,E02004799,2021 super output areas - middle layer,152,Any other combination of only UK identities,70
11587,2021,E02004799,2021 super output areas - middle layer,152,Scottish only identity,33
11588,2021,E02004799,2021 super output areas - middle layer,152,Scottish and British only identity,12
11589,2021,E02004799,2021 super output areas - middle layer,152,Northern Irish only identity,10
11590,2021,E02004799,2021 super output areas - middle layer,152,Northern Irish and British only identity,4
11591,2021,E02004799,2021 super output areas - middle layer,152,Cornish only identity,1
11592,2021,E02004799,2021 super output areas - middle layer,152,Cornish and British only identity,1
11593,2021,E02004799,2021 super output areas - middle layer,152,Any other combination of only UK identities ,9
11594,2021,E02004799,2021 super output areas - middle layer,152,Irish only identity,15
11595,2021,E02004799,2021 super output areas - middle layer,152,Irish and at least one UK identity,4
11596,2021,E02004799,2021 super output areas - middle layer,152,Other identity only,405
11597,2021,E02004799,2021 super output areas - middle layer,152,Other identity and at least one UK identity,87
11598,2021,E02004799,2021 super output areas - middle layer,152,Non-UK identity only,420
11599,2021,E02004799,2021 super output areas - middle layer,152,UK identity and non-UK identity,91
11600,2021,E02004800,2021 super output areas - middle layer,152,Total: All usual residents,7404
11601,2021,E02004800,2021 super output areas - middle layer,152,British only identity,3999
11602,2021,E02004800,2021 super output areas - middle layer,152,English only identity,1868
11603,2021,E02004800,2021 super output areas - middle layer,152,English and British only identity,1061
11604,2021,E02004800,2021 super output areas - middle layer,152,Welsh only identity,50
11605,2021,E02004800,2021 super output areas - middle layer,152,Welsh and British only identity,14
11606,2021,E02004800,2021 super output areas - middle layer,152,Any other combination of only UK identities,73
11607,2021,E02004800,2021 super output areas - middle layer,152,Scottish only identity,35
11608,2021,E02004800,2021 super output areas - middle layer,152,Scottish and British only identity,17
11609,2021,E02004800,2021 super output areas - middle layer,152,Northern Irish only identity,9
11610,2021,E02004800,2021 super output areas - middle layer,152,Northern Irish and British only identity,4
11611,2021,E02004800,2021 super output areas - middle layer,152,Cornish only identity,0
11612,2021,E02004800,2021 super output areas - middle layer,152,Cornish and British only identity,0
11613,2021,E02004800,2021 super output areas - middle layer,152,Any other combination of only UK identities ,8
11614,2021,E02004800,2021 super output areas - middle layer,152,Irish only identity,19
11615,2021,E02004800,2021 super output areas - middle layer,152,Irish and at least one UK identity,6
11616,2021,E02004800,2021 super output areas - middle layer,152,Other identity only,234
11617,2021,E02004800,2021 super output areas - middle layer,152,Other identity and at least one UK identity,80
11618,2021,E02004800,2021 super output areas - middle layer,152,Non-UK identity only,253
11619,2021,E02004800,2021 super output areas - middle layer,152,UK identity and non-UK identity,86
11620,2021,E02004801,2021 super output areas - middle layer,152,Total: All usual residents,7734
11621,2021,E02004801,2021 super output areas - middle layer,152,British only identity,4432
11622,2021,E02004801,2021 super output areas - middle layer,152,English only identity,1520
11623,2021,E02004801,2021 super output areas - middle layer,152,English and British only identity,1212
11624,2021,E02004801,2021 super output areas - middle layer,152,Welsh only identity,56
11625,2021,E02004801,2021 super output areas - middle layer,152,Welsh and British only identity,20
11626,2021,E02004801,2021 super output areas - middle layer,152,Any other combination of only UK identities,137
11627,2021,E02004801,2021 super output areas - middle layer,152,Scottish only identity,71
11628,2021,E02004801,2021 super output areas - middle layer,152,Scottish and British only identity,23
11629,2021,E02004801,2021 super output areas - middle layer,152,Northern Irish only identity,9
11630,2021,E02004801,2021 super output areas - middle layer,152,Northern Irish and British only identity,7
11631,2021,E02004801,2021 super output areas - middle layer,152,Cornish only identity,2
11632,2021,E02004801,2021 super output areas - middle layer,152,Cornish and British only identity,0
11633,2021,E02004801,2021 super output areas - middle layer,152,Any other combination of only UK identities ,25
11634,2021,E02004801,2021 super output areas - middle layer,152,Irish only identity,26
11635,2021,E02004801,2021 super output areas - middle layer,152,Irish and at least one UK identity,7
11636,2021,E02004801,2021 super output areas - middle layer,152,Other identity only,215
11637,2021,E02004801,2021 super output areas - middle layer,152,Other identity and at least one UK identity,109
11638,2021,E02004801,2021 super output areas - middle layer,152,Non-UK identity only,241
11639,2021,E02004801,2021 super output areas - middle layer,152,UK identity and non-UK identity,116
11640,2021,E02004802,2021 super output areas - middle layer,152,Total: All usual residents,6751
11641,2021,E02004802,2021 super output areas - middle layer,152,British only identity,3545
11642,2021,E02004802,2021 super output areas - middle layer,152,English only identity,1135
11643,2021,E02004802,2021 super output areas - middle layer,152,English and British only identity,910
11644,2021,E02004802,2021 super output areas - middle layer,152,Welsh only identity,13
11645,2021,E02004802,2021 super output areas - middle layer,152,Welsh and British only identity,10
11646,2021,E02004802,2021 super output areas - middle layer,152,Any other combination of only UK identities,74
11647,2021,E02004802,2021 super output areas - middle layer,152,Scottish only identity,45
11648,2021,E02004802,2021 super output areas - middle layer,152,Scottish and British only identity,6
11649,2021,E02004802,2021 super output areas - middle layer,152,Northern Irish only identity,10
11650,2021,E02004802,2021 super output areas - middle layer,152,Northern Irish and British only identity,2
11651,2021,E02004802,2021 super output areas - middle layer,152,Cornish only identity,1
11652,2021,E02004802,2021 super output areas - middle layer,152,Cornish and British only identity,0
11653,2021,E02004802,2021 super output areas - middle layer,152,Any other combination of only UK identities ,10
11654,2021,E02004802,2021 super output areas - middle layer,152,Irish only identity,24
11655,2021,E02004802,2021 super output areas - middle layer,152,Irish and at least one UK identity,3
11656,2021,E02004802,2021 super output areas - middle layer,152,Other identity only,903
11657,2021,E02004802,2021 super output areas - middle layer,152,Other identity and at least one UK identity,134
11658,2021,E02004802,2021 super output areas - middle layer,152,Non-UK identity only,927
11659,2021,E02004802,2021 super output areas - middle layer,152,UK identity and non-UK identity,137
11660,2021,E02004803,2021 super output areas - middle layer,152,Total: All usual residents,7490
11661,2021,E02004803,2021 super output areas - middle layer,152,British only identity,3873
11662,2021,E02004803,2021 super output areas - middle layer,152,English only identity,932
11663,2021,E02004803,2021 super output areas - middle layer,152,English and British only identity,1017
11664,2021,E02004803,2021 super output areas - middle layer,152,Welsh only identity,11
11665,2021,E02004803,2021 super output areas - middle layer,152,Welsh and British only identity,7
11666,2021,E02004803,2021 super output areas - middle layer,152,Any other combination of only UK identities,56
11667,2021,E02004803,2021 super output areas - middle layer,152,Scottish only identity,30
11668,2021,E02004803,2021 super output areas - middle layer,152,Scottish and British only identity,5
11669,2021,E02004803,2021 super output areas - middle layer,152,Northern Irish only identity,3
11670,2021,E02004803,2021 super output areas - middle layer,152,Northern Irish and British only identity,1
11671,2021,E02004803,2021 super output areas - middle layer,152,Cornish only identity,2
11672,2021,E02004803,2021 super output areas - middle layer,152,Cornish and British only identity,0
11673,2021,E02004803,2021 super output areas - middle layer,152,Any other combination of only UK identities ,15
11674,2021,E02004803,2021 super output areas - middle layer,152,Irish only identity,22
11675,2021,E02004803,2021 super output areas - middle layer,152,Irish and at least one UK identity,2
11676,2021,E02004803,2021 super output areas - middle layer,152,Other identity only,1376
11677,2021,E02004803,2021 super output areas - middle layer,152,Other identity and at least one UK identity,194
11678,2021,E02004803,2021 super output areas - middle layer,152,Non-UK identity only,1398
11679,2021,E02004803,2021 super output areas - middle layer,152,UK identity and non-UK identity,196
11680,2021,E02004804,2021 super output areas - middle layer,152,Total: All usual residents,7156
11681,2021,E02004804,2021 super output areas - middle layer,152,British only identity,3780
11682,2021,E02004804,2021 super output areas - middle layer,152,English only identity,1460
11683,2021,E02004804,2021 super output areas - middle layer,152,English and British only identity,1132
11684,2021,E02004804,2021 super output areas - middle layer,152,Welsh only identity,13
11685,2021,E02004804,2021 super output areas - middle layer,152,Welsh and British only identity,10
11686,2021,E02004804,2021 super output areas - middle layer,152,Any other combination of only UK identities,94
11687,2021,E02004804,2021 super output areas - middle layer,152,Scottish only identity,38
11688,2021,E02004804,2021 super output areas - middle layer,152,Scottish and British only identity,27
11689,2021,E02004804,2021 super output areas - middle layer,152,Northern Irish only identity,8
11690,2021,E02004804,2021 super output areas - middle layer,152,Northern Irish and British only identity,2
11691,2021,E02004804,2021 super output areas - middle layer,152,Cornish only identity,2
11692,2021,E02004804,2021 super output areas - middle layer,152,Cornish and British only identity,0
11693,2021,E02004804,2021 super output areas - middle layer,152,Any other combination of only UK identities ,17
11694,2021,E02004804,2021 super output areas - middle layer,152,Irish only identity,36
11695,2021,E02004804,2021 super output areas - middle layer,152,Irish and at least one UK identity,11
11696,2021,E02004804,2021 super output areas - middle layer,152,Other identity only,504
11697,2021,E02004804,2021 super output areas - middle layer,152,Other identity and at least one UK identity,116
11698,2021,E02004804,2021 super output areas - middle layer,152,Non-UK identity only,540
11699,2021,E02004804,2021 super output areas - middle layer,152,UK identity and non-UK identity,127
11700,2021,E02004805,2021 super output areas - middle layer,152,Total: All usual residents,8568
11701,2021,E02004805,2021 super output areas - middle layer,152,British only identity,4724
11702,2021,E02004805,2021 super output areas - middle layer,152,English only identity,1267
11703,2021,E02004805,2021 super output areas - middle layer,152,English and British only identity,1294
11704,2021,E02004805,2021 super output areas - middle layer,152,Welsh only identity,27
11705,2021,E02004805,2021 super output areas - middle layer,152,Welsh and British only identity,19
11706,2021,E02004805,2021 super output areas - middle layer,152,Any other combination of only UK identities,116
11707,2021,E02004805,2021 super output areas - middle layer,152,Scottish only identity,45
11708,2021,E02004805,2021 super output areas - middle layer,152,Scottish and British only identity,21
11709,2021,E02004805,2021 super output areas - middle layer,152,Northern Irish only identity,16
11710,2021,E02004805,2021 super output areas - middle layer,152,Northern Irish and British only identity,7
11711,2021,E02004805,2021 super output areas - middle layer,152,Cornish only identity,1
11712,2021,E02004805,2021 super output areas - middle layer,152,Cornish and British only identity,1
11713,2021,E02004805,2021 super output areas - middle layer,152,Any other combination of only UK identities ,25
11714,2021,E02004805,2021 super output areas - middle layer,152,Irish only identity,38
11715,2021,E02004805,2021 super output areas - middle layer,152,Irish and at least one UK identity,10
11716,2021,E02004805,2021 super output areas - middle layer,152,Other identity only,859
11717,2021,E02004805,2021 super output areas - middle layer,152,Other identity and at least one UK identity,214
11718,2021,E02004805,2021 super output areas - middle layer,152,Non-UK identity only,897
11719,2021,E02004805,2021 super output areas - middle layer,152,UK identity and non-UK identity,224
11720,2021,E02004806,2021 super output areas - middle layer,152,Total: All usual residents,8033
11721,2021,E02004806,2021 super output areas - middle layer,152,British only identity,4427
11722,2021,E02004806,2021 super output areas - middle layer,152,English only identity,1491
11723,2021,E02004806,2021 super output areas - middle layer,152,English and British only identity,1356
11724,2021,E02004806,2021 super output areas - middle layer,152,Welsh only identity,32
11725,2021,E02004806,2021 super output areas - middle layer,152,Welsh and British only identity,21
11726,2021,E02004806,2021 super output areas - middle layer,152,Any other combination of only UK identities,95
11727,2021,E02004806,2021 super output areas - middle layer,152,Scottish only identity,31
11728,2021,E02004806,2021 super output areas - middle layer,152,Scottish and British only identity,34
11729,2021,E02004806,2021 super output areas - middle layer,152,Northern Irish only identity,10
11730,2021,E02004806,2021 super output areas - middle layer,152,Northern Irish and British only identity,5
11731,2021,E02004806,2021 super output areas - middle layer,152,Cornish only identity,1
11732,2021,E02004806,2021 super output areas - middle layer,152,Cornish and British only identity,0
11733,2021,E02004806,2021 super output areas - middle layer,152,Any other combination of only UK identities ,14
11734,2021,E02004806,2021 super output areas - middle layer,152,Irish only identity,28
11735,2021,E02004806,2021 super output areas - middle layer,152,Irish and at least one UK identity,9
11736,2021,E02004806,2021 super output areas - middle layer,152,Other identity only,434
11737,2021,E02004806,2021 super output areas - middle layer,152,Other identity and at least one UK identity,140
11738,2021,E02004806,2021 super output areas - middle layer,152,Non-UK identity only,462
11739,2021,E02004806,2021 super output areas - middle layer,152,UK identity and non-UK identity,149
11740,2021,E02004807,2021 super output areas - middle layer,152,Total: All usual residents,9464
11741,2021,E02004807,2021 super output areas - middle layer,152,British only identity,5033
11742,2021,E02004807,2021 super output areas - middle layer,152,English only identity,1628
11743,2021,E02004807,2021 super output areas - middle layer,152,English and British only identity,1302
11744,2021,E02004807,2021 super output areas - middle layer,152,Welsh only identity,51
11745,2021,E02004807,2021 super output areas - middle layer,152,Welsh and British only identity,14
11746,2021,E02004807,2021 super output areas - middle layer,152,Any other combination of only UK identities,114
11747,2021,E02004807,2021 super output areas - middle layer,152,Scottish only identity,39
11748,2021,E02004807,2021 super output areas - middle layer,152,Scottish and British only identity,30
11749,2021,E02004807,2021 super output areas - middle layer,152,Northern Irish only identity,15
11750,2021,E02004807,2021 super output areas - middle layer,152,Northern Irish and British only identity,4
11751,2021,E02004807,2021 super output areas - middle layer,152,Cornish only identity,1
11752,2021,E02004807,2021 super output areas - middle layer,152,Cornish and British only identity,0
11753,2021,E02004807,2021 super output areas - middle layer,152,Any other combination of only UK identities ,25
11754,2021,E02004807,2021 super output areas - middle layer,152,Irish only identity,42
11755,2021,E02004807,2021 super output areas - middle layer,152,Irish and at least one UK identity,7
11756,2021,E02004807,2021 super output areas - middle layer,152,Other identity only,1049
11757,2021,E02004807,2021 super output areas - middle layer,152,Other identity and at least one UK identity,224
11758,2021,E02004807,2021 super output areas - middle layer,152,Non-UK identity only,1091
11759,2021,E02004807,2021 super output areas - middle layer,152,UK identity and non-UK identity,231
11760,2021,E02004808,2021 super output areas - middle layer,152,Total: All usual residents,12120
11761,2021,E02004808,2021 super output areas - middle layer,152,British only identity,6763
11762,2021,E02004808,2021 super output areas - middle layer,152,English only identity,1706
11763,2021,E02004808,2021 super output areas - middle layer,152,English and British only identity,1717
11764,2021,E02004808,2021 super output areas - middle layer,152,Welsh only identity,73
11765,2021,E02004808,2021 super output areas - middle layer,152,Welsh and British only identity,30
11766,2021,E02004808,2021 super output areas - middle layer,152,Any other combination of only UK identities,193
11767,2021,E02004808,2021 super output areas - middle layer,152,Scottish only identity,84
11768,2021,E02004808,2021 super output areas - middle layer,152,Scottish and British only identity,46
11769,2021,E02004808,2021 super output areas - middle layer,152,Northern Irish only identity,19
11770,2021,E02004808,2021 super output areas - middle layer,152,Northern Irish and British only identity,10
11771,2021,E02004808,2021 super output areas - middle layer,152,Cornish only identity,3
11772,2021,E02004808,2021 super output areas - middle layer,152,Cornish and British only identity,1
11773,2021,E02004808,2021 super output areas - middle layer,152,Any other combination of only UK identities ,30
11774,2021,E02004808,2021 super output areas - middle layer,152,Irish only identity,54
11775,2021,E02004808,2021 super output areas - middle layer,152,Irish and at least one UK identity,18
11776,2021,E02004808,2021 super output areas - middle layer,152,Other identity only,1287
11777,2021,E02004808,2021 super output areas - middle layer,152,Other identity and at least one UK identity,279
11778,2021,E02004808,2021 super output areas - middle layer,152,Non-UK identity only,1341
11779,2021,E02004808,2021 super output areas - middle layer,152,UK identity and non-UK identity,297
11780,2021,E02004809,2021 super output areas - middle layer,152,Total: All usual residents,10916
11781,2021,E02004809,2021 super output areas - middle layer,152,British only identity,5486
11782,2021,E02004809,2021 super output areas - middle layer,152,English only identity,860
11783,2021,E02004809,2021 super output areas - middle layer,152,English and British only identity,1148
11784,2021,E02004809,2021 super output areas - middle layer,152,Welsh only identity,25
11785,2021,E02004809,2021 super output areas - middle layer,152,Welsh and British only identity,26
11786,2021,E02004809,2021 super output areas - middle layer,152,Any other combination of only UK identities,133
11787,2021,E02004809,2021 super output areas - middle layer,152,Scottish only identity,55
11788,2021,E02004809,2021 super output areas - middle layer,152,Scottish and British only identity,30
11789,2021,E02004809,2021 super output areas - middle layer,152,Northern Irish only identity,9
11790,2021,E02004809,2021 super output areas - middle layer,152,Northern Irish and British only identity,9
11791,2021,E02004809,2021 super output areas - middle layer,152,Cornish only identity,2
11792,2021,E02004809,2021 super output areas - middle layer,152,Cornish and British only identity,0
11793,2021,E02004809,2021 super output areas - middle layer,152,Any other combination of only UK identities ,28
11794,2021,E02004809,2021 super output areas - middle layer,152,Irish only identity,26
11795,2021,E02004809,2021 super output areas - middle layer,152,Irish and at least one UK identity,12
11796,2021,E02004809,2021 super output areas - middle layer,152,Other identity only,2915
11797,2021,E02004809,2021 super output areas - middle layer,152,Other identity and at least one UK identity,285
11798,2021,E02004809,2021 super output areas - middle layer,152,Non-UK identity only,2941
11799,2021,E02004809,2021 super output areas - middle layer,152,UK identity and non-UK identity,297
11800,2021,E02004810,2021 super output areas - middle layer,152,Total: All usual residents,8086
11801,2021,E02004810,2021 super output areas - middle layer,152,British only identity,4140
11802,2021,E02004810,2021 super output areas - middle layer,152,English only identity,1251
11803,2021,E02004810,2021 super output areas - middle layer,152,English and British only identity,1140
11804,2021,E02004810,2021 super output areas - middle layer,152,Welsh only identity,44
11805,2021,E02004810,2021 super output areas - middle layer,152,Welsh and British only identity,11
11806,2021,E02004810,2021 super output areas - middle layer,152,Any other combination of only UK identities,93
11807,2021,E02004810,2021 super output areas - middle layer,152,Scottish only identity,47
11808,2021,E02004810,2021 super output areas - middle layer,152,Scottish and British only identity,15
11809,2021,E02004810,2021 super output areas - middle layer,152,Northern Irish only identity,7
11810,2021,E02004810,2021 super output areas - middle layer,152,Northern Irish and British only identity,4
11811,2021,E02004810,2021 super output areas - middle layer,152,Cornish only identity,2
11812,2021,E02004810,2021 super output areas - middle layer,152,Cornish and British only identity,0
11813,2021,E02004810,2021 super output areas - middle layer,152,Any other combination of only UK identities ,18
11814,2021,E02004810,2021 super output areas - middle layer,152,Irish only identity,20
11815,2021,E02004810,2021 super output areas - middle layer,152,Irish and at least one UK identity,5
11816,2021,E02004810,2021 super output areas - middle layer,152,Other identity only,1181
11817,2021,E02004810,2021 super output areas - middle layer,152,Other identity and at least one UK identity,201
11818,2021,E02004810,2021 super output areas - middle layer,152,Non-UK identity only,1201
11819,2021,E02004810,2021 super output areas - middle layer,152,UK identity and non-UK identity,206
11820,2021,E02004811,2021 super output areas - middle layer,152,Total: All usual residents,7970
11821,2021,E02004811,2021 super output areas - middle layer,152,British only identity,4025
11822,2021,E02004811,2021 super output areas - middle layer,152,English only identity,1219
11823,2021,E02004811,2021 super output areas - middle layer,152,English and British only identity,963
11824,2021,E02004811,2021 super output areas - middle layer,152,Welsh only identity,33
11825,2021,E02004811,2021 super output areas - middle layer,152,Welsh and British only identity,15
11826,2021,E02004811,2021 super output areas - middle layer,152,Any other combination of only UK identities,102
11827,2021,E02004811,2021 super output areas - middle layer,152,Scottish only identity,39
11828,2021,E02004811,2021 super output areas - middle layer,152,Scottish and British only identity,32
11829,2021,E02004811,2021 super output areas - middle layer,152,Northern Irish only identity,10
11830,2021,E02004811,2021 super output areas - middle layer,152,Northern Irish and British only identity,7
11831,2021,E02004811,2021 super output areas - middle layer,152,Cornish only identity,2
11832,2021,E02004811,2021 super output areas - middle layer,152,Cornish and British only identity,1
11833,2021,E02004811,2021 super output areas - middle layer,152,Any other combination of only UK identities ,11
11834,2021,E02004811,2021 super output areas - middle layer,152,Irish only identity,33
11835,2021,E02004811,2021 super output areas - middle layer,152,Irish and at least one UK identity,9
11836,2021,E02004811,2021 super output areas - middle layer,152,Other identity only,1405
11837,2021,E02004811,2021 super output areas - middle layer,152,Other identity and at least one UK identity,166
11838,2021,E02004811,2021 super output areas - middle layer,152,Non-UK identity only,1438
11839,2021,E02004811,2021 super output areas - middle layer,152,UK identity and non-UK identity,175
11840,2021,E02004812,2021 super output areas - middle layer,152,Total: All usual residents,6743
11841,2021,E02004812,2021 super output areas - middle layer,152,British only identity,3602
11842,2021,E02004812,2021 super output areas - middle layer,152,English only identity,1143
11843,2021,E02004812,2021 super output areas - middle layer,152,English and British only identity,929
11844,2021,E02004812,2021 super output areas - middle layer,152,Welsh only identity,30
11845,2021,E02004812,2021 super output areas - middle layer,152,Welsh and British only identity,14
11846,2021,E02004812,2021 super output areas - middle layer,152,Any other combination of only UK identities,64
11847,2021,E02004812,2021 super output areas - middle layer,152,Scottish only identity,28
11848,2021,E02004812,2021 super output areas - middle layer,152,Scottish and British only identity,11
11849,2021,E02004812,2021 super output areas - middle layer,152,Northern Irish only identity,7
11850,2021,E02004812,2021 super output areas - middle layer,152,Northern Irish and British only identity,6
11851,2021,E02004812,2021 super output areas - middle layer,152,Cornish only identity,0
11852,2021,E02004812,2021 super output areas - middle layer,152,Cornish and British only identity,1
11853,2021,E02004812,2021 super output areas - middle layer,152,Any other combination of only UK identities ,11
11854,2021,E02004812,2021 super output areas - middle layer,152,Irish only identity,28
11855,2021,E02004812,2021 super output areas - middle layer,152,Irish and at least one UK identity,11
11856,2021,E02004812,2021 super output areas - middle layer,152,Other identity only,785
11857,2021,E02004812,2021 super output areas - middle layer,152,Other identity and at least one UK identity,137
11858,2021,E02004812,2021 super output areas - middle layer,152,Non-UK identity only,813
11859,2021,E02004812,2021 super output areas - middle layer,152,UK identity and non-UK identity,148
11860,2021,E02004813,2021 super output areas - middle layer,152,Total: All usual residents,6463
11861,2021,E02004813,2021 super output areas - middle layer,152,British only identity,3339
11862,2021,E02004813,2021 super output areas - middle layer,152,English only identity,1215
11863,2021,E02004813,2021 super output areas - middle layer,152,English and British only identity,1042
11864,2021,E02004813,2021 super output areas - middle layer,152,Welsh only identity,17
11865,2021,E02004813,2021 super output areas - middle layer,152,Welsh and British only identity,11
11866,2021,E02004813,2021 super output areas - middle layer,152,Any other combination of only UK identities,67
11867,2021,E02004813,2021 super output areas - middle layer,152,Scottish only identity,36
11868,2021,E02004813,2021 super output areas - middle layer,152,Scottish and British only identity,11
11869,2021,E02004813,2021 super output areas - middle layer,152,Northern Irish only identity,7
11870,2021,E02004813,2021 super output areas - middle layer,152,Northern Irish and British only identity,2
11871,2021,E02004813,2021 super output areas - middle layer,152,Cornish only identity,0
11872,2021,E02004813,2021 super output areas - middle layer,152,Cornish and British only identity,0
11873,2021,E02004813,2021 super output areas - middle layer,152,Any other combination of only UK identities ,11
11874,2021,E02004813,2021 super output areas - middle layer,152,Irish only identity,11
11875,2021,E02004813,2021 super output areas - middle layer,152,Irish and at least one UK identity,6
11876,2021,E02004813,2021 super output areas - middle layer,152,Other identity only,649
11877,2021,E02004813,2021 super output areas - middle layer,152,Other identity and at least one UK identity,106
11878,2021,E02004813,2021 super output areas - middle layer,152,Non-UK identity only,660
11879,2021,E02004813,2021 super output areas - middle layer,152,UK identity and non-UK identity,112
11880,2021,E02004814,2021 super output areas - middle layer,152,Total: All usual residents,7041
11881,2021,E02004814,2021 super output areas - middle layer,152,British only identity,4108
11882,2021,E02004814,2021 super output areas - middle layer,152,English only identity,1230
11883,2021,E02004814,2021 super output areas - middle layer,152,English and British only identity,1157
11884,2021,E02004814,2021 super output areas - middle layer,152,Welsh only identity,28
11885,2021,E02004814,2021 super output areas - middle layer,152,Welsh and British only identity,28
11886,2021,E02004814,2021 super output areas - middle layer,152,Any other combination of only UK identities,113
11887,2021,E02004814,2021 super output areas - middle layer,152,Scottish only identity,50
11888,2021,E02004814,2021 super output areas - middle layer,152,Scottish and British only identity,23
11889,2021,E02004814,2021 super output areas - middle layer,152,Northern Irish only identity,9
11890,2021,E02004814,2021 super output areas - middle layer,152,Northern Irish and British only identity,6
11891,2021,E02004814,2021 super output areas - middle layer,152,Cornish only identity,0
11892,2021,E02004814,2021 super output areas - middle layer,152,Cornish and British only identity,0
11893,2021,E02004814,2021 super output areas - middle layer,152,Any other combination of only UK identities ,25
11894,2021,E02004814,2021 super output areas - middle layer,152,Irish only identity,16
11895,2021,E02004814,2021 super output areas - middle layer,152,Irish and at least one UK identity,7
11896,2021,E02004814,2021 super output areas - middle layer,152,Other identity only,246
11897,2021,E02004814,2021 super output areas - middle layer,152,Other identity and at least one UK identity,108
11898,2021,E02004814,2021 super output areas - middle layer,152,Non-UK identity only,262
11899,2021,E02004814,2021 super output areas - middle layer,152,UK identity and non-UK identity,115
11900,2021,E02004815,2021 super output areas - middle layer,152,Total: All usual residents,7374
11901,2021,E02004815,2021 super output areas - middle layer,152,British only identity,3826
11902,2021,E02004815,2021 super output areas - middle layer,152,English only identity,1069
11903,2021,E02004815,2021 super output areas - middle layer,152,English and British only identity,1387
11904,2021,E02004815,2021 super output areas - middle layer,152,Welsh only identity,23
11905,2021,E02004815,2021 super output areas - middle layer,152,Welsh and British only identity,11
11906,2021,E02004815,2021 super output areas - middle layer,152,Any other combination of only UK identities,85
11907,2021,E02004815,2021 super output areas - middle layer,152,Scottish only identity,38
11908,2021,E02004815,2021 super output areas - middle layer,152,Scottish and British only identity,15
11909,2021,E02004815,2021 super output areas - middle layer,152,Northern Irish only identity,8
11910,2021,E02004815,2021 super output areas - middle layer,152,Northern Irish and British only identity,7
11911,2021,E02004815,2021 super output areas - middle layer,152,Cornish only identity,4
11912,2021,E02004815,2021 super output areas - middle layer,152,Cornish and British only identity,0
11913,2021,E02004815,2021 super output areas - middle layer,152,Any other combination of only UK identities ,13
11914,2021,E02004815,2021 super output areas - middle layer,152,Irish only identity,20
11915,2021,E02004815,2021 super output areas - middle layer,152,Irish and at least one UK identity,1
11916,2021,E02004815,2021 super output areas - middle layer,152,Other identity only,833
11917,2021,E02004815,2021 super output areas - middle layer,152,Other identity and at least one UK identity,119
11918,2021,E02004815,2021 super output areas - middle layer,152,Non-UK identity only,853
11919,2021,E02004815,2021 super output areas - middle layer,152,UK identity and non-UK identity,120
11920,2021,E02004817,2021 super output areas - middle layer,152,Total: All usual residents,7489
11921,2021,E02004817,2021 super output areas - middle layer,152,British only identity,4057
11922,2021,E02004817,2021 super output areas - middle layer,152,English only identity,1439
11923,2021,E02004817,2021 super output areas - middle layer,152,English and British only identity,1204
11924,2021,E02004817,2021 super output areas - middle layer,152,Welsh only identity,26
11925,2021,E02004817,2021 super output areas - middle layer,152,Welsh and British only identity,13
11926,2021,E02004817,2021 super output areas - middle layer,152,Any other combination of only UK identities,80
11927,2021,E02004817,2021 super output areas - middle layer,152,Scottish only identity,30
11928,2021,E02004817,2021 super output areas - middle layer,152,Scottish and British only identity,23
11929,2021,E02004817,2021 super output areas - middle layer,152,Northern Irish only identity,7
11930,2021,E02004817,2021 super output areas - middle layer,152,Northern Irish and British only identity,5
11931,2021,E02004817,2021 super output areas - middle layer,152,Cornish only identity,1
11932,2021,E02004817,2021 super output areas - middle layer,152,Cornish and British only identity,2
11933,2021,E02004817,2021 super output areas - middle layer,152,Any other combination of only UK identities ,12
11934,2021,E02004817,2021 super output areas - middle layer,152,Irish only identity,18
11935,2021,E02004817,2021 super output areas - middle layer,152,Irish and at least one UK identity,3
11936,2021,E02004817,2021 super output areas - middle layer,152,Other identity only,540
11937,2021,E02004817,2021 super output areas - middle layer,152,Other identity and at least one UK identity,109
11938,2021,E02004817,2021 super output areas - middle layer,152,Non-UK identity only,558
11939,2021,E02004817,2021 super output areas - middle layer,152,UK identity and non-UK identity,112
11940,2021,E02004818,2021 super output areas - middle layer,152,Total: All usual residents,10243
11941,2021,E02004818,2021 super output areas - middle layer,152,British only identity,5671
11942,2021,E02004818,2021 super output areas - middle layer,152,English only identity,1832
11943,2021,E02004818,2021 super output areas - middle layer,152,English and British only identity,1799
11944,2021,E02004818,2021 super output areas - middle layer,152,Welsh only identity,73
11945,2021,E02004818,2021 super output areas - middle layer,152,Welsh and British only identity,27
11946,2021,E02004818,2021 super output areas - middle layer,152,Any other combination of only UK identities,166
11947,2021,E02004818,2021 super output areas - middle layer,152,Scottish only identity,65
11948,2021,E02004818,2021 super output areas - middle layer,152,Scottish and British only identity,38
11949,2021,E02004818,2021 super output areas - middle layer,152,Northern Irish only identity,13
11950,2021,E02004818,2021 super output areas - middle layer,152,Northern Irish and British only identity,14
11951,2021,E02004818,2021 super output areas - middle layer,152,Cornish only identity,0
11952,2021,E02004818,2021 super output areas - middle layer,152,Cornish and British only identity,2
11953,2021,E02004818,2021 super output areas - middle layer,152,Any other combination of only UK identities ,34
11954,2021,E02004818,2021 super output areas - middle layer,152,Irish only identity,29
11955,2021,E02004818,2021 super output areas - middle layer,152,Irish and at least one UK identity,9
11956,2021,E02004818,2021 super output areas - middle layer,152,Other identity only,485
11957,2021,E02004818,2021 super output areas - middle layer,152,Other identity and at least one UK identity,152
11958,2021,E02004818,2021 super output areas - middle layer,152,Non-UK identity only,514
11959,2021,E02004818,2021 super output areas - middle layer,152,UK identity and non-UK identity,161
11960,2021,E02004819,2021 super output areas - middle layer,152,Total: All usual residents,7800
11961,2021,E02004819,2021 super output areas - middle layer,152,British only identity,4493
11962,2021,E02004819,2021 super output areas - middle layer,152,English only identity,1389
11963,2021,E02004819,2021 super output areas - middle layer,152,English and British only identity,1166
11964,2021,E02004819,2021 super output areas - middle layer,152,Welsh only identity,27
11965,2021,E02004819,2021 super output areas - middle layer,152,Welsh and British only identity,13
11966,2021,E02004819,2021 super output areas - middle layer,152,Any other combination of only UK identities,99
11967,2021,E02004819,2021 super output areas - middle layer,152,Scottish only identity,43
11968,2021,E02004819,2021 super output areas - middle layer,152,Scottish and British only identity,32
11969,2021,E02004819,2021 super output areas - middle layer,152,Northern Irish only identity,8
11970,2021,E02004819,2021 super output areas - middle layer,152,Northern Irish and British only identity,3
11971,2021,E02004819,2021 super output areas - middle layer,152,Cornish only identity,0
11972,2021,E02004819,2021 super output areas - middle layer,152,Cornish and British only identity,1
11973,2021,E02004819,2021 super output areas - middle layer,152,Any other combination of only UK identities ,12
11974,2021,E02004819,2021 super output areas - middle layer,152,Irish only identity,21
11975,2021,E02004819,2021 super output areas - middle layer,152,Irish and at least one UK identity,10
11976,2021,E02004819,2021 super output areas - middle layer,152,Other identity only,494
11977,2021,E02004819,2021 super output areas - middle layer,152,Other identity and at least one UK identity,88
11978,2021,E02004819,2021 super output areas - middle layer,152,Non-UK identity only,515
11979,2021,E02004819,2021 super output areas - middle layer,152,UK identity and non-UK identity,98
11980,2021,E02004820,2021 super output areas - middle layer,152,Total: All usual residents,7285
11981,2021,E02004820,2021 super output areas - middle layer,152,British only identity,4329
11982,2021,E02004820,2021 super output areas - middle layer,152,English only identity,1330
11983,2021,E02004820,2021 super output areas - middle layer,152,English and British only identity,1144
11984,2021,E02004820,2021 super output areas - middle layer,152,Welsh only identity,41
11985,2021,E02004820,2021 super output areas - middle layer,152,Welsh and British only identity,29
11986,2021,E02004820,2021 super output areas - middle layer,152,Any other combination of only UK identities,117
11987,2021,E02004820,2021 super output areas - middle layer,152,Scottish only identity,42
11988,2021,E02004820,2021 super output areas - middle layer,152,Scottish and British only identity,20
11989,2021,E02004820,2021 super output areas - middle layer,152,Northern Irish only identity,10
11990,2021,E02004820,2021 super output areas - middle layer,152,Northern Irish and British only identity,11
11991,2021,E02004820,2021 super output areas - middle layer,152,Cornish only identity,4
11992,2021,E02004820,2021 super output areas - middle layer,152,Cornish and British only identity,0
11993,2021,E02004820,2021 super output areas - middle layer,152,Any other combination of only UK identities ,30
11994,2021,E02004820,2021 super output areas - middle layer,152,Irish only identity,7
11995,2021,E02004820,2021 super output areas - middle layer,152,Irish and at least one UK identity,3
11996,2021,E02004820,2021 super output areas - middle layer,152,Other identity only,230
11997,2021,E02004820,2021 super output areas - middle layer,152,Other identity and at least one UK identity,55
11998,2021,E02004820,2021 super output areas - middle layer,152,Non-UK identity only,237
11999,2021,E02004820,2021 super output areas - middle layer,152,UK identity and non-UK identity,58
12000,2021,E02004821,2021 super output areas - middle layer,152,Total: All usual residents,5226
12001,2021,E02004821,2021 super output areas - middle layer,152,British only identity,3045
12002,2021,E02004821,2021 super output areas - middle layer,152,English only identity,910
12003,2021,E02004821,2021 super output areas - middle layer,152,English and British only identity,848
12004,2021,E02004821,2021 super output areas - middle layer,152,Welsh only identity,28
12005,2021,E02004821,2021 super output areas - middle layer,152,Welsh and British only identity,27
12006,2021,E02004821,2021 super output areas - middle layer,152,Any other combination of only UK identities,92
12007,2021,E02004821,2021 super output areas - middle layer,152,Scottish only identity,19
12008,2021,E02004821,2021 super output areas - middle layer,152,Scottish and British only identity,21
12009,2021,E02004821,2021 super output areas - middle layer,152,Northern Irish only identity,11
12010,2021,E02004821,2021 super output areas - middle layer,152,Northern Irish and British only identity,15
12011,2021,E02004821,2021 super output areas - middle layer,152,Cornish only identity,6
12012,2021,E02004821,2021 super output areas - middle layer,152,Cornish and British only identity,0
12013,2021,E02004821,2021 super output areas - middle layer,152,Any other combination of only UK identities ,20
12014,2021,E02004821,2021 super output areas - middle layer,152,Irish only identity,21
12015,2021,E02004821,2021 super output areas - middle layer,152,Irish and at least one UK identity,9
12016,2021,E02004821,2021 super output areas - middle layer,152,Other identity only,173
12017,2021,E02004821,2021 super output areas - middle layer,152,Other identity and at least one UK identity,73
12018,2021,E02004821,2021 super output areas - middle layer,152,Non-UK identity only,194
12019,2021,E02004821,2021 super output areas - middle layer,152,UK identity and non-UK identity,82
12020,2021,E02004822,2021 super output areas - middle layer,152,Total: All usual residents,8030
12021,2021,E02004822,2021 super output areas - middle layer,152,British only identity,4897
12022,2021,E02004822,2021 super output areas - middle layer,152,English only identity,1340
12023,2021,E02004822,2021 super output areas - middle layer,152,English and British only identity,1333
12024,2021,E02004822,2021 super output areas - middle layer,152,Welsh only identity,31
12025,2021,E02004822,2021 super output areas - middle layer,152,Welsh and British only identity,11
12026,2021,E02004822,2021 super output areas - middle layer,152,Any other combination of only UK identities,92
12027,2021,E02004822,2021 super output areas - middle layer,152,Scottish only identity,28
12028,2021,E02004822,2021 super output areas - middle layer,152,Scottish and British only identity,26
12029,2021,E02004822,2021 super output areas - middle layer,152,Northern Irish only identity,9
12030,2021,E02004822,2021 super output areas - middle layer,152,Northern Irish and British only identity,8
12031,2021,E02004822,2021 super output areas - middle layer,152,Cornish only identity,2
12032,2021,E02004822,2021 super output areas - middle layer,152,Cornish and British only identity,0
12033,2021,E02004822,2021 super output areas - middle layer,152,Any other combination of only UK identities ,19
12034,2021,E02004822,2021 super output areas - middle layer,152,Irish only identity,32
12035,2021,E02004822,2021 super output areas - middle layer,152,Irish and at least one UK identity,10
12036,2021,E02004822,2021 super output areas - middle layer,152,Other identity only,199
12037,2021,E02004822,2021 super output areas - middle layer,152,Other identity and at least one UK identity,85
12038,2021,E02004822,2021 super output areas - middle layer,152,Non-UK identity only,231
12039,2021,E02004822,2021 super output areas - middle layer,152,UK identity and non-UK identity,95
12040,2021,E02004823,2021 super output areas - middle layer,152,Total: All usual residents,8661
12041,2021,E02004823,2021 super output areas - middle layer,152,British only identity,5046
12042,2021,E02004823,2021 super output areas - middle layer,152,English only identity,1607
12043,2021,E02004823,2021 super output areas - middle layer,152,English and British only identity,1448
12044,2021,E02004823,2021 super output areas - middle layer,152,Welsh only identity,47
12045,2021,E02004823,2021 super output areas - middle layer,152,Welsh and British only identity,28
12046,2021,E02004823,2021 super output areas - middle layer,152,Any other combination of only UK identities,101
12047,2021,E02004823,2021 super output areas - middle layer,152,Scottish only identity,42
12048,2021,E02004823,2021 super output areas - middle layer,152,Scottish and British only identity,16
12049,2021,E02004823,2021 super output areas - middle layer,152,Northern Irish only identity,12
12050,2021,E02004823,2021 super output areas - middle layer,152,Northern Irish and British only identity,7
12051,2021,E02004823,2021 super output areas - middle layer,152,Cornish only identity,1
12052,2021,E02004823,2021 super output areas - middle layer,152,Cornish and British only identity,0
12053,2021,E02004823,2021 super output areas - middle layer,152,Any other combination of only UK identities ,23
12054,2021,E02004823,2021 super output areas - middle layer,152,Irish only identity,24
12055,2021,E02004823,2021 super output areas - middle layer,152,Irish and at least one UK identity,5
12056,2021,E02004823,2021 super output areas - middle layer,152,Other identity only,240
12057,2021,E02004823,2021 super output areas - middle layer,152,Other identity and at least one UK identity,115
12058,2021,E02004823,2021 super output areas - middle layer,152,Non-UK identity only,264
12059,2021,E02004823,2021 super output areas - middle layer,152,UK identity and non-UK identity,120
12060,2021,E02004824,2021 super output areas - middle layer,152,Total: All usual residents,5857
12061,2021,E02004824,2021 super output areas - middle layer,152,British only identity,3277
12062,2021,E02004824,2021 super output areas - middle layer,152,English only identity,1214
12063,2021,E02004824,2021 super output areas - middle layer,152,English and British only identity,942
12064,2021,E02004824,2021 super output areas - middle layer,152,Welsh only identity,38
12065,2021,E02004824,2021 super output areas - middle layer,152,Welsh and British only identity,12
12066,2021,E02004824,2021 super output areas - middle layer,152,Any other combination of only UK identities,74
12067,2021,E02004824,2021 super output areas - middle layer,152,Scottish only identity,31
12068,2021,E02004824,2021 super output areas - middle layer,152,Scottish and British only identity,14
12069,2021,E02004824,2021 super output areas - middle layer,152,Northern Irish only identity,5
12070,2021,E02004824,2021 super output areas - middle layer,152,Northern Irish and British only identity,3
12071,2021,E02004824,2021 super output areas - middle layer,152,Cornish only identity,0
12072,2021,E02004824,2021 super output areas - middle layer,152,Cornish and British only identity,0
12073,2021,E02004824,2021 super output areas - middle layer,152,Any other combination of only UK identities ,21
12074,2021,E02004824,2021 super output areas - middle layer,152,Irish only identity,25
12075,2021,E02004824,2021 super output areas - middle layer,152,Irish and at least one UK identity,2
12076,2021,E02004824,2021 super output areas - middle layer,152,Other identity only,191
12077,2021,E02004824,2021 super output areas - middle layer,152,Other identity and at least one UK identity,82
12078,2021,E02004824,2021 super output areas - middle layer,152,Non-UK identity only,216
12079,2021,E02004824,2021 super output areas - middle layer,152,UK identity and non-UK identity,84
12080,2021,E02004825,2021 super output areas - middle layer,152,Total: All usual residents,10904
12081,2021,E02004825,2021 super output areas - middle layer,152,British only identity,6400
12082,2021,E02004825,2021 super output areas - middle layer,152,English only identity,1865
12083,2021,E02004825,2021 super output areas - middle layer,152,English and British only identity,1927
12084,2021,E02004825,2021 super output areas - middle layer,152,Welsh only identity,55
12085,2021,E02004825,2021 super output areas - middle layer,152,Welsh and British only identity,23
12086,2021,E02004825,2021 super output areas - middle layer,152,Any other combination of only UK identities,97
12087,2021,E02004825,2021 super output areas - middle layer,152,Scottish only identity,40
12088,2021,E02004825,2021 super output areas - middle layer,152,Scottish and British only identity,16
12089,2021,E02004825,2021 super output areas - middle layer,152,Northern Irish only identity,11
12090,2021,E02004825,2021 super output areas - middle layer,152,Northern Irish and British only identity,5
12091,2021,E02004825,2021 super output areas - middle layer,152,Cornish only identity,2
12092,2021,E02004825,2021 super output areas - middle layer,152,Cornish and British only identity,0
12093,2021,E02004825,2021 super output areas - middle layer,152,Any other combination of only UK identities ,23
12094,2021,E02004825,2021 super output areas - middle layer,152,Irish only identity,22
12095,2021,E02004825,2021 super output areas - middle layer,152,Irish and at least one UK identity,5
12096,2021,E02004825,2021 super output areas - middle layer,152,Other identity only,357
12097,2021,E02004825,2021 super output areas - middle layer,152,Other identity and at least one UK identity,153
12098,2021,E02004825,2021 super output areas - middle layer,152,Non-UK identity only,379
12099,2021,E02004825,2021 super output areas - middle layer,152,UK identity and non-UK identity,158
12100,2021,E02004826,2021 super output areas - middle layer,152,Total: All usual residents,9766
12101,2021,E02004826,2021 super output areas - middle layer,152,British only identity,5883
12102,2021,E02004826,2021 super output areas - middle layer,152,English only identity,1589
12103,2021,E02004826,2021 super output areas - middle layer,152,English and British only identity,1627
12104,2021,E02004826,2021 super output areas - middle layer,152,Welsh only identity,56
12105,2021,E02004826,2021 super output areas - middle layer,152,Welsh and British only identity,32
12106,2021,E02004826,2021 super output areas - middle layer,152,Any other combination of only UK identities,105
12107,2021,E02004826,2021 super output areas - middle layer,152,Scottish only identity,36
12108,2021,E02004826,2021 super output areas - middle layer,152,Scottish and British only identity,25
12109,2021,E02004826,2021 super output areas - middle layer,152,Northern Irish only identity,12
12110,2021,E02004826,2021 super output areas - middle layer,152,Northern Irish and British only identity,3
12111,2021,E02004826,2021 super output areas - middle layer,152,Cornish only identity,3
12112,2021,E02004826,2021 super output areas - middle layer,152,Cornish and British only identity,3
12113,2021,E02004826,2021 super output areas - middle layer,152,Any other combination of only UK identities ,23
12114,2021,E02004826,2021 super output areas - middle layer,152,Irish only identity,17
12115,2021,E02004826,2021 super output areas - middle layer,152,Irish and at least one UK identity,9
12116,2021,E02004826,2021 super output areas - middle layer,152,Other identity only,313
12117,2021,E02004826,2021 super output areas - middle layer,152,Other identity and at least one UK identity,135
12118,2021,E02004826,2021 super output areas - middle layer,152,Non-UK identity only,330
12119,2021,E02004826,2021 super output areas - middle layer,152,UK identity and non-UK identity,144
12120,2021,E02004827,2021 super output areas - middle layer,152,Total: All usual residents,7362
12121,2021,E02004827,2021 super output areas - middle layer,152,British only identity,4535
12122,2021,E02004827,2021 super output areas - middle layer,152,English only identity,925
12123,2021,E02004827,2021 super output areas - middle layer,152,English and British only identity,1206
12124,2021,E02004827,2021 super output areas - middle layer,152,Welsh only identity,23
12125,2021,E02004827,2021 super output areas - middle layer,152,Welsh and British only identity,16
12126,2021,E02004827,2021 super output areas - middle layer,152,Any other combination of only UK identities,76
12127,2021,E02004827,2021 super output areas - middle layer,152,Scottish only identity,27
12128,2021,E02004827,2021 super output areas - middle layer,152,Scottish and British only identity,27
12129,2021,E02004827,2021 super output areas - middle layer,152,Northern Irish only identity,3
12130,2021,E02004827,2021 super output areas - middle layer,152,Northern Irish and British only identity,3
12131,2021,E02004827,2021 super output areas - middle layer,152,Cornish only identity,0
12132,2021,E02004827,2021 super output areas - middle layer,152,Cornish and British only identity,0
12133,2021,E02004827,2021 super output areas - middle layer,152,Any other combination of only UK identities ,16
12134,2021,E02004827,2021 super output areas - middle layer,152,Irish only identity,24
12135,2021,E02004827,2021 super output areas - middle layer,152,Irish and at least one UK identity,11
12136,2021,E02004827,2021 super output areas - middle layer,152,Other identity only,358
12137,2021,E02004827,2021 super output areas - middle layer,152,Other identity and at least one UK identity,188
12138,2021,E02004827,2021 super output areas - middle layer,152,Non-UK identity only,382
12139,2021,E02004827,2021 super output areas - middle layer,152,UK identity and non-UK identity,199
12140,2021,E02004828,2021 super output areas - middle layer,152,Total: All usual residents,7253
12141,2021,E02004828,2021 super output areas - middle layer,152,British only identity,4401
12142,2021,E02004828,2021 super output areas - middle layer,152,English only identity,1150
12143,2021,E02004828,2021 super output areas - middle layer,152,English and British only identity,1132
12144,2021,E02004828,2021 super output areas - middle layer,152,Welsh only identity,25
12145,2021,E02004828,2021 super output areas - middle layer,152,Welsh and British only identity,18
12146,2021,E02004828,2021 super output areas - middle layer,152,Any other combination of only UK identities,72
12147,2021,E02004828,2021 super output areas - middle layer,152,Scottish only identity,35
12148,2021,E02004828,2021 super output areas - middle layer,152,Scottish and British only identity,16
12149,2021,E02004828,2021 super output areas - middle layer,152,Northern Irish only identity,9
12150,2021,E02004828,2021 super output areas - middle layer,152,Northern Irish and British only identity,4
12151,2021,E02004828,2021 super output areas - middle layer,152,Cornish only identity,1
12152,2021,E02004828,2021 super output areas - middle layer,152,Cornish and British only identity,0
12153,2021,E02004828,2021 super output areas - middle layer,152,Any other combination of only UK identities ,7
12154,2021,E02004828,2021 super output areas - middle layer,152,Irish only identity,22
12155,2021,E02004828,2021 super output areas - middle layer,152,Irish and at least one UK identity,4
12156,2021,E02004828,2021 super output areas - middle layer,152,Other identity only,309
12157,2021,E02004828,2021 super output areas - middle layer,152,Other identity and at least one UK identity,120
12158,2021,E02004828,2021 super output areas - middle layer,152,Non-UK identity only,331
12159,2021,E02004828,2021 super output areas - middle layer,152,UK identity and non-UK identity,124
12160,2021,E02007076,2021 super output areas - middle layer,152,Total: All usual residents,7672
12161,2021,E02007076,2021 super output areas - middle layer,152,British only identity,4224
12162,2021,E02007076,2021 super output areas - middle layer,152,English only identity,976
12163,2021,E02007076,2021 super output areas - middle layer,152,English and British only identity,1413
12164,2021,E02007076,2021 super output areas - middle layer,152,Welsh only identity,30
12165,2021,E02007076,2021 super output areas - middle layer,152,Welsh and British only identity,11
12166,2021,E02007076,2021 super output areas - middle layer,152,Any other combination of only UK identities,91
12167,2021,E02007076,2021 super output areas - middle layer,152,Scottish only identity,27
12168,2021,E02007076,2021 super output areas - middle layer,152,Scottish and British only identity,28
12169,2021,E02007076,2021 super output areas - middle layer,152,Northern Irish only identity,9
12170,2021,E02007076,2021 super output areas - middle layer,152,Northern Irish and British only identity,6
12171,2021,E02007076,2021 super output areas - middle layer,152,Cornish only identity,3
12172,2021,E02007076,2021 super output areas - middle layer,152,Cornish and British only identity,3
12173,2021,E02007076,2021 super output areas - middle layer,152,Any other combination of only UK identities ,15
12174,2021,E02007076,2021 super output areas - middle layer,152,Irish only identity,10
12175,2021,E02007076,2021 super output areas - middle layer,152,Irish and at least one UK identity,3
12176,2021,E02007076,2021 super output areas - middle layer,152,Other identity only,739
12177,2021,E02007076,2021 super output areas - middle layer,152,Other identity and at least one UK identity,175
12178,2021,E02007076,2021 super output areas - middle layer,152,Non-UK identity only,749
12179,2021,E02007076,2021 super output areas - middle layer,152,UK identity and non-UK identity,178
12180,2021,E02007077,2021 super output areas - middle layer,152,Total: All usual residents,7475
12181,2021,E02007077,2021 super output areas - middle layer,152,British only identity,4421
12182,2021,E02007077,2021 super output areas - middle layer,152,English only identity,940
12183,2021,E02007077,2021 super output areas - middle layer,152,English and British only identity,1381
12184,2021,E02007077,2021 super output areas - middle layer,152,Welsh only identity,30
12185,2021,E02007077,2021 super output areas - middle layer,152,Welsh and British only identity,11
12186,2021,E02007077,2021 super output areas - middle layer,152,Any other combination of only UK identities,78
12187,2021,E02007077,2021 super output areas - middle layer,152,Scottish only identity,28
12188,2021,E02007077,2021 super output areas - middle layer,152,Scottish and British only identity,21
12189,2021,E02007077,2021 super output areas - middle layer,152,Northern Irish only identity,5
12190,2021,E02007077,2021 super output areas - middle layer,152,Northern Irish and British only identity,3
12191,2021,E02007077,2021 super output areas - middle layer,152,Cornish only identity,1
12192,2021,E02007077,2021 super output areas - middle layer,152,Cornish and British only identity,0
12193,2021,E02007077,2021 super output areas - middle layer,152,Any other combination of only UK identities ,20
12194,2021,E02007077,2021 super output areas - middle layer,152,Irish only identity,11
12195,2021,E02007077,2021 super output areas - middle layer,152,Irish and at least one UK identity,4
12196,2021,E02007077,2021 super output areas - middle layer,152,Other identity only,484
12197,2021,E02007077,2021 super output areas - middle layer,152,Other identity and at least one UK identity,115
12198,2021,E02007077,2021 super output areas - middle layer,152,Non-UK identity only,495
12199,2021,E02007077,2021 super output areas - middle layer,152,UK identity and non-UK identity,119
12200,2021,E02007078,2021 super output areas - middle layer,152,Total: All usual residents,5075
12201,2021,E02007078,2021 super output areas - middle layer,152,British only identity,2634
12202,2021,E02007078,2021 super output areas - middle layer,152,English only identity,876
12203,2021,E02007078,2021 super output areas - middle layer,152,English and British only identity,915
12204,2021,E02007078,2021 super output areas - middle layer,152,Welsh only identity,19
12205,2021,E02007078,2021 super output areas - middle layer,152,Welsh and British only identity,5
12206,2021,E02007078,2021 super output areas - middle layer,152,Any other combination of only UK identities,80
12207,2021,E02007078,2021 super output areas - middle layer,152,Scottish only identity,34
12208,2021,E02007078,2021 super output areas - middle layer,152,Scottish and British only identity,27
12209,2021,E02007078,2021 super output areas - middle layer,152,Northern Irish only identity,6
12210,2021,E02007078,2021 super output areas - middle layer,152,Northern Irish and British only identity,2
12211,2021,E02007078,2021 super output areas - middle layer,152,Cornish only identity,2
12212,2021,E02007078,2021 super output areas - middle layer,152,Cornish and British only identity,0
12213,2021,E02007078,2021 super output areas - middle layer,152,Any other combination of only UK identities ,9
12214,2021,E02007078,2021 super output areas - middle layer,152,Irish only identity,13
12215,2021,E02007078,2021 super output areas - middle layer,152,Irish and at least one UK identity,2
12216,2021,E02007078,2021 super output areas - middle layer,152,Other identity only,455
12217,2021,E02007078,2021 super output areas - middle layer,152,Other identity and at least one UK identity,76
12218,2021,E02007078,2021 super output areas - middle layer,152,Non-UK identity only,468
12219,2021,E02007078,2021 super output areas - middle layer,152,UK identity and non-UK identity,78
12220,2021,E02004829,2021 super output areas - middle layer,152,Total: All usual residents,5913
12221,2021,E02004829,2021 super output areas - middle layer,152,British only identity,3545
12222,2021,E02004829,2021 super output areas - middle layer,152,English only identity,851
12223,2021,E02004829,2021 super output areas - middle layer,152,English and British only identity,1034
12224,2021,E02004829,2021 super output areas - middle layer,152,Welsh only identity,37
12225,2021,E02004829,2021 super output areas - middle layer,152,Welsh and British only identity,22
12226,2021,E02004829,2021 super output areas - middle layer,152,Any other combination of only UK identities,87
12227,2021,E02004829,2021 super output areas - middle layer,152,Scottish only identity,26
12228,2021,E02004829,2021 super output areas - middle layer,152,Scottish and British only identity,18
12229,2021,E02004829,2021 super output areas - middle layer,152,Northern Irish only identity,13
12230,2021,E02004829,2021 super output areas - middle layer,152,Northern Irish and British only identity,10
12231,2021,E02004829,2021 super output areas - middle layer,152,Cornish only identity,1
12232,2021,E02004829,2021 super output areas - middle layer,152,Cornish and British only identity,0
12233,2021,E02004829,2021 super output areas - middle layer,152,Any other combination of only UK identities ,19
12234,2021,E02004829,2021 super output areas - middle layer,152,Irish only identity,23
12235,2021,E02004829,2021 super output areas - middle layer,152,Irish and at least one UK identity,9
12236,2021,E02004829,2021 super output areas - middle layer,152,Other identity only,219
12237,2021,E02004829,2021 super output areas - middle layer,152,Other identity and at least one UK identity,86
12238,2021,E02004829,2021 super output areas - middle layer,152,Non-UK identity only,242
12239,2021,E02004829,2021 super output areas - middle layer,152,UK identity and non-UK identity,95
12240,2021,E02004830,2021 super output areas - middle layer,152,Total: All usual residents,6944
12241,2021,E02004830,2021 super output areas - middle layer,152,British only identity,4196
12242,2021,E02004830,2021 super output areas - middle layer,152,English only identity,1007
12243,2021,E02004830,2021 super output areas - middle layer,152,English and British only identity,1088
12244,2021,E02004830,2021 super output areas - middle layer,152,Welsh only identity,29
12245,2021,E02004830,2021 super output areas - middle layer,152,Welsh and British only identity,19
12246,2021,E02004830,2021 super output areas - middle layer,152,Any other combination of only UK identities,92
12247,2021,E02004830,2021 super output areas - middle layer,152,Scottish only identity,27
12248,2021,E02004830,2021 super output areas - middle layer,152,Scottish and British only identity,26
12249,2021,E02004830,2021 super output areas - middle layer,152,Northern Irish only identity,4
12250,2021,E02004830,2021 super output areas - middle layer,152,Northern Irish and British only identity,12
12251,2021,E02004830,2021 super output areas - middle layer,152,Cornish only identity,2
12252,2021,E02004830,2021 super output areas - middle layer,152,Cornish and British only identity,0
12253,2021,E02004830,2021 super output areas - middle layer,152,Any other combination of only UK identities ,21
12254,2021,E02004830,2021 super output areas - middle layer,152,Irish only identity,27
12255,2021,E02004830,2021 super output areas - middle layer,152,Irish and at least one UK identity,5
12256,2021,E02004830,2021 super output areas - middle layer,152,Other identity only,333
12257,2021,E02004830,2021 super output areas - middle layer,152,Other identity and at least one UK identity,148
12258,2021,E02004830,2021 super output areas - middle layer,152,Non-UK identity only,360
12259,2021,E02004830,2021 super output areas - middle layer,152,UK identity and non-UK identity,153
12260,2021,E02004831,2021 super output areas - middle layer,152,Total: All usual residents,10492
12261,2021,E02004831,2021 super output areas - middle layer,152,British only identity,6076
12262,2021,E02004831,2021 super output areas - middle layer,152,English only identity,1442
12263,2021,E02004831,2021 super output areas - middle layer,152,English and British only identity,1713
12264,2021,E02004831,2021 super output areas - middle layer,152,Welsh only identity,97
12265,2021,E02004831,2021 super output areas - middle layer,152,Welsh and British only identity,35
12266,2021,E02004831,2021 super output areas - middle layer,152,Any other combination of only UK identities,205
12267,2021,E02004831,2021 super output areas - middle layer,152,Scottish only identity,66
12268,2021,E02004831,2021 super output areas - middle layer,152,Scottish and British only identity,63
12269,2021,E02004831,2021 super output areas - middle layer,152,Northern Irish only identity,16
12270,2021,E02004831,2021 super output areas - middle layer,152,Northern Irish and British only identity,21
12271,2021,E02004831,2021 super output areas - middle layer,152,Cornish only identity,2
12272,2021,E02004831,2021 super output areas - middle layer,152,Cornish and British only identity,1
12273,2021,E02004831,2021 super output areas - middle layer,152,Any other combination of only UK identities ,36
12274,2021,E02004831,2021 super output areas - middle layer,152,Irish only identity,40
12275,2021,E02004831,2021 super output areas - middle layer,152,Irish and at least one UK identity,19
12276,2021,E02004831,2021 super output areas - middle layer,152,Other identity only,575
12277,2021,E02004831,2021 super output areas - middle layer,152,Other identity and at least one UK identity,290
12278,2021,E02004831,2021 super output areas - middle layer,152,Non-UK identity only,615
12279,2021,E02004831,2021 super output areas - middle layer,152,UK identity and non-UK identity,309
12280,2021,E02004832,2021 super output areas - middle layer,152,Total: All usual residents,8476
12281,2021,E02004832,2021 super output areas - middle layer,152,British only identity,5099
12282,2021,E02004832,2021 super output areas - middle layer,152,English only identity,1475
12283,2021,E02004832,2021 super output areas - middle layer,152,English and British only identity,1315
12284,2021,E02004832,2021 super output areas - middle layer,152,Welsh only identity,45
12285,2021,E02004832,2021 super output areas - middle layer,152,Welsh and British only identity,20
12286,2021,E02004832,2021 super output areas - middle layer,152,Any other combination of only UK identities,115
12287,2021,E02004832,2021 super output areas - middle layer,152,Scottish only identity,44
12288,2021,E02004832,2021 super output areas - middle layer,152,Scottish and British only identity,31
12289,2021,E02004832,2021 super output areas - middle layer,152,Northern Irish only identity,14
12290,2021,E02004832,2021 super output areas - middle layer,152,Northern Irish and British only identity,4
12291,2021,E02004832,2021 super output areas - middle layer,152,Cornish only identity,0
12292,2021,E02004832,2021 super output areas - middle layer,152,Cornish and British only identity,0
12293,2021,E02004832,2021 super output areas - middle layer,152,Any other combination of only UK identities ,22
12294,2021,E02004832,2021 super output areas - middle layer,152,Irish only identity,32
12295,2021,E02004832,2021 super output areas - middle layer,152,Irish and at least one UK identity,7
12296,2021,E02004832,2021 super output areas - middle layer,152,Other identity only,287
12297,2021,E02004832,2021 super output areas - middle layer,152,Other identity and at least one UK identity,81
12298,2021,E02004832,2021 super output areas - middle layer,152,Non-UK identity only,319
12299,2021,E02004832,2021 super output areas - middle layer,152,UK identity and non-UK identity,88
12300,2021,E02004833,2021 super output areas - middle layer,152,Total: All usual residents,10077
12301,2021,E02004833,2021 super output areas - middle layer,152,British only identity,5783
12302,2021,E02004833,2021 super output areas - middle layer,152,English only identity,1238
12303,2021,E02004833,2021 super output areas - middle layer,152,English and British only identity,1663
12304,2021,E02004833,2021 super output areas - middle layer,152,Welsh only identity,61
12305,2021,E02004833,2021 super output areas - middle layer,152,Welsh and British only identity,31
12306,2021,E02004833,2021 super output areas - middle layer,152,Any other combination of only UK identities,158
12307,2021,E02004833,2021 super output areas - middle layer,152,Scottish only identity,56
12308,2021,E02004833,2021 super output areas - middle layer,152,Scottish and British only identity,45
12309,2021,E02004833,2021 super output areas - middle layer,152,Northern Irish only identity,17
12310,2021,E02004833,2021 super output areas - middle layer,152,Northern Irish and British only identity,12
12311,2021,E02004833,2021 super output areas - middle layer,152,Cornish only identity,1
12312,2021,E02004833,2021 super output areas - middle layer,152,Cornish and British only identity,0
12313,2021,E02004833,2021 super output areas - middle layer,152,Any other combination of only UK identities ,27
12314,2021,E02004833,2021 super output areas - middle layer,152,Irish only identity,54
12315,2021,E02004833,2021 super output areas - middle layer,152,Irish and at least one UK identity,19
12316,2021,E02004833,2021 super output areas - middle layer,152,Other identity only,798
12317,2021,E02004833,2021 super output areas - middle layer,152,Other identity and at least one UK identity,272
12318,2021,E02004833,2021 super output areas - middle layer,152,Non-UK identity only,852
12319,2021,E02004833,2021 super output areas - middle layer,152,UK identity and non-UK identity,291
12320,2021,E02004834,2021 super output areas - middle layer,152,Total: All usual residents,7641
12321,2021,E02004834,2021 super output areas - middle layer,152,British only identity,4354
12322,2021,E02004834,2021 super output areas - middle layer,152,English only identity,912
12323,2021,E02004834,2021 super output areas - middle layer,152,English and British only identity,1202
12324,2021,E02004834,2021 super output areas - middle layer,152,Welsh only identity,38
12325,2021,E02004834,2021 super output areas - middle layer,152,Welsh and British only identity,17
12326,2021,E02004834,2021 super output areas - middle layer,152,Any other combination of only UK identities,82
12327,2021,E02004834,2021 super output areas - middle layer,152,Scottish only identity,33
12328,2021,E02004834,2021 super output areas - middle layer,152,Scottish and British only identity,18
12329,2021,E02004834,2021 super output areas - middle layer,152,Northern Irish only identity,10
12330,2021,E02004834,2021 super output areas - middle layer,152,Northern Irish and British only identity,9
12331,2021,E02004834,2021 super output areas - middle layer,152,Cornish only identity,0
12332,2021,E02004834,2021 super output areas - middle layer,152,Cornish and British only identity,0
12333,2021,E02004834,2021 super output areas - middle layer,152,Any other combination of only UK identities ,12
12334,2021,E02004834,2021 super output areas - middle layer,152,Irish only identity,17
12335,2021,E02004834,2021 super output areas - middle layer,152,Irish and at least one UK identity,8
12336,2021,E02004834,2021 super output areas - middle layer,152,Other identity only,806
12337,2021,E02004834,2021 super output areas - middle layer,152,Other identity and at least one UK identity,205
12338,2021,E02004834,2021 super output areas - middle layer,152,Non-UK identity only,823
12339,2021,E02004834,2021 super output areas - middle layer,152,UK identity and non-UK identity,213
12340,2021,E02004835,2021 super output areas - middle layer,152,Total: All usual residents,10700
12341,2021,E02004835,2021 super output areas - middle layer,152,British only identity,5923
12342,2021,E02004835,2021 super output areas - middle layer,152,English only identity,1173
12343,2021,E02004835,2021 super output areas - middle layer,152,English and British only identity,1653
12344,2021,E02004835,2021 super output areas - middle layer,152,Welsh only identity,48
12345,2021,E02004835,2021 super output areas - middle layer,152,Welsh and British only identity,18
12346,2021,E02004835,2021 super output areas - middle layer,152,Any other combination of only UK identities,226
12347,2021,E02004835,2021 super output areas - middle layer,152,Scottish only identity,56
12348,2021,E02004835,2021 super output areas - middle layer,152,Scottish and British only identity,54
12349,2021,E02004835,2021 super output areas - middle layer,152,Northern Irish only identity,25
12350,2021,E02004835,2021 super output areas - middle layer,152,Northern Irish and British only identity,16
12351,2021,E02004835,2021 super output areas - middle layer,152,Cornish only identity,7
12352,2021,E02004835,2021 super output areas - middle layer,152,Cornish and British only identity,0
12353,2021,E02004835,2021 super output areas - middle layer,152,Any other combination of only UK identities ,68
12354,2021,E02004835,2021 super output areas - middle layer,152,Irish only identity,59
12355,2021,E02004835,2021 super output areas - middle layer,152,Irish and at least one UK identity,33
12356,2021,E02004835,2021 super output areas - middle layer,152,Other identity only,1079
12357,2021,E02004835,2021 super output areas - middle layer,152,Other identity and at least one UK identity,488
12358,2021,E02004835,2021 super output areas - middle layer,152,Non-UK identity only,1138
12359,2021,E02004835,2021 super output areas - middle layer,152,UK identity and non-UK identity,521
12360,2021,E02004836,2021 super output areas - middle layer,152,Total: All usual residents,6764
12361,2021,E02004836,2021 super output areas - middle layer,152,British only identity,3950
12362,2021,E02004836,2021 super output areas - middle layer,152,English only identity,829
12363,2021,E02004836,2021 super output areas - middle layer,152,English and British only identity,1323
12364,2021,E02004836,2021 super output areas - middle layer,152,Welsh only identity,32
12365,2021,E02004836,2021 super output areas - middle layer,152,Welsh and British only identity,25
12366,2021,E02004836,2021 super output areas - middle layer,152,Any other combination of only UK identities,71
12367,2021,E02004836,2021 super output areas - middle layer,152,Scottish only identity,19
12368,2021,E02004836,2021 super output areas - middle layer,152,Scottish and British only identity,10
12369,2021,E02004836,2021 super output areas - middle layer,152,Northern Irish only identity,12
12370,2021,E02004836,2021 super output areas - middle layer,152,Northern Irish and British only identity,10
12371,2021,E02004836,2021 super output areas - middle layer,152,Cornish only identity,4
12372,2021,E02004836,2021 super output areas - middle layer,152,Cornish and British only identity,0
12373,2021,E02004836,2021 super output areas - middle layer,152,Any other combination of only UK identities ,16
12374,2021,E02004836,2021 super output areas - middle layer,152,Irish only identity,18
12375,2021,E02004836,2021 super output areas - middle layer,152,Irish and at least one UK identity,16
12376,2021,E02004836,2021 super output areas - middle layer,152,Other identity only,375
12377,2021,E02004836,2021 super output areas - middle layer,152,Other identity and at least one UK identity,125
12378,2021,E02004836,2021 super output areas - middle layer,152,Non-UK identity only,393
12379,2021,E02004836,2021 super output areas - middle layer,152,UK identity and non-UK identity,141
12380,2021,E02004837,2021 super output areas - middle layer,152,Total: All usual residents,8232
12381,2021,E02004837,2021 super output areas - middle layer,152,British only identity,4898
12382,2021,E02004837,2021 super output areas - middle layer,152,English only identity,999
12383,2021,E02004837,2021 super output areas - middle layer,152,English and British only identity,1314
12384,2021,E02004837,2021 super output areas - middle layer,152,Welsh only identity,42
12385,2021,E02004837,2021 super output areas - middle layer,152,Welsh and British only identity,28
12386,2021,E02004837,2021 super output areas - middle layer,152,Any other combination of only UK identities,110
12387,2021,E02004837,2021 super output areas - middle layer,152,Scottish only identity,35
12388,2021,E02004837,2021 super output areas - middle layer,152,Scottish and British only identity,33
12389,2021,E02004837,2021 super output areas - middle layer,152,Northern Irish only identity,8
12390,2021,E02004837,2021 super output areas - middle layer,152,Northern Irish and British only identity,8
12391,2021,E02004837,2021 super output areas - middle layer,152,Cornish only identity,6
12392,2021,E02004837,2021 super output areas - middle layer,152,Cornish and British only identity,2
12393,2021,E02004837,2021 super output areas - middle layer,152,Any other combination of only UK identities ,18
12394,2021,E02004837,2021 super output areas - middle layer,152,Irish only identity,60
12395,2021,E02004837,2021 super output areas - middle layer,152,Irish and at least one UK identity,9
12396,2021,E02004837,2021 super output areas - middle layer,152,Other identity only,517
12397,2021,E02004837,2021 super output areas - middle layer,152,Other identity and at least one UK identity,255
12398,2021,E02004837,2021 super output areas - middle layer,152,Non-UK identity only,577
12399,2021,E02004837,2021 super output areas - middle layer,152,UK identity and non-UK identity,264
12400,2021,E02004838,2021 super output areas - middle layer,152,Total: All usual residents,9750
12401,2021,E02004838,2021 super output areas - middle layer,152,British only identity,5953
12402,2021,E02004838,2021 super output areas - middle layer,152,English only identity,1463
12403,2021,E02004838,2021 super output areas - middle layer,152,English and British only identity,1667
12404,2021,E02004838,2021 super output areas - middle layer,152,Welsh only identity,41
12405,2021,E02004838,2021 super output areas - middle layer,152,Welsh and British only identity,20
12406,2021,E02004838,2021 super output areas - middle layer,152,Any other combination of only UK identities,118
12407,2021,E02004838,2021 super output areas - middle layer,152,Scottish only identity,43
12408,2021,E02004838,2021 super output areas - middle layer,152,Scottish and British only identity,31
12409,2021,E02004838,2021 super output areas - middle layer,152,Northern Irish only identity,8
12410,2021,E02004838,2021 super output areas - middle layer,152,Northern Irish and British only identity,9
12411,2021,E02004838,2021 super output areas - middle layer,152,Cornish only identity,2
12412,2021,E02004838,2021 super output areas - middle layer,152,Cornish and British only identity,1
12413,2021,E02004838,2021 super output areas - middle layer,152,Any other combination of only UK identities ,24
12414,2021,E02004838,2021 super output areas - middle layer,152,Irish only identity,32
12415,2021,E02004838,2021 super output areas - middle layer,152,Irish and at least one UK identity,12
12416,2021,E02004838,2021 super output areas - middle layer,152,Other identity only,286
12417,2021,E02004838,2021 super output areas - middle layer,152,Other identity and at least one UK identity,158
12418,2021,E02004838,2021 super output areas - middle layer,152,Non-UK identity only,318
12419,2021,E02004838,2021 super output areas - middle layer,152,UK identity and non-UK identity,170
12420,2021,E02004839,2021 super output areas - middle layer,152,Total: All usual residents,8961
12421,2021,E02004839,2021 super output areas - middle layer,152,British only identity,5553
12422,2021,E02004839,2021 super output areas - middle layer,152,English only identity,1404
12423,2021,E02004839,2021 super output areas - middle layer,152,English and British only identity,1464
12424,2021,E02004839,2021 super output areas - middle layer,152,Welsh only identity,43
12425,2021,E02004839,2021 super output areas - middle layer,152,Welsh and British only identity,30
12426,2021,E02004839,2021 super output areas - middle layer,152,Any other combination of only UK identities,100
12427,2021,E02004839,2021 super output areas - middle layer,152,Scottish only identity,31
12428,2021,E02004839,2021 super output areas - middle layer,152,Scottish and British only identity,23
12429,2021,E02004839,2021 super output areas - middle layer,152,Northern Irish only identity,11
12430,2021,E02004839,2021 super output areas - middle layer,152,Northern Irish and British only identity,8
12431,2021,E02004839,2021 super output areas - middle layer,152,Cornish only identity,0
12432,2021,E02004839,2021 super output areas - middle layer,152,Cornish and British only identity,0
12433,2021,E02004839,2021 super output areas - middle layer,152,Any other combination of only UK identities ,27
12434,2021,E02004839,2021 super output areas - middle layer,152,Irish only identity,34
12435,2021,E02004839,2021 super output areas - middle layer,152,Irish and at least one UK identity,7
12436,2021,E02004839,2021 super output areas - middle layer,152,Other identity only,222
12437,2021,E02004839,2021 super output areas - middle layer,152,Other identity and at least one UK identity,104
12438,2021,E02004839,2021 super output areas - middle layer,152,Non-UK identity only,256
12439,2021,E02004839,2021 super output areas - middle layer,152,UK identity and non-UK identity,111
12440,2021,E02004840,2021 super output areas - middle layer,152,Total: All usual residents,10201
12441,2021,E02004840,2021 super output areas - middle layer,152,British only identity,6133
12442,2021,E02004840,2021 super output areas - middle layer,152,English only identity,1747
12443,2021,E02004840,2021 super output areas - middle layer,152,English and British only identity,1752
12444,2021,E02004840,2021 super output areas - middle layer,152,Welsh only identity,45
12445,2021,E02004840,2021 super output areas - middle layer,152,Welsh and British only identity,19
12446,2021,E02004840,2021 super output areas - middle layer,152,Any other combination of only UK identities,126
12447,2021,E02004840,2021 super output areas - middle layer,152,Scottish only identity,35
12448,2021,E02004840,2021 super output areas - middle layer,152,Scottish and British only identity,35
12449,2021,E02004840,2021 super output areas - middle layer,152,Northern Irish only identity,18
12450,2021,E02004840,2021 super output areas - middle layer,152,Northern Irish and British only identity,9
12451,2021,E02004840,2021 super output areas - middle layer,152,Cornish only identity,0
12452,2021,E02004840,2021 super output areas - middle layer,152,Cornish and British only identity,0
12453,2021,E02004840,2021 super output areas - middle layer,152,Any other combination of only UK identities ,29
12454,2021,E02004840,2021 super output areas - middle layer,152,Irish only identity,27
12455,2021,E02004840,2021 super output areas - middle layer,152,Irish and at least one UK identity,4
12456,2021,E02004840,2021 super output areas - middle layer,152,Other identity only,240
12457,2021,E02004840,2021 super output areas - middle layer,152,Other identity and at least one UK identity,108
12458,2021,E02004840,2021 super output areas - middle layer,152,Non-UK identity only,267
12459,2021,E02004840,2021 super output areas - middle layer,152,UK identity and non-UK identity,112
12460,2021,E02004841,2021 super output areas - middle layer,152,Total: All usual residents,11749
12461,2021,E02004841,2021 super output areas - middle layer,152,British only identity,7152
12462,2021,E02004841,2021 super output areas - middle layer,152,English only identity,1722
12463,2021,E02004841,2021 super output areas - middle layer,152,English and British only identity,1931
12464,2021,E02004841,2021 super output areas - middle layer,152,Welsh only identity,37
12465,2021,E02004841,2021 super output areas - middle layer,152,Welsh and British only identity,19
12466,2021,E02004841,2021 super output areas - middle layer,152,Any other combination of only UK identities,149
12467,2021,E02004841,2021 super output areas - middle layer,152,Scottish only identity,62
12468,2021,E02004841,2021 super output areas - middle layer,152,Scottish and British only identity,29
12469,2021,E02004841,2021 super output areas - middle layer,152,Northern Irish only identity,19
12470,2021,E02004841,2021 super output areas - middle layer,152,Northern Irish and British only identity,13
12471,2021,E02004841,2021 super output areas - middle layer,152,Cornish only identity,0
12472,2021,E02004841,2021 super output areas - middle layer,152,Cornish and British only identity,1
12473,2021,E02004841,2021 super output areas - middle layer,152,Any other combination of only UK identities ,25
12474,2021,E02004841,2021 super output areas - middle layer,152,Irish only identity,31
12475,2021,E02004841,2021 super output areas - middle layer,152,Irish and at least one UK identity,10
12476,2021,E02004841,2021 super output areas - middle layer,152,Other identity only,509
12477,2021,E02004841,2021 super output areas - middle layer,152,Other identity and at least one UK identity,189
12478,2021,E02004841,2021 super output areas - middle layer,152,Non-UK identity only,540
12479,2021,E02004841,2021 super output areas - middle layer,152,UK identity and non-UK identity,199
12480,2021,E02004842,2021 super output areas - middle layer,152,Total: All usual residents,11536
12481,2021,E02004842,2021 super output areas - middle layer,152,British only identity,6986
12482,2021,E02004842,2021 super output areas - middle layer,152,English only identity,2004
12483,2021,E02004842,2021 super output areas - middle layer,152,English and British only identity,1823
12484,2021,E02004842,2021 super output areas - middle layer,152,Welsh only identity,44
12485,2021,E02004842,2021 super output areas - middle layer,152,Welsh and British only identity,26
12486,2021,E02004842,2021 super output areas - middle layer,152,Any other combination of only UK identities,127
12487,2021,E02004842,2021 super output areas - middle layer,152,Scottish only identity,64
12488,2021,E02004842,2021 super output areas - middle layer,152,Scottish and British only identity,23
12489,2021,E02004842,2021 super output areas - middle layer,152,Northern Irish only identity,13
12490,2021,E02004842,2021 super output areas - middle layer,152,Northern Irish and British only identity,5
12491,2021,E02004842,2021 super output areas - middle layer,152,Cornish only identity,3
12492,2021,E02004842,2021 super output areas - middle layer,152,Cornish and British only identity,0
12493,2021,E02004842,2021 super output areas - middle layer,152,Any other combination of only UK identities ,19
12494,2021,E02004842,2021 super output areas - middle layer,152,Irish only identity,40
12495,2021,E02004842,2021 super output areas - middle layer,152,Irish and at least one UK identity,8
12496,2021,E02004842,2021 super output areas - middle layer,152,Other identity only,357
12497,2021,E02004842,2021 super output areas - middle layer,152,Other identity and at least one UK identity,121
12498,2021,E02004842,2021 super output areas - middle layer,152,Non-UK identity only,397
12499,2021,E02004842,2021 super output areas - middle layer,152,UK identity and non-UK identity,129
12500,2021,E02004996,2021 super output areas - middle layer,152,Total: All usual residents,8428
12501,2021,E02004996,2021 super output areas - middle layer,152,British only identity,5105
12502,2021,E02004996,2021 super output areas - middle layer,152,English only identity,1345
12503,2021,E02004996,2021 super output areas - middle layer,152,English and British only identity,1260
12504,2021,E02004996,2021 super output areas - middle layer,152,Welsh only identity,25
12505,2021,E02004996,2021 super output areas - middle layer,152,Welsh and British only identity,13
12506,2021,E02004996,2021 super output areas - middle layer,152,Any other combination of only UK identities,88
12507,2021,E02004996,2021 super output areas - middle layer,152,Scottish only identity,36
12508,2021,E02004996,2021 super output areas - middle layer,152,Scottish and British only identity,23
12509,2021,E02004996,2021 super output areas - middle layer,152,Northern Irish only identity,7
12510,2021,E02004996,2021 super output areas - middle layer,152,Northern Irish and British only identity,3
12511,2021,E02004996,2021 super output areas - middle layer,152,Cornish only identity,2
12512,2021,E02004996,2021 super output areas - middle layer,152,Cornish and British only identity,1
12513,2021,E02004996,2021 super output areas - middle layer,152,Any other combination of only UK identities ,16
12514,2021,E02004996,2021 super output areas - middle layer,152,Irish only identity,39
12515,2021,E02004996,2021 super output areas - middle layer,152,Irish and at least one UK identity,10
12516,2021,E02004996,2021 super output areas - middle layer,152,Other identity only,381
12517,2021,E02004996,2021 super output areas - middle layer,152,Other identity and at least one UK identity,162
12518,2021,E02004996,2021 super output areas - middle layer,152,Non-UK identity only,420
12519,2021,E02004996,2021 super output areas - middle layer,152,UK identity and non-UK identity,172
12520,2021,E02004997,2021 super output areas - middle layer,152,Total: All usual residents,8192
12521,2021,E02004997,2021 super output areas - middle layer,152,British only identity,4683
12522,2021,E02004997,2021 super output areas - middle layer,152,English only identity,1798
12523,2021,E02004997,2021 super output areas - middle layer,152,English and British only identity,1313
12524,2021,E02004997,2021 super output areas - middle layer,152,Welsh only identity,17
12525,2021,E02004997,2021 super output areas - middle layer,152,Welsh and British only identity,9
12526,2021,E02004997,2021 super output areas - middle layer,152,Any other combination of only UK identities,68
12527,2021,E02004997,2021 super output areas - middle layer,152,Scottish only identity,33
12528,2021,E02004997,2021 super output areas - middle layer,152,Scottish and British only identity,10
12529,2021,E02004997,2021 super output areas - middle layer,152,Northern Irish only identity,11
12530,2021,E02004997,2021 super output areas - middle layer,152,Northern Irish and British only identity,0
12531,2021,E02004997,2021 super output areas - middle layer,152,Cornish only identity,1
12532,2021,E02004997,2021 super output areas - middle layer,152,Cornish and British only identity,0
12533,2021,E02004997,2021 super output areas - middle layer,152,Any other combination of only UK identities ,13
12534,2021,E02004997,2021 super output areas - middle layer,152,Irish only identity,29
12535,2021,E02004997,2021 super output areas - middle layer,152,Irish and at least one UK identity,8
12536,2021,E02004997,2021 super output areas - middle layer,152,Other identity only,181
12537,2021,E02004997,2021 super output areas - middle layer,152,Other identity and at least one UK identity,86
12538,2021,E02004997,2021 super output areas - middle layer,152,Non-UK identity only,210
12539,2021,E02004997,2021 super output areas - middle layer,152,UK identity and non-UK identity,94
12540,2021,E02004998,2021 super output areas - middle layer,152,Total: All usual residents,6800
12541,2021,E02004998,2021 super output areas - middle layer,152,British only identity,3870
12542,2021,E02004998,2021 super output areas - middle layer,152,English only identity,1265
12543,2021,E02004998,2021 super output areas - middle layer,152,English and British only identity,1138
12544,2021,E02004998,2021 super output areas - middle layer,152,Welsh only identity,19
12545,2021,E02004998,2021 super output areas - middle layer,152,Welsh and British only identity,10
12546,2021,E02004998,2021 super output areas - middle layer,152,Any other combination of only UK identities,48
12547,2021,E02004998,2021 super output areas - middle layer,152,Scottish only identity,24
12548,2021,E02004998,2021 super output areas - middle layer,152,Scottish and British only identity,6
12549,2021,E02004998,2021 super output areas - middle layer,152,Northern Irish only identity,6
12550,2021,E02004998,2021 super output areas - middle layer,152,Northern Irish and British only identity,3
12551,2021,E02004998,2021 super output areas - middle layer,152,Cornish only identity,0
12552,2021,E02004998,2021 super output areas - middle layer,152,Cornish and British only identity,0
12553,2021,E02004998,2021 super output areas - middle layer,152,Any other combination of only UK identities ,9
12554,2021,E02004998,2021 super output areas - middle layer,152,Irish only identity,23
12555,2021,E02004998,2021 super output areas - middle layer,152,Irish and at least one UK identity,9
12556,2021,E02004998,2021 super output areas - middle layer,152,Other identity only,320
12557,2021,E02004998,2021 super output areas - middle layer,152,Other identity and at least one UK identity,98
12558,2021,E02004998,2021 super output areas - middle layer,152,Non-UK identity only,343
12559,2021,E02004998,2021 super output areas - middle layer,152,UK identity and non-UK identity,107
12560,2021,E02005000,2021 super output areas - middle layer,152,Total: All usual residents,12105
12561,2021,E02005000,2021 super output areas - middle layer,152,British only identity,6233
12562,2021,E02005000,2021 super output areas - middle layer,152,English only identity,1691
12563,2021,E02005000,2021 super output areas - middle layer,152,English and British only identity,1813
12564,2021,E02005000,2021 super output areas - middle layer,152,Welsh only identity,14
12565,2021,E02005000,2021 super output areas - middle layer,152,Welsh and British only identity,4
12566,2021,E02005000,2021 super output areas - middle layer,152,Any other combination of only UK identities,60
12567,2021,E02005000,2021 super output areas - middle layer,152,Scottish only identity,15
12568,2021,E02005000,2021 super output areas - middle layer,152,Scottish and British only identity,12
12569,2021,E02005000,2021 super output areas - middle layer,152,Northern Irish only identity,11
12570,2021,E02005000,2021 super output areas - middle layer,152,Northern Irish and British only identity,3
12571,2021,E02005000,2021 super output areas - middle layer,152,Cornish only identity,0
12572,2021,E02005000,2021 super output areas - middle layer,152,Cornish and British only identity,0
12573,2021,E02005000,2021 super output areas - middle layer,152,Any other combination of only UK identities ,19
12574,2021,E02005000,2021 super output areas - middle layer,152,Irish only identity,38
12575,2021,E02005000,2021 super output areas - middle layer,152,Irish and at least one UK identity,9
12576,2021,E02005000,2021 super output areas - middle layer,152,Other identity only,1940
12577,2021,E02005000,2021 super output areas - middle layer,152,Other identity and at least one UK identity,303
12578,2021,E02005000,2021 super output areas - middle layer,152,Non-UK identity only,1978
12579,2021,E02005000,2021 super output areas - middle layer,152,UK identity and non-UK identity,312
12580,2021,E02005001,2021 super output areas - middle layer,152,Total: All usual residents,9563
12581,2021,E02005001,2021 super output areas - middle layer,152,British only identity,5463
12582,2021,E02005001,2021 super output areas - middle layer,152,English only identity,1770
12583,2021,E02005001,2021 super output areas - middle layer,152,English and British only identity,1447
12584,2021,E02005001,2021 super output areas - middle layer,152,Welsh only identity,20
12585,2021,E02005001,2021 super output areas - middle layer,152,Welsh and British only identity,6
12586,2021,E02005001,2021 super output areas - middle layer,152,Any other combination of only UK identities,68
12587,2021,E02005001,2021 super output areas - middle layer,152,Scottish only identity,22
12588,2021,E02005001,2021 super output areas - middle layer,152,Scottish and British only identity,14
12589,2021,E02005001,2021 super output areas - middle layer,152,Northern Irish only identity,13
12590,2021,E02005001,2021 super output areas - middle layer,152,Northern Irish and British only identity,3
12591,2021,E02005001,2021 super output areas - middle layer,152,Cornish only identity,0
12592,2021,E02005001,2021 super output areas - middle layer,152,Cornish and British only identity,0
12593,2021,E02005001,2021 super output areas - middle layer,152,Any other combination of only UK identities ,16
12594,2021,E02005001,2021 super output areas - middle layer,152,Irish only identity,36
12595,2021,E02005001,2021 super output areas - middle layer,152,Irish and at least one UK identity,5
12596,2021,E02005001,2021 super output areas - middle layer,152,Other identity only,606
12597,2021,E02005001,2021 super output areas - middle layer,152,Other identity and at least one UK identity,142
12598,2021,E02005001,2021 super output areas - middle layer,152,Non-UK identity only,642
12599,2021,E02005001,2021 super output areas - middle layer,152,UK identity and non-UK identity,147
12600,2021,E02005002,2021 super output areas - middle layer,152,Total: All usual residents,10039
12601,2021,E02005002,2021 super output areas - middle layer,152,British only identity,5290
12602,2021,E02005002,2021 super output areas - middle layer,152,English only identity,1616
12603,2021,E02005002,2021 super output areas - middle layer,152,English and British only identity,1606
12604,2021,E02005002,2021 super output areas - middle layer,152,Welsh only identity,17
12605,2021,E02005002,2021 super output areas - middle layer,152,Welsh and British only identity,5
12606,2021,E02005002,2021 super output areas - middle layer,152,Any other combination of only UK identities,60
12607,2021,E02005002,2021 super output areas - middle layer,152,Scottish only identity,25
12608,2021,E02005002,2021 super output areas - middle layer,152,Scottish and British only identity,13
12609,2021,E02005002,2021 super output areas - middle layer,152,Northern Irish only identity,9
12610,2021,E02005002,2021 super output areas - middle layer,152,Northern Irish and British only identity,1
12611,2021,E02005002,2021 super output areas - middle layer,152,Cornish only identity,0
12612,2021,E02005002,2021 super output areas - middle layer,152,Cornish and British only identity,0
12613,2021,E02005002,2021 super output areas - middle layer,152,Any other combination of only UK identities ,12
12614,2021,E02005002,2021 super output areas - middle layer,152,Irish only identity,27
12615,2021,E02005002,2021 super output areas - middle layer,152,Irish and at least one UK identity,4
12616,2021,E02005002,2021 super output areas - middle layer,152,Other identity only,1197
12617,2021,E02005002,2021 super output areas - middle layer,152,Other identity and at least one UK identity,217
12618,2021,E02005002,2021 super output areas - middle layer,152,Non-UK identity only,1224
12619,2021,E02005002,2021 super output areas - middle layer,152,UK identity and non-UK identity,221
12620,2021,E02005003,2021 super output areas - middle layer,152,Total: All usual residents,9248
12621,2021,E02005003,2021 super output areas - middle layer,152,British only identity,5013
12622,2021,E02005003,2021 super output areas - middle layer,152,English only identity,1442
12623,2021,E02005003,2021 super output areas - middle layer,152,English and British only identity,1437
12624,2021,E02005003,2021 super output areas - middle layer,152,Welsh only identity,14
12625,2021,E02005003,2021 super output areas - middle layer,152,Welsh and British only identity,1
12626,2021,E02005003,2021 super output areas - middle layer,152,Any other combination of only UK identities,47
12627,2021,E02005003,2021 super output areas - middle layer,152,Scottish only identity,25
12628,2021,E02005003,2021 super output areas - middle layer,152,Scottish and British only identity,8
12629,2021,E02005003,2021 super output areas - middle layer,152,Northern Irish only identity,1
12630,2021,E02005003,2021 super output areas - middle layer,152,Northern Irish and British only identity,0
12631,2021,E02005003,2021 super output areas - middle layer,152,Cornish only identity,1
12632,2021,E02005003,2021 super output areas - middle layer,152,Cornish and British only identity,1
12633,2021,E02005003,2021 super output areas - middle layer,152,Any other combination of only UK identities ,11
12634,2021,E02005003,2021 super output areas - middle layer,152,Irish only identity,26
12635,2021,E02005003,2021 super output areas - middle layer,152,Irish and at least one UK identity,3
12636,2021,E02005003,2021 super output areas - middle layer,152,Other identity only,1126
12637,2021,E02005003,2021 super output areas - middle layer,152,Other identity and at least one UK identity,139
12638,2021,E02005003,2021 super output areas - middle layer,152,Non-UK identity only,1152
12639,2021,E02005003,2021 super output areas - middle layer,152,UK identity and non-UK identity,142
12640,2021,E02005004,2021 super output areas - middle layer,152,Total: All usual residents,11801
12641,2021,E02005004,2021 super output areas - middle layer,152,British only identity,6661
12642,2021,E02005004,2021 super output areas - middle layer,152,English only identity,2127
12643,2021,E02005004,2021 super output areas - middle layer,152,English and British only identity,1815
12644,2021,E02005004,2021 super output areas - middle layer,152,Welsh only identity,18
12645,2021,E02005004,2021 super output areas - middle layer,152,Welsh and British only identity,9
12646,2021,E02005004,2021 super output areas - middle layer,152,Any other combination of only UK identities,94
12647,2021,E02005004,2021 super output areas - middle layer,152,Scottish only identity,43
12648,2021,E02005004,2021 super output areas - middle layer,152,Scottish and British only identity,20
12649,2021,E02005004,2021 super output areas - middle layer,152,Northern Irish only identity,7
12650,2021,E02005004,2021 super output areas - middle layer,152,Northern Irish and British only identity,4
12651,2021,E02005004,2021 super output areas - middle layer,152,Cornish only identity,0
12652,2021,E02005004,2021 super output areas - middle layer,152,Cornish and British only identity,1
12653,2021,E02005004,2021 super output areas - middle layer,152,Any other combination of only UK identities ,19
12654,2021,E02005004,2021 super output areas - middle layer,152,Irish only identity,52
12655,2021,E02005004,2021 super output areas - middle layer,152,Irish and at least one UK identity,13
12656,2021,E02005004,2021 super output areas - middle layer,152,Other identity only,796
12657,2021,E02005004,2021 super output areas - middle layer,152,Other identity and at least one UK identity,216
12658,2021,E02005004,2021 super output areas - middle layer,152,Non-UK identity only,848
12659,2021,E02005004,2021 super output areas - middle layer,152,UK identity and non-UK identity,229
12660,2021,E02005005,2021 super output areas - middle layer,152,Total: All usual residents,10396
12661,2021,E02005005,2021 super output areas - middle layer,152,British only identity,6004
12662,2021,E02005005,2021 super output areas - middle layer,152,English only identity,2002
12663,2021,E02005005,2021 super output areas - middle layer,152,English and British only identity,1736
12664,2021,E02005005,2021 super output areas - middle layer,152,Welsh only identity,25
12665,2021,E02005005,2021 super output areas - middle layer,152,Welsh and British only identity,10
12666,2021,E02005005,2021 super output areas - middle layer,152,Any other combination of only UK identities,83
12667,2021,E02005005,2021 super output areas - middle layer,152,Scottish only identity,37
12668,2021,E02005005,2021 super output areas - middle layer,152,Scottish and British only identity,19
12669,2021,E02005005,2021 super output areas - middle layer,152,Northern Irish only identity,9
12670,2021,E02005005,2021 super output areas - middle layer,152,Northern Irish and British only identity,4
12671,2021,E02005005,2021 super output areas - middle layer,152,Cornish only identity,1
12672,2021,E02005005,2021 super output areas - middle layer,152,Cornish and British only identity,0
12673,2021,E02005005,2021 super output areas - middle layer,152,Any other combination of only UK identities ,13
12674,2021,E02005005,2021 super output areas - middle layer,152,Irish only identity,35
12675,2021,E02005005,2021 super output areas - middle layer,152,Irish and at least one UK identity,7
12676,2021,E02005005,2021 super output areas - middle layer,152,Other identity only,355
12677,2021,E02005005,2021 super output areas - middle layer,152,Other identity and at least one UK identity,139
12678,2021,E02005005,2021 super output areas - middle layer,152,Non-UK identity only,390
12679,2021,E02005005,2021 super output areas - middle layer,152,UK identity and non-UK identity,146
12680,2021,E02005006,2021 super output areas - middle layer,152,Total: All usual residents,6207
12681,2021,E02005006,2021 super output areas - middle layer,152,British only identity,3577
12682,2021,E02005006,2021 super output areas - middle layer,152,English only identity,1358
12683,2021,E02005006,2021 super output areas - middle layer,152,English and British only identity,975
12684,2021,E02005006,2021 super output areas - middle layer,152,Welsh only identity,7
12685,2021,E02005006,2021 super output areas - middle layer,152,Welsh and British only identity,9
12686,2021,E02005006,2021 super output areas - middle layer,152,Any other combination of only UK identities,46
12687,2021,E02005006,2021 super output areas - middle layer,152,Scottish only identity,20
12688,2021,E02005006,2021 super output areas - middle layer,152,Scottish and British only identity,9
12689,2021,E02005006,2021 super output areas - middle layer,152,Northern Irish only identity,6
12690,2021,E02005006,2021 super output areas - middle layer,152,Northern Irish and British only identity,4
12691,2021,E02005006,2021 super output areas - middle layer,152,Cornish only identity,0
12692,2021,E02005006,2021 super output areas - middle layer,152,Cornish and British only identity,0
12693,2021,E02005006,2021 super output areas - middle layer,152,Any other combination of only UK identities ,7
12694,2021,E02005006,2021 super output areas - middle layer,152,Irish only identity,24
12695,2021,E02005006,2021 super output areas - middle layer,152,Irish and at least one UK identity,4
12696,2021,E02005006,2021 super output areas - middle layer,152,Other identity only,151
12697,2021,E02005006,2021 super output areas - middle layer,152,Other identity and at least one UK identity,56
12698,2021,E02005006,2021 super output areas - middle layer,152,Non-UK identity only,175
12699,2021,E02005006,2021 super output areas - middle layer,152,UK identity and non-UK identity,60
12700,2021,E02005007,2021 super output areas - middle layer,152,Total: All usual residents,9363
12701,2021,E02005007,2021 super output areas - middle layer,152,British only identity,5409
12702,2021,E02005007,2021 super output areas - middle layer,152,English only identity,1821
12703,2021,E02005007,2021 super output areas - middle layer,152,English and British only identity,1515
12704,2021,E02005007,2021 super output areas - middle layer,152,Welsh only identity,28
12705,2021,E02005007,2021 super output areas - middle layer,152,Welsh and British only identity,17
12706,2021,E02005007,2021 super output areas - middle layer,152,Any other combination of only UK identities,78
12707,2021,E02005007,2021 super output areas - middle layer,152,Scottish only identity,27
12708,2021,E02005007,2021 super output areas - middle layer,152,Scottish and British only identity,12
12709,2021,E02005007,2021 super output areas - middle layer,152,Northern Irish only identity,14
12710,2021,E02005007,2021 super output areas - middle layer,152,Northern Irish and British only identity,7
12711,2021,E02005007,2021 super output areas - middle layer,152,Cornish only identity,1
12712,2021,E02005007,2021 super output areas - middle layer,152,Cornish and British only identity,0
12713,2021,E02005007,2021 super output areas - middle layer,152,Any other combination of only UK identities ,17
12714,2021,E02005007,2021 super output areas - middle layer,152,Irish only identity,40
12715,2021,E02005007,2021 super output areas - middle layer,152,Irish and at least one UK identity,13
12716,2021,E02005007,2021 super output areas - middle layer,152,Other identity only,313
12717,2021,E02005007,2021 super output areas - middle layer,152,Other identity and at least one UK identity,129
12718,2021,E02005007,2021 super output areas - middle layer,152,Non-UK identity only,353
12719,2021,E02005007,2021 super output areas - middle layer,152,UK identity and non-UK identity,142
12720,2021,E02005008,2021 super output areas - middle layer,152,Total: All usual residents,8771
12721,2021,E02005008,2021 super output areas - middle layer,152,British only identity,5035
12722,2021,E02005008,2021 super output areas - middle layer,152,English only identity,1952
12723,2021,E02005008,2021 super output areas - middle layer,152,English and British only identity,1243
12724,2021,E02005008,2021 super output areas - middle layer,152,Welsh only identity,36
12725,2021,E02005008,2021 super output areas - middle layer,152,Welsh and British only identity,12
12726,2021,E02005008,2021 super output areas - middle layer,152,Any other combination of only UK identities,124
12727,2021,E02005008,2021 super output areas - middle layer,152,Scottish only identity,56
12728,2021,E02005008,2021 super output areas - middle layer,152,Scottish and British only identity,32
12729,2021,E02005008,2021 super output areas - middle layer,152,Northern Irish only identity,15
12730,2021,E02005008,2021 super output areas - middle layer,152,Northern Irish and British only identity,4
12731,2021,E02005008,2021 super output areas - middle layer,152,Cornish only identity,4
12732,2021,E02005008,2021 super output areas - middle layer,152,Cornish and British only identity,0
12733,2021,E02005008,2021 super output areas - middle layer,152,Any other combination of only UK identities ,13
12734,2021,E02005008,2021 super output areas - middle layer,152,Irish only identity,31
12735,2021,E02005008,2021 super output areas - middle layer,152,Irish and at least one UK identity,10
12736,2021,E02005008,2021 super output areas - middle layer,152,Other identity only,228
12737,2021,E02005008,2021 super output areas - middle layer,152,Other identity and at least one UK identity,100
12738,2021,E02005008,2021 super output areas - middle layer,152,Non-UK identity only,259
12739,2021,E02005008,2021 super output areas - middle layer,152,UK identity and non-UK identity,110
12740,2021,E02005009,2021 super output areas - middle layer,152,Total: All usual residents,5963
12741,2021,E02005009,2021 super output areas - middle layer,152,British only identity,3373
12742,2021,E02005009,2021 super output areas - middle layer,152,English only identity,1353
12743,2021,E02005009,2021 super output areas - middle layer,152,English and British only identity,964
12744,2021,E02005009,2021 super output areas - middle layer,152,Welsh only identity,15
12745,2021,E02005009,2021 super output areas - middle layer,152,Welsh and British only identity,8
12746,2021,E02005009,2021 super output areas - middle layer,152,Any other combination of only UK identities,37
12747,2021,E02005009,2021 super output areas - middle layer,152,Scottish only identity,20
12748,2021,E02005009,2021 super output areas - middle layer,152,Scottish and British only identity,6
12749,2021,E02005009,2021 super output areas - middle layer,152,Northern Irish only identity,5
12750,2021,E02005009,2021 super output areas - middle layer,152,Northern Irish and British only identity,0
12751,2021,E02005009,2021 super output areas - middle layer,152,Cornish only identity,0
12752,2021,E02005009,2021 super output areas - middle layer,152,Cornish and British only identity,0
12753,2021,E02005009,2021 super output areas - middle layer,152,Any other combination of only UK identities ,6
12754,2021,E02005009,2021 super output areas - middle layer,152,Irish only identity,17
12755,2021,E02005009,2021 super output areas - middle layer,152,Irish and at least one UK identity,4
12756,2021,E02005009,2021 super output areas - middle layer,152,Other identity only,144
12757,2021,E02005009,2021 super output areas - middle layer,152,Other identity and at least one UK identity,48
12758,2021,E02005009,2021 super output areas - middle layer,152,Non-UK identity only,161
12759,2021,E02005009,2021 super output areas - middle layer,152,UK identity and non-UK identity,52
12760,2021,E02007046,2021 super output areas - middle layer,152,Total: All usual residents,7030
12761,2021,E02007046,2021 super output areas - middle layer,152,British only identity,3928
12762,2021,E02007046,2021 super output areas - middle layer,152,English only identity,1173
12763,2021,E02007046,2021 super output areas - middle layer,152,English and British only identity,1062
12764,2021,E02007046,2021 super output areas - middle layer,152,Welsh only identity,16
12765,2021,E02007046,2021 super output areas - middle layer,152,Welsh and British only identity,2
12766,2021,E02007046,2021 super output areas - middle layer,152,Any other combination of only UK identities,61
12767,2021,E02007046,2021 super output areas - middle layer,152,Scottish only identity,26
12768,2021,E02007046,2021 super output areas - middle layer,152,Scottish and British only identity,14
12769,2021,E02007046,2021 super output areas - middle layer,152,Northern Irish only identity,9
12770,2021,E02007046,2021 super output areas - middle layer,152,Northern Irish and British only identity,3
12771,2021,E02007046,2021 super output areas - middle layer,152,Cornish only identity,0
12772,2021,E02007046,2021 super output areas - middle layer,152,Cornish and British only identity,0
12773,2021,E02007046,2021 super output areas - middle layer,152,Any other combination of only UK identities ,9
12774,2021,E02007046,2021 super output areas - middle layer,152,Irish only identity,14
12775,2021,E02007046,2021 super output areas - middle layer,152,Irish and at least one UK identity,5
12776,2021,E02007046,2021 super output areas - middle layer,152,Other identity only,634
12777,2021,E02007046,2021 super output areas - middle layer,152,Other identity and at least one UK identity,135
12778,2021,E02007046,2021 super output areas - middle layer,152,Non-UK identity only,648
12779,2021,E02007046,2021 super output areas - middle layer,152,UK identity and non-UK identity,140
12780,2021,E02007047,2021 super output areas - middle layer,152,Total: All usual residents,8842
12781,2021,E02007047,2021 super output areas - middle layer,152,British only identity,4956
12782,2021,E02007047,2021 super output areas - middle layer,152,English only identity,1225
12783,2021,E02007047,2021 super output areas - middle layer,152,English and British only identity,1279
12784,2021,E02007047,2021 super output areas - middle layer,152,Welsh only identity,28
12785,2021,E02007047,2021 super output areas - middle layer,152,Welsh and British only identity,5
12786,2021,E02007047,2021 super output areas - middle layer,152,Any other combination of only UK identities,67
12787,2021,E02007047,2021 super output areas - middle layer,152,Scottish only identity,37
12788,2021,E02007047,2021 super output areas - middle layer,152,Scottish and British only identity,12
12789,2021,E02007047,2021 super output areas - middle layer,152,Northern Irish only identity,9
12790,2021,E02007047,2021 super output areas - middle layer,152,Northern Irish and British only identity,4
12791,2021,E02007047,2021 super output areas - middle layer,152,Cornish only identity,0
12792,2021,E02007047,2021 super output areas - middle layer,152,Cornish and British only identity,0
12793,2021,E02007047,2021 super output areas - middle layer,152,Any other combination of only UK identities ,5
12794,2021,E02007047,2021 super output areas - middle layer,152,Irish only identity,29
12795,2021,E02007047,2021 super output areas - middle layer,152,Irish and at least one UK identity,5
12796,2021,E02007047,2021 super output areas - middle layer,152,Other identity only,1032
12797,2021,E02007047,2021 super output areas - middle layer,152,Other identity and at least one UK identity,216
12798,2021,E02007047,2021 super output areas - middle layer,152,Non-UK identity only,1061
12799,2021,E02007047,2021 super output areas - middle layer,152,UK identity and non-UK identity,221
12800,2021,E02005010,2021 super output areas - middle layer,152,Total: All usual residents,7590
12801,2021,E02005010,2021 super output areas - middle layer,152,British only identity,4297
12802,2021,E02005010,2021 super output areas - middle layer,152,English only identity,1515
12803,2021,E02005010,2021 super output areas - middle layer,152,English and British only identity,1185
12804,2021,E02005010,2021 super output areas - middle layer,152,Welsh only identity,23
12805,2021,E02005010,2021 super output areas - middle layer,152,Welsh and British only identity,5
12806,2021,E02005010,2021 super output areas - middle layer,152,Any other combination of only UK identities,64
12807,2021,E02005010,2021 super output areas - middle layer,152,Scottish only identity,27
12808,2021,E02005010,2021 super output areas - middle layer,152,Scottish and British only identity,12
12809,2021,E02005010,2021 super output areas - middle layer,152,Northern Irish only identity,13
12810,2021,E02005010,2021 super output areas - middle layer,152,Northern Irish and British only identity,2
12811,2021,E02005010,2021 super output areas - middle layer,152,Cornish only identity,1
12812,2021,E02005010,2021 super output areas - middle layer,152,Cornish and British only identity,0
12813,2021,E02005010,2021 super output areas - middle layer,152,Any other combination of only UK identities ,9
12814,2021,E02005010,2021 super output areas - middle layer,152,Irish only identity,26
12815,2021,E02005010,2021 super output areas - middle layer,152,Irish and at least one UK identity,16
12816,2021,E02005010,2021 super output areas - middle layer,152,Other identity only,367
12817,2021,E02005010,2021 super output areas - middle layer,152,Other identity and at least one UK identity,92
12818,2021,E02005010,2021 super output areas - middle layer,152,Non-UK identity only,393
12819,2021,E02005010,2021 super output areas - middle layer,152,UK identity and non-UK identity,108
12820,2021,E02005011,2021 super output areas - middle layer,152,Total: All usual residents,7487
12821,2021,E02005011,2021 super output areas - middle layer,152,British only identity,4118
12822,2021,E02005011,2021 super output areas - middle layer,152,English only identity,2004
12823,2021,E02005011,2021 super output areas - middle layer,152,English and British only identity,1079
12824,2021,E02005011,2021 super output areas - middle layer,152,Welsh only identity,30
12825,2021,E02005011,2021 super output areas - middle layer,152,Welsh and British only identity,10
12826,2021,E02005011,2021 super output areas - middle layer,152,Any other combination of only UK identities,69
12827,2021,E02005011,2021 super output areas - middle layer,152,Scottish only identity,35
12828,2021,E02005011,2021 super output areas - middle layer,152,Scottish and British only identity,12
12829,2021,E02005011,2021 super output areas - middle layer,152,Northern Irish only identity,5
12830,2021,E02005011,2021 super output areas - middle layer,152,Northern Irish and British only identity,5
12831,2021,E02005011,2021 super output areas - middle layer,152,Cornish only identity,5
12832,2021,E02005011,2021 super output areas - middle layer,152,Cornish and British only identity,0
12833,2021,E02005011,2021 super output areas - middle layer,152,Any other combination of only UK identities ,7
12834,2021,E02005011,2021 super output areas - middle layer,152,Irish only identity,21
12835,2021,E02005011,2021 super output areas - middle layer,152,Irish and at least one UK identity,5
12836,2021,E02005011,2021 super output areas - middle layer,152,Other identity only,118
12837,2021,E02005011,2021 super output areas - middle layer,152,Other identity and at least one UK identity,33
12838,2021,E02005011,2021 super output areas - middle layer,152,Non-UK identity only,139
12839,2021,E02005011,2021 super output areas - middle layer,152,UK identity and non-UK identity,38
12840,2021,E02005012,2021 super output areas - middle layer,152,Total: All usual residents,8960
12841,2021,E02005012,2021 super output areas - middle layer,152,British only identity,4854
12842,2021,E02005012,2021 super output areas - middle layer,152,English only identity,2182
12843,2021,E02005012,2021 super output areas - middle layer,152,English and British only identity,1543
12844,2021,E02005012,2021 super output areas - middle layer,152,Welsh only identity,8
12845,2021,E02005012,2021 super output areas - middle layer,152,Welsh and British only identity,11
12846,2021,E02005012,2021 super output areas - middle layer,152,Any other combination of only UK identities,83
12847,2021,E02005012,2021 super output areas - middle layer,152,Scottish only identity,30
12848,2021,E02005012,2021 super output areas - middle layer,152,Scottish and British only identity,17
12849,2021,E02005012,2021 super output areas - middle layer,152,Northern Irish only identity,15
12850,2021,E02005012,2021 super output areas - middle layer,152,Northern Irish and British only identity,10
12851,2021,E02005012,2021 super output areas - middle layer,152,Cornish only identity,0
12852,2021,E02005012,2021 super output areas - middle layer,152,Cornish and British only identity,0
12853,2021,E02005012,2021 super output areas - middle layer,152,Any other combination of only UK identities ,11
12854,2021,E02005012,2021 super output areas - middle layer,152,Irish only identity,23
12855,2021,E02005012,2021 super output areas - middle layer,152,Irish and at least one UK identity,12
12856,2021,E02005012,2021 super output areas - middle layer,152,Other identity only,178
12857,2021,E02005012,2021 super output areas - middle layer,152,Other identity and at least one UK identity,66
12858,2021,E02005012,2021 super output areas - middle layer,152,Non-UK identity only,201
12859,2021,E02005012,2021 super output areas - middle layer,152,UK identity and non-UK identity,78
12860,2021,E02005013,2021 super output areas - middle layer,152,Total: All usual residents,8218
12861,2021,E02005013,2021 super output areas - middle layer,152,British only identity,4587
12862,2021,E02005013,2021 super output areas - middle layer,152,English only identity,2016
12863,2021,E02005013,2021 super output areas - middle layer,152,English and British only identity,1252
12864,2021,E02005013,2021 super output areas - middle layer,152,Welsh only identity,19
12865,2021,E02005013,2021 super output areas - middle layer,152,Welsh and British only identity,7
12866,2021,E02005013,2021 super output areas - middle layer,152,Any other combination of only UK identities,57
12867,2021,E02005013,2021 super output areas - middle layer,152,Scottish only identity,26
12868,2021,E02005013,2021 super output areas - middle layer,152,Scottish and British only identity,7
12869,2021,E02005013,2021 super output areas - middle layer,152,Northern Irish only identity,20
12870,2021,E02005013,2021 super output areas - middle layer,152,Northern Irish and British only identity,1
12871,2021,E02005013,2021 super output areas - middle layer,152,Cornish only identity,1
12872,2021,E02005013,2021 super output areas - middle layer,152,Cornish and British only identity,1
12873,2021,E02005013,2021 super output areas - middle layer,152,Any other combination of only UK identities ,1
12874,2021,E02005013,2021 super output areas - middle layer,152,Irish only identity,48
12875,2021,E02005013,2021 super output areas - middle layer,152,Irish and at least one UK identity,14
12876,2021,E02005013,2021 super output areas - middle layer,152,Other identity only,161
12877,2021,E02005013,2021 super output areas - middle layer,152,Other identity and at least one UK identity,57
12878,2021,E02005013,2021 super output areas - middle layer,152,Non-UK identity only,209
12879,2021,E02005013,2021 super output areas - middle layer,152,UK identity and non-UK identity,71
12880,2021,E02005014,2021 super output areas - middle layer,152,Total: All usual residents,8437
12881,2021,E02005014,2021 super output areas - middle layer,152,British only identity,4744
12882,2021,E02005014,2021 super output areas - middle layer,152,English only identity,1925
12883,2021,E02005014,2021 super output areas - middle layer,152,English and British only identity,1309
12884,2021,E02005014,2021 super output areas - middle layer,152,Welsh only identity,18
12885,2021,E02005014,2021 super output areas - middle layer,152,Welsh and British only identity,8
12886,2021,E02005014,2021 super output areas - middle layer,152,Any other combination of only UK identities,78
12887,2021,E02005014,2021 super output areas - middle layer,152,Scottish only identity,33
12888,2021,E02005014,2021 super output areas - middle layer,152,Scottish and British only identity,12
12889,2021,E02005014,2021 super output areas - middle layer,152,Northern Irish only identity,13
12890,2021,E02005014,2021 super output areas - middle layer,152,Northern Irish and British only identity,1
12891,2021,E02005014,2021 super output areas - middle layer,152,Cornish only identity,0
12892,2021,E02005014,2021 super output areas - middle layer,152,Cornish and British only identity,0
12893,2021,E02005014,2021 super output areas - middle layer,152,Any other combination of only UK identities ,19
12894,2021,E02005014,2021 super output areas - middle layer,152,Irish only identity,53
12895,2021,E02005014,2021 super output areas - middle layer,152,Irish and at least one UK identity,16
12896,2021,E02005014,2021 super output areas - middle layer,152,Other identity only,202
12897,2021,E02005014,2021 super output areas - middle layer,152,Other identity and at least one UK identity,84
12898,2021,E02005014,2021 super output areas - middle layer,152,Non-UK identity only,255
12899,2021,E02005014,2021 super output areas - middle layer,152,UK identity and non-UK identity,100
12900,2021,E02005015,2021 super output areas - middle layer,152,Total: All usual residents,9647
12901,2021,E02005015,2021 super output areas - middle layer,152,British only identity,5662
12902,2021,E02005015,2021 super output areas - middle layer,152,English only identity,1982
12903,2021,E02005015,2021 super output areas - middle layer,152,English and British only identity,1659
12904,2021,E02005015,2021 super output areas - middle layer,152,Welsh only identity,15
12905,2021,E02005015,2021 super output areas - middle layer,152,Welsh and British only identity,4
12906,2021,E02005015,2021 super output areas - middle layer,152,Any other combination of only UK identities,62
12907,2021,E02005015,2021 super output areas - middle layer,152,Scottish only identity,26
12908,2021,E02005015,2021 super output areas - middle layer,152,Scottish and British only identity,10
12909,2021,E02005015,2021 super output areas - middle layer,152,Northern Irish only identity,16
12910,2021,E02005015,2021 super output areas - middle layer,152,Northern Irish and British only identity,3
12911,2021,E02005015,2021 super output areas - middle layer,152,Cornish only identity,2
12912,2021,E02005015,2021 super output areas - middle layer,152,Cornish and British only identity,0
12913,2021,E02005015,2021 super output areas - middle layer,152,Any other combination of only UK identities ,5
12914,2021,E02005015,2021 super output areas - middle layer,152,Irish only identity,17
12915,2021,E02005015,2021 super output areas - middle layer,152,Irish and at least one UK identity,7
12916,2021,E02005015,2021 super output areas - middle layer,152,Other identity only,159
12917,2021,E02005015,2021 super output areas - middle layer,152,Other identity and at least one UK identity,80
12918,2021,E02005015,2021 super output areas - middle layer,152,Non-UK identity only,176
12919,2021,E02005015,2021 super output areas - middle layer,152,UK identity and non-UK identity,87
12920,2021,E02005016,2021 super output areas - middle layer,152,Total: All usual residents,7807
12921,2021,E02005016,2021 super output areas - middle layer,152,British only identity,4539
12922,2021,E02005016,2021 super output areas - middle layer,152,English only identity,1507
12923,2021,E02005016,2021 super output areas - middle layer,152,English and British only identity,1177
12924,2021,E02005016,2021 super output areas - middle layer,152,Welsh only identity,18
12925,2021,E02005016,2021 super output areas - middle layer,152,Welsh and British only identity,13
12926,2021,E02005016,2021 super output areas - middle layer,152,Any other combination of only UK identities,86
12927,2021,E02005016,2021 super output areas - middle layer,152,Scottish only identity,36
12928,2021,E02005016,2021 super output areas - middle layer,152,Scottish and British only identity,12
12929,2021,E02005016,2021 super output areas - middle layer,152,Northern Irish only identity,19
12930,2021,E02005016,2021 super output areas - middle layer,152,Northern Irish and British only identity,2
12931,2021,E02005016,2021 super output areas - middle layer,152,Cornish only identity,1
12932,2021,E02005016,2021 super output areas - middle layer,152,Cornish and British only identity,0
12933,2021,E02005016,2021 super output areas - middle layer,152,Any other combination of only UK identities ,16
12934,2021,E02005016,2021 super output areas - middle layer,152,Irish only identity,45
12935,2021,E02005016,2021 super output areas - middle layer,152,Irish and at least one UK identity,11
12936,2021,E02005016,2021 super output areas - middle layer,152,Other identity only,278
12937,2021,E02005016,2021 super output areas - middle layer,152,Other identity and at least one UK identity,133
12938,2021,E02005016,2021 super output areas - middle layer,152,Non-UK identity only,323
12939,2021,E02005016,2021 super output areas - middle layer,152,UK identity and non-UK identity,144
12940,2021,E02005017,2021 super output areas - middle layer,152,Total: All usual residents,6639
12941,2021,E02005017,2021 super output areas - middle layer,152,British only identity,3899
12942,2021,E02005017,2021 super output areas - middle layer,152,English only identity,1167
12943,2021,E02005017,2021 super output areas - middle layer,152,English and British only identity,869
12944,2021,E02005017,2021 super output areas - middle layer,152,Welsh only identity,32
12945,2021,E02005017,2021 super output areas - middle layer,152,Welsh and British only identity,11
12946,2021,E02005017,2021 super output areas - middle layer,152,Any other combination of only UK identities,59
12947,2021,E02005017,2021 super output areas - middle layer,152,Scottish only identity,19
12948,2021,E02005017,2021 super output areas - middle layer,152,Scottish and British only identity,10
12949,2021,E02005017,2021 super output areas - middle layer,152,Northern Irish only identity,12
12950,2021,E02005017,2021 super output areas - middle layer,152,Northern Irish and British only identity,6
12951,2021,E02005017,2021 super output areas - middle layer,152,Cornish only identity,0
12952,2021,E02005017,2021 super output areas - middle layer,152,Cornish and British only identity,0
12953,2021,E02005017,2021 super output areas - middle layer,152,Any other combination of only UK identities ,12
12954,2021,E02005017,2021 super output areas - middle layer,152,Irish only identity,50
12955,2021,E02005017,2021 super output areas - middle layer,152,Irish and at least one UK identity,30
12956,2021,E02005017,2021 super output areas - middle layer,152,Other identity only,359
12957,2021,E02005017,2021 super output areas - middle layer,152,Other identity and at least one UK identity,163
12958,2021,E02005017,2021 super output areas - middle layer,152,Non-UK identity only,409
12959,2021,E02005017,2021 super output areas - middle layer,152,UK identity and non-UK identity,193
12960,2021,E02005018,2021 super output areas - middle layer,152,Total: All usual residents,8735
12961,2021,E02005018,2021 super output areas - middle layer,152,British only identity,4945
12962,2021,E02005018,2021 super output areas - middle layer,152,English only identity,1957
12963,2021,E02005018,2021 super output areas - middle layer,152,English and British only identity,1371
12964,2021,E02005018,2021 super output areas - middle layer,152,Welsh only identity,18
12965,2021,E02005018,2021 super output areas - middle layer,152,Welsh and British only identity,8
12966,2021,E02005018,2021 super output areas - middle layer,152,Any other combination of only UK identities,105
12967,2021,E02005018,2021 super output areas - middle layer,152,Scottish only identity,38
12968,2021,E02005018,2021 super output areas - middle layer,152,Scottish and British only identity,22
12969,2021,E02005018,2021 super output areas - middle layer,152,Northern Irish only identity,16
12970,2021,E02005018,2021 super output areas - middle layer,152,Northern Irish and British only identity,5
12971,2021,E02005018,2021 super output areas - middle layer,152,Cornish only identity,1
12972,2021,E02005018,2021 super output areas - middle layer,152,Cornish and British only identity,0
12973,2021,E02005018,2021 super output areas - middle layer,152,Any other combination of only UK identities ,23
12974,2021,E02005018,2021 super output areas - middle layer,152,Irish only identity,34
12975,2021,E02005018,2021 super output areas - middle layer,152,Irish and at least one UK identity,3
12976,2021,E02005018,2021 super output areas - middle layer,152,Other identity only,215
12977,2021,E02005018,2021 super output areas - middle layer,152,Other identity and at least one UK identity,79
12978,2021,E02005018,2021 super output areas - middle layer,152,Non-UK identity only,249
12979,2021,E02005018,2021 super output areas - middle layer,152,UK identity and non-UK identity,82
12980,2021,E02005019,2021 super output areas - middle layer,152,Total: All usual residents,6522
12981,2021,E02005019,2021 super output areas - middle layer,152,British only identity,3818
12982,2021,E02005019,2021 super output areas - middle layer,152,English only identity,1102
12983,2021,E02005019,2021 super output areas - middle layer,152,English and British only identity,1013
12984,2021,E02005019,2021 super output areas - middle layer,152,Welsh only identity,26
12985,2021,E02005019,2021 super output areas - middle layer,152,Welsh and British only identity,7
12986,2021,E02005019,2021 super output areas - middle layer,152,Any other combination of only UK identities,69
12987,2021,E02005019,2021 super output areas - middle layer,152,Scottish only identity,26
12988,2021,E02005019,2021 super output areas - middle layer,152,Scottish and British only identity,9
12989,2021,E02005019,2021 super output areas - middle layer,152,Northern Irish only identity,18
12990,2021,E02005019,2021 super output areas - middle layer,152,Northern Irish and British only identity,8
12991,2021,E02005019,2021 super output areas - middle layer,152,Cornish only identity,0
12992,2021,E02005019,2021 super output areas - middle layer,152,Cornish and British only identity,0
12993,2021,E02005019,2021 super output areas - middle layer,152,Any other combination of only UK identities ,8
12994,2021,E02005019,2021 super output areas - middle layer,152,Irish only identity,29
12995,2021,E02005019,2021 super output areas - middle layer,152,Irish and at least one UK identity,8
12996,2021,E02005019,2021 super output areas - middle layer,152,Other identity only,355
12997,2021,E02005019,2021 super output areas - middle layer,152,Other identity and at least one UK identity,95
12998,2021,E02005019,2021 super output areas - middle layer,152,Non-UK identity only,384
12999,2021,E02005019,2021 super output areas - middle layer,152,UK identity and non-UK identity,103
13000,2021,E02005020,2021 super output areas - middle layer,152,Total: All usual residents,7523
13001,2021,E02005020,2021 super output areas - middle layer,152,British only identity,4155
13002,2021,E02005020,2021 super output areas - middle layer,152,English only identity,1438
13003,2021,E02005020,2021 super output areas - middle layer,152,English and British only identity,1200
13004,2021,E02005020,2021 super output areas - middle layer,152,Welsh only identity,13
13005,2021,E02005020,2021 super output areas - middle layer,152,Welsh and British only identity,5
13006,2021,E02005020,2021 super output areas - middle layer,152,Any other combination of only UK identities,61
13007,2021,E02005020,2021 super output areas - middle layer,152,Scottish only identity,26
13008,2021,E02005020,2021 super output areas - middle layer,152,Scottish and British only identity,9
13009,2021,E02005020,2021 super output areas - middle layer,152,Northern Irish only identity,11
13010,2021,E02005020,2021 super output areas - middle layer,152,Northern Irish and British only identity,5
13011,2021,E02005020,2021 super output areas - middle layer,152,Cornish only identity,0
13012,2021,E02005020,2021 super output areas - middle layer,152,Cornish and British only identity,0
13013,2021,E02005020,2021 super output areas - middle layer,152,Any other combination of only UK identities ,10
13014,2021,E02005020,2021 super output areas - middle layer,152,Irish only identity,19
13015,2021,E02005020,2021 super output areas - middle layer,152,Irish and at least one UK identity,8
13016,2021,E02005020,2021 super output areas - middle layer,152,Other identity only,485
13017,2021,E02005020,2021 super output areas - middle layer,152,Other identity and at least one UK identity,139
13018,2021,E02005020,2021 super output areas - middle layer,152,Non-UK identity only,504
13019,2021,E02005020,2021 super output areas - middle layer,152,UK identity and non-UK identity,147
13020,2021,E02005021,2021 super output areas - middle layer,152,Total: All usual residents,11030
13021,2021,E02005021,2021 super output areas - middle layer,152,British only identity,5875
13022,2021,E02005021,2021 super output areas - middle layer,152,English only identity,1383
13023,2021,E02005021,2021 super output areas - middle layer,152,English and British only identity,1632
13024,2021,E02005021,2021 super output areas - middle layer,152,Welsh only identity,42
13025,2021,E02005021,2021 super output areas - middle layer,152,Welsh and British only identity,13
13026,2021,E02005021,2021 super output areas - middle layer,152,Any other combination of only UK identities,144
13027,2021,E02005021,2021 super output areas - middle layer,152,Scottish only identity,40
13028,2021,E02005021,2021 super output areas - middle layer,152,Scottish and British only identity,18
13029,2021,E02005021,2021 super output areas - middle layer,152,Northern Irish only identity,11
13030,2021,E02005021,2021 super output areas - middle layer,152,Northern Irish and British only identity,14
13031,2021,E02005021,2021 super output areas - middle layer,152,Cornish only identity,13
13032,2021,E02005021,2021 super output areas - middle layer,152,Cornish and British only identity,0
13033,2021,E02005021,2021 super output areas - middle layer,152,Any other combination of only UK identities ,48
13034,2021,E02005021,2021 super output areas - middle layer,152,Irish only identity,48
13035,2021,E02005021,2021 super output areas - middle layer,152,Irish and at least one UK identity,35
13036,2021,E02005021,2021 super output areas - middle layer,152,Other identity only,1436
13037,2021,E02005021,2021 super output areas - middle layer,152,Other identity and at least one UK identity,422
13038,2021,E02005021,2021 super output areas - middle layer,152,Non-UK identity only,1484
13039,2021,E02005021,2021 super output areas - middle layer,152,UK identity and non-UK identity,457
13040,2021,E02005022,2021 super output areas - middle layer,152,Total: All usual residents,8061
13041,2021,E02005022,2021 super output areas - middle layer,152,British only identity,4475
13042,2021,E02005022,2021 super output areas - middle layer,152,English only identity,962
13043,2021,E02005022,2021 super output areas - middle layer,152,English and British only identity,1274
13044,2021,E02005022,2021 super output areas - middle layer,152,Welsh only identity,18
13045,2021,E02005022,2021 super output areas - middle layer,152,Welsh and British only identity,16
13046,2021,E02005022,2021 super output areas - middle layer,152,Any other combination of only UK identities,92
13047,2021,E02005022,2021 super output areas - middle layer,152,Scottish only identity,30
13048,2021,E02005022,2021 super output areas - middle layer,152,Scottish and British only identity,11
13049,2021,E02005022,2021 super output areas - middle layer,152,Northern Irish only identity,16
13050,2021,E02005022,2021 super output areas - middle layer,152,Northern Irish and British only identity,8
13051,2021,E02005022,2021 super output areas - middle layer,152,Cornish only identity,2
13052,2021,E02005022,2021 super output areas - middle layer,152,Cornish and British only identity,0
13053,2021,E02005022,2021 super output areas - middle layer,152,Any other combination of only UK identities ,25
13054,2021,E02005022,2021 super output areas - middle layer,152,Irish only identity,49
13055,2021,E02005022,2021 super output areas - middle layer,152,Irish and at least one UK identity,10
13056,2021,E02005022,2021 super output areas - middle layer,152,Other identity only,893
13057,2021,E02005022,2021 super output areas - middle layer,152,Other identity and at least one UK identity,272
13058,2021,E02005022,2021 super output areas - middle layer,152,Non-UK identity only,942
13059,2021,E02005022,2021 super output areas - middle layer,152,UK identity and non-UK identity,282
13060,2021,E02005023,2021 super output areas - middle layer,152,Total: All usual residents,9729
13061,2021,E02005023,2021 super output areas - middle layer,152,British only identity,5147
13062,2021,E02005023,2021 super output areas - middle layer,152,English only identity,1080
13063,2021,E02005023,2021 super output areas - middle layer,152,English and British only identity,1492
13064,2021,E02005023,2021 super output areas - middle layer,152,Welsh only identity,12
13065,2021,E02005023,2021 super output areas - middle layer,152,Welsh and British only identity,10
13066,2021,E02005023,2021 super output areas - middle layer,152,Any other combination of only UK identities,88
13067,2021,E02005023,2021 super output areas - middle layer,152,Scottish only identity,33
13068,2021,E02005023,2021 super output areas - middle layer,152,Scottish and British only identity,11
13069,2021,E02005023,2021 super output areas - middle layer,152,Northern Irish only identity,12
13070,2021,E02005023,2021 super output areas - middle layer,152,Northern Irish and British only identity,4
13071,2021,E02005023,2021 super output areas - middle layer,152,Cornish only identity,3
13072,2021,E02005023,2021 super output areas - middle layer,152,Cornish and British only identity,0
13073,2021,E02005023,2021 super output areas - middle layer,152,Any other combination of only UK identities ,25
13074,2021,E02005023,2021 super output areas - middle layer,152,Irish only identity,33
13075,2021,E02005023,2021 super output areas - middle layer,152,Irish and at least one UK identity,10
13076,2021,E02005023,2021 super output areas - middle layer,152,Other identity only,1547
13077,2021,E02005023,2021 super output areas - middle layer,152,Other identity and at least one UK identity,310
13078,2021,E02005023,2021 super output areas - middle layer,152,Non-UK identity only,1580
13079,2021,E02005023,2021 super output areas - middle layer,152,UK identity and non-UK identity,320
13080,2021,E02005025,2021 super output areas - middle layer,152,Total: All usual residents,9895
13081,2021,E02005025,2021 super output areas - middle layer,152,British only identity,5143
13082,2021,E02005025,2021 super output areas - middle layer,152,English only identity,1148
13083,2021,E02005025,2021 super output areas - middle layer,152,English and British only identity,1478
13084,2021,E02005025,2021 super output areas - middle layer,152,Welsh only identity,20
13085,2021,E02005025,2021 super output areas - middle layer,152,Welsh and British only identity,17
13086,2021,E02005025,2021 super output areas - middle layer,152,Any other combination of only UK identities,158
13087,2021,E02005025,2021 super output areas - middle layer,152,Scottish only identity,67
13088,2021,E02005025,2021 super output areas - middle layer,152,Scottish and British only identity,33
13089,2021,E02005025,2021 super output areas - middle layer,152,Northern Irish only identity,15
13090,2021,E02005025,2021 super output areas - middle layer,152,Northern Irish and British only identity,14
13091,2021,E02005025,2021 super output areas - middle layer,152,Cornish only identity,2
13092,2021,E02005025,2021 super output areas - middle layer,152,Cornish and British only identity,0
13093,2021,E02005025,2021 super output areas - middle layer,152,Any other combination of only UK identities ,27
13094,2021,E02005025,2021 super output areas - middle layer,152,Irish only identity,70
13095,2021,E02005025,2021 super output areas - middle layer,152,Irish and at least one UK identity,23
13096,2021,E02005025,2021 super output areas - middle layer,152,Other identity only,1448
13097,2021,E02005025,2021 super output areas - middle layer,152,Other identity and at least one UK identity,390
13098,2021,E02005025,2021 super output areas - middle layer,152,Non-UK identity only,1518
13099,2021,E02005025,2021 super output areas - middle layer,152,UK identity and non-UK identity,413
13100,2021,E02005026,2021 super output areas - middle layer,152,Total: All usual residents,8079
13101,2021,E02005026,2021 super output areas - middle layer,152,British only identity,4790
13102,2021,E02005026,2021 super output areas - middle layer,152,English only identity,1311
13103,2021,E02005026,2021 super output areas - middle layer,152,English and British only identity,1190
13104,2021,E02005026,2021 super output areas - middle layer,152,Welsh only identity,13
13105,2021,E02005026,2021 super output areas - middle layer,152,Welsh and British only identity,9
13106,2021,E02005026,2021 super output areas - middle layer,152,Any other combination of only UK identities,64
13107,2021,E02005026,2021 super output areas - middle layer,152,Scottish only identity,20
13108,2021,E02005026,2021 super output areas - middle layer,152,Scottish and British only identity,13
13109,2021,E02005026,2021 super output areas - middle layer,152,Northern Irish only identity,7
13110,2021,E02005026,2021 super output areas - middle layer,152,Northern Irish and British only identity,6
13111,2021,E02005026,2021 super output areas - middle layer,152,Cornish only identity,0
13112,2021,E02005026,2021 super output areas - middle layer,152,Cornish and British only identity,1
13113,2021,E02005026,2021 super output areas - middle layer,152,Any other combination of only UK identities ,17
13114,2021,E02005026,2021 super output areas - middle layer,152,Irish only identity,26
13115,2021,E02005026,2021 super output areas - middle layer,152,Irish and at least one UK identity,15
13116,2021,E02005026,2021 super output areas - middle layer,152,Other identity only,495
13117,2021,E02005026,2021 super output areas - middle layer,152,Other identity and at least one UK identity,166
13118,2021,E02005026,2021 super output areas - middle layer,152,Non-UK identity only,521
13119,2021,E02005026,2021 super output areas - middle layer,152,UK identity and non-UK identity,181
13120,2021,E02005027,2021 super output areas - middle layer,152,Total: All usual residents,5518
13121,2021,E02005027,2021 super output areas - middle layer,152,British only identity,3172
13122,2021,E02005027,2021 super output areas - middle layer,152,English only identity,1044
13123,2021,E02005027,2021 super output areas - middle layer,152,English and British only identity,876
13124,2021,E02005027,2021 super output areas - middle layer,152,Welsh only identity,28
13125,2021,E02005027,2021 super output areas - middle layer,152,Welsh and British only identity,9
13126,2021,E02005027,2021 super output areas - middle layer,152,Any other combination of only UK identities,80
13127,2021,E02005027,2021 super output areas - middle layer,152,Scottish only identity,30
13128,2021,E02005027,2021 super output areas - middle layer,152,Scottish and British only identity,14
13129,2021,E02005027,2021 super output areas - middle layer,152,Northern Irish only identity,10
13130,2021,E02005027,2021 super output areas - middle layer,152,Northern Irish and British only identity,7
13131,2021,E02005027,2021 super output areas - middle layer,152,Cornish only identity,0
13132,2021,E02005027,2021 super output areas - middle layer,152,Cornish and British only identity,1
13133,2021,E02005027,2021 super output areas - middle layer,152,Any other combination of only UK identities ,18
13134,2021,E02005027,2021 super output areas - middle layer,152,Irish only identity,15
13135,2021,E02005027,2021 super output areas - middle layer,152,Irish and at least one UK identity,12
13136,2021,E02005027,2021 super output areas - middle layer,152,Other identity only,174
13137,2021,E02005027,2021 super output areas - middle layer,152,Other identity and at least one UK identity,108
13138,2021,E02005027,2021 super output areas - middle layer,152,Non-UK identity only,189
13139,2021,E02005027,2021 super output areas - middle layer,152,UK identity and non-UK identity,120
13140,2021,E02006855,2021 super output areas - middle layer,152,Total: All usual residents,6417
13141,2021,E02006855,2021 super output areas - middle layer,152,British only identity,3538
13142,2021,E02006855,2021 super output areas - middle layer,152,English only identity,763
13143,2021,E02006855,2021 super output areas - middle layer,152,English and British only identity,892
13144,2021,E02006855,2021 super output areas - middle layer,152,Welsh only identity,10
13145,2021,E02006855,2021 super output areas - middle layer,152,Welsh and British only identity,2
13146,2021,E02006855,2021 super output areas - middle layer,152,Any other combination of only UK identities,56
13147,2021,E02006855,2021 super output areas - middle layer,152,Scottish only identity,19
13148,2021,E02006855,2021 super output areas - middle layer,152,Scottish and British only identity,7
13149,2021,E02006855,2021 super output areas - middle layer,152,Northern Irish only identity,6
13150,2021,E02006855,2021 super output areas - middle layer,152,Northern Irish and British only identity,4
13151,2021,E02006855,2021 super output areas - middle layer,152,Cornish only identity,3
13152,2021,E02006855,2021 super output areas - middle layer,152,Cornish and British only identity,0
13153,2021,E02006855,2021 super output areas - middle layer,152,Any other combination of only UK identities ,17
13154,2021,E02006855,2021 super output areas - middle layer,152,Irish only identity,33
13155,2021,E02006855,2021 super output areas - middle layer,152,Irish and at least one UK identity,13
13156,2021,E02006855,2021 super output areas - middle layer,152,Other identity only,911
13157,2021,E02006855,2021 super output areas - middle layer,152,Other identity and at least one UK identity,199
13158,2021,E02006855,2021 super output areas - middle layer,152,Non-UK identity only,944
13159,2021,E02006855,2021 super output areas - middle layer,152,UK identity and non-UK identity,212
13160,2021,E02006856,2021 super output areas - middle layer,152,Total: All usual residents,11143
13161,2021,E02006856,2021 super output areas - middle layer,152,British only identity,5635
13162,2021,E02006856,2021 super output areas - middle layer,152,English only identity,1295
13163,2021,E02006856,2021 super output areas - middle layer,152,English and British only identity,1474
13164,2021,E02006856,2021 super output areas - middle layer,152,Welsh only identity,32
13165,2021,E02006856,2021 super output areas - middle layer,152,Welsh and British only identity,23
13166,2021,E02006856,2021 super output areas - middle layer,152,Any other combination of only UK identities,144
13167,2021,E02006856,2021 super output areas - middle layer,152,Scottish only identity,57
13168,2021,E02006856,2021 super output areas - middle layer,152,Scottish and British only identity,24
13169,2021,E02006856,2021 super output areas - middle layer,152,Northern Irish only identity,20
13170,2021,E02006856,2021 super output areas - middle layer,152,Northern Irish and British only identity,7
13171,2021,E02006856,2021 super output areas - middle layer,152,Cornish only identity,1
13172,2021,E02006856,2021 super output areas - middle layer,152,Cornish and British only identity,2
13173,2021,E02006856,2021 super output areas - middle layer,152,Any other combination of only UK identities ,33
13174,2021,E02006856,2021 super output areas - middle layer,152,Irish only identity,78
13175,2021,E02006856,2021 super output areas - middle layer,152,Irish and at least one UK identity,20
13176,2021,E02006856,2021 super output areas - middle layer,152,Other identity only,1999
13177,2021,E02006856,2021 super output areas - middle layer,152,Other identity and at least one UK identity,443
13178,2021,E02006856,2021 super output areas - middle layer,152,Non-UK identity only,2077
13179,2021,E02006856,2021 super output areas - middle layer,152,UK identity and non-UK identity,463
13180,2021,E02005028,2021 super output areas - middle layer,152,Total: All usual residents,14367
13181,2021,E02005028,2021 super output areas - middle layer,152,British only identity,8044
13182,2021,E02005028,2021 super output areas - middle layer,152,English only identity,1868
13183,2021,E02005028,2021 super output areas - middle layer,152,English and British only identity,1709
13184,2021,E02005028,2021 super output areas - middle layer,152,Welsh only identity,12
13185,2021,E02005028,2021 super output areas - middle layer,152,Welsh and British only identity,4
13186,2021,E02005028,2021 super output areas - middle layer,152,Any other combination of only UK identities,39
13187,2021,E02005028,2021 super output areas - middle layer,152,Scottish only identity,11
13188,2021,E02005028,2021 super output areas - middle layer,152,Scottish and British only identity,3
13189,2021,E02005028,2021 super output areas - middle layer,152,Northern Irish only identity,11
13190,2021,E02005028,2021 super output areas - middle layer,152,Northern Irish and British only identity,3
13191,2021,E02005028,2021 super output areas - middle layer,152,Cornish only identity,0
13192,2021,E02005028,2021 super output areas - middle layer,152,Cornish and British only identity,0
13193,2021,E02005028,2021 super output areas - middle layer,152,Any other combination of only UK identities ,11
13194,2021,E02005028,2021 super output areas - middle layer,152,Irish only identity,36
13195,2021,E02005028,2021 super output areas - middle layer,152,Irish and at least one UK identity,11
13196,2021,E02005028,2021 super output areas - middle layer,152,Other identity only,2044
13197,2021,E02005028,2021 super output areas - middle layer,152,Other identity and at least one UK identity,600
13198,2021,E02005028,2021 super output areas - middle layer,152,Non-UK identity only,2080
13199,2021,E02005028,2021 super output areas - middle layer,152,UK identity and non-UK identity,611
13200,2021,E02005029,2021 super output areas - middle layer,152,Total: All usual residents,14923
13201,2021,E02005029,2021 super output areas - middle layer,152,British only identity,8496
13202,2021,E02005029,2021 super output areas - middle layer,152,English only identity,2135
13203,2021,E02005029,2021 super output areas - middle layer,152,English and British only identity,1935
13204,2021,E02005029,2021 super output areas - middle layer,152,Welsh only identity,17
13205,2021,E02005029,2021 super output areas - middle layer,152,Welsh and British only identity,8
13206,2021,E02005029,2021 super output areas - middle layer,152,Any other combination of only UK identities,73
13207,2021,E02005029,2021 super output areas - middle layer,152,Scottish only identity,29
13208,2021,E02005029,2021 super output areas - middle layer,152,Scottish and British only identity,15
13209,2021,E02005029,2021 super output areas - middle layer,152,Northern Irish only identity,9
13210,2021,E02005029,2021 super output areas - middle layer,152,Northern Irish and British only identity,5
13211,2021,E02005029,2021 super output areas - middle layer,152,Cornish only identity,2
13212,2021,E02005029,2021 super output areas - middle layer,152,Cornish and British only identity,0
13213,2021,E02005029,2021 super output areas - middle layer,152,Any other combination of only UK identities ,13
13214,2021,E02005029,2021 super output areas - middle layer,152,Irish only identity,77
13215,2021,E02005029,2021 super output areas - middle layer,152,Irish and at least one UK identity,17
13216,2021,E02005029,2021 super output areas - middle layer,152,Other identity only,1757
13217,2021,E02005029,2021 super output areas - middle layer,152,Other identity and at least one UK identity,408
13218,2021,E02005029,2021 super output areas - middle layer,152,Non-UK identity only,1834
13219,2021,E02005029,2021 super output areas - middle layer,152,UK identity and non-UK identity,425
13220,2021,E02005030,2021 super output areas - middle layer,152,Total: All usual residents,12203
13221,2021,E02005030,2021 super output areas - middle layer,152,British only identity,6608
13222,2021,E02005030,2021 super output areas - middle layer,152,English only identity,1754
13223,2021,E02005030,2021 super output areas - middle layer,152,English and British only identity,1323
13224,2021,E02005030,2021 super output areas - middle layer,152,Welsh only identity,9
13225,2021,E02005030,2021 super output areas - middle layer,152,Welsh and British only identity,4
13226,2021,E02005030,2021 super output areas - middle layer,152,Any other combination of only UK identities,59
13227,2021,E02005030,2021 super output areas - middle layer,152,Scottish only identity,22
13228,2021,E02005030,2021 super output areas - middle layer,152,Scottish and British only identity,10
13229,2021,E02005030,2021 super output areas - middle layer,152,Northern Irish only identity,10
13230,2021,E02005030,2021 super output areas - middle layer,152,Northern Irish and British only identity,3
13231,2021,E02005030,2021 super output areas - middle layer,152,Cornish only identity,0
13232,2021,E02005030,2021 super output areas - middle layer,152,Cornish and British only identity,0
13233,2021,E02005030,2021 super output areas - middle layer,152,Any other combination of only UK identities ,14
13234,2021,E02005030,2021 super output areas - middle layer,152,Irish only identity,67
13235,2021,E02005030,2021 super output areas - middle layer,152,Irish and at least one UK identity,14
13236,2021,E02005030,2021 super output areas - middle layer,152,Other identity only,2006
13237,2021,E02005030,2021 super output areas - middle layer,152,Other identity and at least one UK identity,359
13238,2021,E02005030,2021 super output areas - middle layer,152,Non-UK identity only,2073
13239,2021,E02005030,2021 super output areas - middle layer,152,UK identity and non-UK identity,373
13240,2021,E02005031,2021 super output areas - middle layer,152,Total: All usual residents,8140
13241,2021,E02005031,2021 super output areas - middle layer,152,British only identity,4416
13242,2021,E02005031,2021 super output areas - middle layer,152,English only identity,1553
13243,2021,E02005031,2021 super output areas - middle layer,152,English and British only identity,1234
13244,2021,E02005031,2021 super output areas - middle layer,152,Welsh only identity,7
13245,2021,E02005031,2021 super output areas - middle layer,152,Welsh and British only identity,3
13246,2021,E02005031,2021 super output areas - middle layer,152,Any other combination of only UK identities,37
13247,2021,E02005031,2021 super output areas - middle layer,152,Scottish only identity,18
13248,2021,E02005031,2021 super output areas - middle layer,152,Scottish and British only identity,2
13249,2021,E02005031,2021 super output areas - middle layer,152,Northern Irish only identity,9
13250,2021,E02005031,2021 super output areas - middle layer,152,Northern Irish and British only identity,3
13251,2021,E02005031,2021 super output areas - middle layer,152,Cornish only identity,0
13252,2021,E02005031,2021 super output areas - middle layer,152,Cornish and British only identity,0
13253,2021,E02005031,2021 super output areas - middle layer,152,Any other combination of only UK identities ,5
13254,2021,E02005031,2021 super output areas - middle layer,152,Irish only identity,36
13255,2021,E02005031,2021 super output areas - middle layer,152,Irish and at least one UK identity,6
13256,2021,E02005031,2021 super output areas - middle layer,152,Other identity only,706
13257,2021,E02005031,2021 super output areas - middle layer,152,Other identity and at least one UK identity,142
13258,2021,E02005031,2021 super output areas - middle layer,152,Non-UK identity only,742
13259,2021,E02005031,2021 super output areas - middle layer,152,UK identity and non-UK identity,148
13260,2021,E02005032,2021 super output areas - middle layer,152,Total: All usual residents,9726
13261,2021,E02005032,2021 super output areas - middle layer,152,British only identity,5097
13262,2021,E02005032,2021 super output areas - middle layer,152,English only identity,1653
13263,2021,E02005032,2021 super output areas - middle layer,152,English and British only identity,1208
13264,2021,E02005032,2021 super output areas - middle layer,152,Welsh only identity,17
13265,2021,E02005032,2021 super output areas - middle layer,152,Welsh and British only identity,5
13266,2021,E02005032,2021 super output areas - middle layer,152,Any other combination of only UK identities,45
13267,2021,E02005032,2021 super output areas - middle layer,152,Scottish only identity,21
13268,2021,E02005032,2021 super output areas - middle layer,152,Scottish and British only identity,3
13269,2021,E02005032,2021 super output areas - middle layer,152,Northern Irish only identity,3
13270,2021,E02005032,2021 super output areas - middle layer,152,Northern Irish and British only identity,6
13271,2021,E02005032,2021 super output areas - middle layer,152,Cornish only identity,0
13272,2021,E02005032,2021 super output areas - middle layer,152,Cornish and British only identity,0
13273,2021,E02005032,2021 super output areas - middle layer,152,Any other combination of only UK identities ,12
13274,2021,E02005032,2021 super output areas - middle layer,152,Irish only identity,62
13275,2021,E02005032,2021 super output areas - middle layer,152,Irish and at least one UK identity,5
13276,2021,E02005032,2021 super output areas - middle layer,152,Other identity only,1413
13277,2021,E02005032,2021 super output areas - middle layer,152,Other identity and at least one UK identity,221
13278,2021,E02005032,2021 super output areas - middle layer,152,Non-UK identity only,1475
13279,2021,E02005032,2021 super output areas - middle layer,152,UK identity and non-UK identity,226
13280,2021,E02005033,2021 super output areas - middle layer,152,Total: All usual residents,7605
13281,2021,E02005033,2021 super output areas - middle layer,152,British only identity,4162
13282,2021,E02005033,2021 super output areas - middle layer,152,English only identity,1367
13283,2021,E02005033,2021 super output areas - middle layer,152,English and British only identity,1079
13284,2021,E02005033,2021 super output areas - middle layer,152,Welsh only identity,12
13285,2021,E02005033,2021 super output areas - middle layer,152,Welsh and British only identity,6
13286,2021,E02005033,2021 super output areas - middle layer,152,Any other combination of only UK identities,33
13287,2021,E02005033,2021 super output areas - middle layer,152,Scottish only identity,12
13288,2021,E02005033,2021 super output areas - middle layer,152,Scottish and British only identity,4
13289,2021,E02005033,2021 super output areas - middle layer,152,Northern Irish only identity,7
13290,2021,E02005033,2021 super output areas - middle layer,152,Northern Irish and British only identity,4
13291,2021,E02005033,2021 super output areas - middle layer,152,Cornish only identity,0
13292,2021,E02005033,2021 super output areas - middle layer,152,Cornish and British only identity,0
13293,2021,E02005033,2021 super output areas - middle layer,152,Any other combination of only UK identities ,6
13294,2021,E02005033,2021 super output areas - middle layer,152,Irish only identity,69
13295,2021,E02005033,2021 super output areas - middle layer,152,Irish and at least one UK identity,10
13296,2021,E02005033,2021 super output areas - middle layer,152,Other identity only,716
13297,2021,E02005033,2021 super output areas - middle layer,152,Other identity and at least one UK identity,151
13298,2021,E02005033,2021 super output areas - middle layer,152,Non-UK identity only,785
13299,2021,E02005033,2021 super output areas - middle layer,152,UK identity and non-UK identity,161
13300,2021,E02005034,2021 super output areas - middle layer,152,Total: All usual residents,7727
13301,2021,E02005034,2021 super output areas - middle layer,152,British only identity,4236
13302,2021,E02005034,2021 super output areas - middle layer,152,English only identity,1747
13303,2021,E02005034,2021 super output areas - middle layer,152,English and British only identity,1103
13304,2021,E02005034,2021 super output areas - middle layer,152,Welsh only identity,14
13305,2021,E02005034,2021 super output areas - middle layer,152,Welsh and British only identity,5
13306,2021,E02005034,2021 super output areas - middle layer,152,Any other combination of only UK identities,34
13307,2021,E02005034,2021 super output areas - middle layer,152,Scottish only identity,16
13308,2021,E02005034,2021 super output areas - middle layer,152,Scottish and British only identity,7
13309,2021,E02005034,2021 super output areas - middle layer,152,Northern Irish only identity,4
13310,2021,E02005034,2021 super output areas - middle layer,152,Northern Irish and British only identity,0
13311,2021,E02005034,2021 super output areas - middle layer,152,Cornish only identity,0
13312,2021,E02005034,2021 super output areas - middle layer,152,Cornish and British only identity,0
13313,2021,E02005034,2021 super output areas - middle layer,152,Any other combination of only UK identities ,7
13314,2021,E02005034,2021 super output areas - middle layer,152,Irish only identity,33
13315,2021,E02005034,2021 super output areas - middle layer,152,Irish and at least one UK identity,4
13316,2021,E02005034,2021 super output areas - middle layer,152,Other identity only,392
13317,2021,E02005034,2021 super output areas - middle layer,152,Other identity and at least one UK identity,159
13318,2021,E02005034,2021 super output areas - middle layer,152,Non-UK identity only,425
13319,2021,E02005034,2021 super output areas - middle layer,152,UK identity and non-UK identity,163
13320,2021,E02005035,2021 super output areas - middle layer,152,Total: All usual residents,8540
13321,2021,E02005035,2021 super output areas - middle layer,152,British only identity,4843
13322,2021,E02005035,2021 super output areas - middle layer,152,English only identity,1591
13323,2021,E02005035,2021 super output areas - middle layer,152,English and British only identity,1073
13324,2021,E02005035,2021 super output areas - middle layer,152,Welsh only identity,17
13325,2021,E02005035,2021 super output areas - middle layer,152,Welsh and British only identity,1
13326,2021,E02005035,2021 super output areas - middle layer,152,Any other combination of only UK identities,48
13327,2021,E02005035,2021 super output areas - middle layer,152,Scottish only identity,16
13328,2021,E02005035,2021 super output areas - middle layer,152,Scottish and British only identity,10
13329,2021,E02005035,2021 super output areas - middle layer,152,Northern Irish only identity,7
13330,2021,E02005035,2021 super output areas - middle layer,152,Northern Irish and British only identity,4
13331,2021,E02005035,2021 super output areas - middle layer,152,Cornish only identity,0
13332,2021,E02005035,2021 super output areas - middle layer,152,Cornish and British only identity,0
13333,2021,E02005035,2021 super output areas - middle layer,152,Any other combination of only UK identities ,11
13334,2021,E02005035,2021 super output areas - middle layer,152,Irish only identity,21
13335,2021,E02005035,2021 super output areas - middle layer,152,Irish and at least one UK identity,2
13336,2021,E02005035,2021 super output areas - middle layer,152,Other identity only,728
13337,2021,E02005035,2021 super output areas - middle layer,152,Other identity and at least one UK identity,216
13338,2021,E02005035,2021 super output areas - middle layer,152,Non-UK identity only,749
13339,2021,E02005035,2021 super output areas - middle layer,152,UK identity and non-UK identity,218
13340,2021,E02005036,2021 super output areas - middle layer,152,Total: All usual residents,6732
13341,2021,E02005036,2021 super output areas - middle layer,152,British only identity,3736
13342,2021,E02005036,2021 super output areas - middle layer,152,English only identity,1292
13343,2021,E02005036,2021 super output areas - middle layer,152,English and British only identity,883
13344,2021,E02005036,2021 super output areas - middle layer,152,Welsh only identity,12
13345,2021,E02005036,2021 super output areas - middle layer,152,Welsh and British only identity,5
13346,2021,E02005036,2021 super output areas - middle layer,152,Any other combination of only UK identities,25
13347,2021,E02005036,2021 super output areas - middle layer,152,Scottish only identity,10
13348,2021,E02005036,2021 super output areas - middle layer,152,Scottish and British only identity,3
13349,2021,E02005036,2021 super output areas - middle layer,152,Northern Irish only identity,6
13350,2021,E02005036,2021 super output areas - middle layer,152,Northern Irish and British only identity,1
13351,2021,E02005036,2021 super output areas - middle layer,152,Cornish only identity,0
13352,2021,E02005036,2021 super output areas - middle layer,152,Cornish and British only identity,0
13353,2021,E02005036,2021 super output areas - middle layer,152,Any other combination of only UK identities ,5
13354,2021,E02005036,2021 super output areas - middle layer,152,Irish only identity,25
13355,2021,E02005036,2021 super output areas - middle layer,152,Irish and at least one UK identity,0
13356,2021,E02005036,2021 super output areas - middle layer,152,Other identity only,620
13357,2021,E02005036,2021 super output areas - middle layer,152,Other identity and at least one UK identity,134
13358,2021,E02005036,2021 super output areas - middle layer,152,Non-UK identity only,645
13359,2021,E02005036,2021 super output areas - middle layer,152,UK identity and non-UK identity,134
13360,2021,E02005037,2021 super output areas - middle layer,152,Total: All usual residents,7087
13361,2021,E02005037,2021 super output areas - middle layer,152,British only identity,3875
13362,2021,E02005037,2021 super output areas - middle layer,152,English only identity,1728
13363,2021,E02005037,2021 super output areas - middle layer,152,English and British only identity,1015
13364,2021,E02005037,2021 super output areas - middle layer,152,Welsh only identity,9
13365,2021,E02005037,2021 super output areas - middle layer,152,Welsh and British only identity,6
13366,2021,E02005037,2021 super output areas - middle layer,152,Any other combination of only UK identities,52
13367,2021,E02005037,2021 super output areas - middle layer,152,Scottish only identity,22
13368,2021,E02005037,2021 super output areas - middle layer,152,Scottish and British only identity,6
13369,2021,E02005037,2021 super output areas - middle layer,152,Northern Irish only identity,9
13370,2021,E02005037,2021 super output areas - middle layer,152,Northern Irish and British only identity,1
13371,2021,E02005037,2021 super output areas - middle layer,152,Cornish only identity,1
13372,2021,E02005037,2021 super output areas - middle layer,152,Cornish and British only identity,0
13373,2021,E02005037,2021 super output areas - middle layer,152,Any other combination of only UK identities ,13
13374,2021,E02005037,2021 super output areas - middle layer,152,Irish only identity,34
13375,2021,E02005037,2021 super output areas - middle layer,152,Irish and at least one UK identity,2
13376,2021,E02005037,2021 super output areas - middle layer,152,Other identity only,256
13377,2021,E02005037,2021 super output areas - middle layer,152,Other identity and at least one UK identity,110
13378,2021,E02005037,2021 super output areas - middle layer,152,Non-UK identity only,290
13379,2021,E02005037,2021 super output areas - middle layer,152,UK identity and non-UK identity,112
13380,2021,E02005038,2021 super output areas - middle layer,152,Total: All usual residents,6001
13381,2021,E02005038,2021 super output areas - middle layer,152,British only identity,3411
13382,2021,E02005038,2021 super output areas - middle layer,152,English only identity,1429
13383,2021,E02005038,2021 super output areas - middle layer,152,English and British only identity,901
13384,2021,E02005038,2021 super output areas - middle layer,152,Welsh only identity,3
13385,2021,E02005038,2021 super output areas - middle layer,152,Welsh and British only identity,1
13386,2021,E02005038,2021 super output areas - middle layer,152,Any other combination of only UK identities,38
13387,2021,E02005038,2021 super output areas - middle layer,152,Scottish only identity,13
13388,2021,E02005038,2021 super output areas - middle layer,152,Scottish and British only identity,9
13389,2021,E02005038,2021 super output areas - middle layer,152,Northern Irish only identity,3
13390,2021,E02005038,2021 super output areas - middle layer,152,Northern Irish and British only identity,4
13391,2021,E02005038,2021 super output areas - middle layer,152,Cornish only identity,0
13392,2021,E02005038,2021 super output areas - middle layer,152,Cornish and British only identity,0
13393,2021,E02005038,2021 super output areas - middle layer,152,Any other combination of only UK identities ,9
13394,2021,E02005038,2021 super output areas - middle layer,152,Irish only identity,32
13395,2021,E02005038,2021 super output areas - middle layer,152,Irish and at least one UK identity,6
13396,2021,E02005038,2021 super output areas - middle layer,152,Other identity only,133
13397,2021,E02005038,2021 super output areas - middle layer,152,Other identity and at least one UK identity,47
13398,2021,E02005038,2021 super output areas - middle layer,152,Non-UK identity only,165
13399,2021,E02005038,2021 super output areas - middle layer,152,UK identity and non-UK identity,53
13400,2021,E02005039,2021 super output areas - middle layer,152,Total: All usual residents,6872
13401,2021,E02005039,2021 super output areas - middle layer,152,British only identity,3718
13402,2021,E02005039,2021 super output areas - middle layer,152,English only identity,1687
13403,2021,E02005039,2021 super output areas - middle layer,152,English and British only identity,1135
13404,2021,E02005039,2021 super output areas - middle layer,152,Welsh only identity,12
13405,2021,E02005039,2021 super output areas - middle layer,152,Welsh and British only identity,1
13406,2021,E02005039,2021 super output areas - middle layer,152,Any other combination of only UK identities,37
13407,2021,E02005039,2021 super output areas - middle layer,152,Scottish only identity,13
13408,2021,E02005039,2021 super output areas - middle layer,152,Scottish and British only identity,9
13409,2021,E02005039,2021 super output areas - middle layer,152,Northern Irish only identity,6
13410,2021,E02005039,2021 super output areas - middle layer,152,Northern Irish and British only identity,2
13411,2021,E02005039,2021 super output areas - middle layer,152,Cornish only identity,0
13412,2021,E02005039,2021 super output areas - middle layer,152,Cornish and British only identity,2
13413,2021,E02005039,2021 super output areas - middle layer,152,Any other combination of only UK identities ,5
13414,2021,E02005039,2021 super output areas - middle layer,152,Irish only identity,15
13415,2021,E02005039,2021 super output areas - middle layer,152,Irish and at least one UK identity,3
13416,2021,E02005039,2021 super output areas - middle layer,152,Other identity only,220
13417,2021,E02005039,2021 super output areas - middle layer,152,Other identity and at least one UK identity,44
13418,2021,E02005039,2021 super output areas - middle layer,152,Non-UK identity only,235
13419,2021,E02005039,2021 super output areas - middle layer,152,UK identity and non-UK identity,47
13420,2021,E02005040,2021 super output areas - middle layer,152,Total: All usual residents,6833
13421,2021,E02005040,2021 super output areas - middle layer,152,British only identity,3898
13422,2021,E02005040,2021 super output areas - middle layer,152,English only identity,1631
13423,2021,E02005040,2021 super output areas - middle layer,152,English and British only identity,982
13424,2021,E02005040,2021 super output areas - middle layer,152,Welsh only identity,17
13425,2021,E02005040,2021 super output areas - middle layer,152,Welsh and British only identity,5
13426,2021,E02005040,2021 super output areas - middle layer,152,Any other combination of only UK identities,53
13427,2021,E02005040,2021 super output areas - middle layer,152,Scottish only identity,27
13428,2021,E02005040,2021 super output areas - middle layer,152,Scottish and British only identity,8
13429,2021,E02005040,2021 super output areas - middle layer,152,Northern Irish only identity,9
13430,2021,E02005040,2021 super output areas - middle layer,152,Northern Irish and British only identity,2
13431,2021,E02005040,2021 super output areas - middle layer,152,Cornish only identity,0
13432,2021,E02005040,2021 super output areas - middle layer,152,Cornish and British only identity,0
13433,2021,E02005040,2021 super output areas - middle layer,152,Any other combination of only UK identities ,7
13434,2021,E02005040,2021 super output areas - middle layer,152,Irish only identity,37
13435,2021,E02005040,2021 super output areas - middle layer,152,Irish and at least one UK identity,9
13436,2021,E02005040,2021 super output areas - middle layer,152,Other identity only,137
13437,2021,E02005040,2021 super output areas - middle layer,152,Other identity and at least one UK identity,64
13438,2021,E02005040,2021 super output areas - middle layer,152,Non-UK identity only,174
13439,2021,E02005040,2021 super output areas - middle layer,152,UK identity and non-UK identity,73
13440,2021,E02005041,2021 super output areas - middle layer,152,Total: All usual residents,7246
13441,2021,E02005041,2021 super output areas - middle layer,152,British only identity,4226
13442,2021,E02005041,2021 super output areas - middle layer,152,English only identity,1359
13443,2021,E02005041,2021 super output areas - middle layer,152,English and British only identity,1237
13444,2021,E02005041,2021 super output areas - middle layer,152,Welsh only identity,31
13445,2021,E02005041,2021 super output areas - middle layer,152,Welsh and British only identity,9
13446,2021,E02005041,2021 super output areas - middle layer,152,Any other combination of only UK identities,55
13447,2021,E02005041,2021 super output areas - middle layer,152,Scottish only identity,32
13448,2021,E02005041,2021 super output areas - middle layer,152,Scottish and British only identity,11
13449,2021,E02005041,2021 super output areas - middle layer,152,Northern Irish only identity,5
13450,2021,E02005041,2021 super output areas - middle layer,152,Northern Irish and British only identity,3
13451,2021,E02005041,2021 super output areas - middle layer,152,Cornish only identity,0
13452,2021,E02005041,2021 super output areas - middle layer,152,Cornish and British only identity,0
13453,2021,E02005041,2021 super output areas - middle layer,152,Any other combination of only UK identities ,4
13454,2021,E02005041,2021 super output areas - middle layer,152,Irish only identity,23
13455,2021,E02005041,2021 super output areas - middle layer,152,Irish and at least one UK identity,2
13456,2021,E02005041,2021 super output areas - middle layer,152,Other identity only,205
13457,2021,E02005041,2021 super output areas - middle layer,152,Other identity and at least one UK identity,99
13458,2021,E02005041,2021 super output areas - middle layer,152,Non-UK identity only,228
13459,2021,E02005041,2021 super output areas - middle layer,152,UK identity and non-UK identity,101
13460,2021,E02005042,2021 super output areas - middle layer,152,Total: All usual residents,8920
13461,2021,E02005042,2021 super output areas - middle layer,152,British only identity,5138
13462,2021,E02005042,2021 super output areas - middle layer,152,English only identity,1837
13463,2021,E02005042,2021 super output areas - middle layer,152,English and British only identity,1468
13464,2021,E02005042,2021 super output areas - middle layer,152,Welsh only identity,28
13465,2021,E02005042,2021 super output areas - middle layer,152,Welsh and British only identity,13
13466,2021,E02005042,2021 super output areas - middle layer,152,Any other combination of only UK identities,95
13467,2021,E02005042,2021 super output areas - middle layer,152,Scottish only identity,47
13468,2021,E02005042,2021 super output areas - middle layer,152,Scottish and British only identity,23
13469,2021,E02005042,2021 super output areas - middle layer,152,Northern Irish only identity,4
13470,2021,E02005042,2021 super output areas - middle layer,152,Northern Irish and British only identity,1
13471,2021,E02005042,2021 super output areas - middle layer,152,Cornish only identity,2
13472,2021,E02005042,2021 super output areas - middle layer,152,Cornish and British only identity,2
13473,2021,E02005042,2021 super output areas - middle layer,152,Any other combination of only UK identities ,16
13474,2021,E02005042,2021 super output areas - middle layer,152,Irish only identity,25
13475,2021,E02005042,2021 super output areas - middle layer,152,Irish and at least one UK identity,6
13476,2021,E02005042,2021 super output areas - middle layer,152,Other identity only,223
13477,2021,E02005042,2021 super output areas - middle layer,152,Other identity and at least one UK identity,87
13478,2021,E02005042,2021 super output areas - middle layer,152,Non-UK identity only,248
13479,2021,E02005042,2021 super output areas - middle layer,152,UK identity and non-UK identity,93
13480,2021,E02005043,2021 super output areas - middle layer,152,Total: All usual residents,7130
13481,2021,E02005043,2021 super output areas - middle layer,152,British only identity,4141
13482,2021,E02005043,2021 super output areas - middle layer,152,English only identity,1500
13483,2021,E02005043,2021 super output areas - middle layer,152,English and British only identity,1110
13484,2021,E02005043,2021 super output areas - middle layer,152,Welsh only identity,17
13485,2021,E02005043,2021 super output areas - middle layer,152,Welsh and British only identity,5
13486,2021,E02005043,2021 super output areas - middle layer,152,Any other combination of only UK identities,79
13487,2021,E02005043,2021 super output areas - middle layer,152,Scottish only identity,43
13488,2021,E02005043,2021 super output areas - middle layer,152,Scottish and British only identity,6
13489,2021,E02005043,2021 super output areas - middle layer,152,Northern Irish only identity,10
13490,2021,E02005043,2021 super output areas - middle layer,152,Northern Irish and British only identity,5
13491,2021,E02005043,2021 super output areas - middle layer,152,Cornish only identity,0
13492,2021,E02005043,2021 super output areas - middle layer,152,Cornish and British only identity,2
13493,2021,E02005043,2021 super output areas - middle layer,152,Any other combination of only UK identities ,13
13494,2021,E02005043,2021 super output areas - middle layer,152,Irish only identity,34
13495,2021,E02005043,2021 super output areas - middle layer,152,Irish and at least one UK identity,10
13496,2021,E02005043,2021 super output areas - middle layer,152,Other identity only,159
13497,2021,E02005043,2021 super output areas - middle layer,152,Other identity and at least one UK identity,75
13498,2021,E02005043,2021 super output areas - middle layer,152,Non-UK identity only,193
13499,2021,E02005043,2021 super output areas - middle layer,152,UK identity and non-UK identity,85
13500,2021,E02005044,2021 super output areas - middle layer,152,Total: All usual residents,6052
13501,2021,E02005044,2021 super output areas - middle layer,152,British only identity,3526
13502,2021,E02005044,2021 super output areas - middle layer,152,English only identity,1154
13503,2021,E02005044,2021 super output areas - middle layer,152,English and British only identity,852
13504,2021,E02005044,2021 super output areas - middle layer,152,Welsh only identity,27
13505,2021,E02005044,2021 super output areas - middle layer,152,Welsh and British only identity,9
13506,2021,E02005044,2021 super output areas - middle layer,152,Any other combination of only UK identities,90
13507,2021,E02005044,2021 super output areas - middle layer,152,Scottish only identity,45
13508,2021,E02005044,2021 super output areas - middle layer,152,Scottish and British only identity,19
13509,2021,E02005044,2021 super output areas - middle layer,152,Northern Irish only identity,13
13510,2021,E02005044,2021 super output areas - middle layer,152,Northern Irish and British only identity,5
13511,2021,E02005044,2021 super output areas - middle layer,152,Cornish only identity,0
13512,2021,E02005044,2021 super output areas - middle layer,152,Cornish and British only identity,0
13513,2021,E02005044,2021 super output areas - middle layer,152,Any other combination of only UK identities ,8
13514,2021,E02005044,2021 super output areas - middle layer,152,Irish only identity,37
13515,2021,E02005044,2021 super output areas - middle layer,152,Irish and at least one UK identity,9
13516,2021,E02005044,2021 super output areas - middle layer,152,Other identity only,269
13517,2021,E02005044,2021 super output areas - middle layer,152,Other identity and at least one UK identity,79
13518,2021,E02005044,2021 super output areas - middle layer,152,Non-UK identity only,306
13519,2021,E02005044,2021 super output areas - middle layer,152,UK identity and non-UK identity,88
13520,2021,E02005045,2021 super output areas - middle layer,152,Total: All usual residents,9351
13521,2021,E02005045,2021 super output areas - middle layer,152,British only identity,5426
13522,2021,E02005045,2021 super output areas - middle layer,152,English only identity,1810
13523,2021,E02005045,2021 super output areas - middle layer,152,English and British only identity,1665
13524,2021,E02005045,2021 super output areas - middle layer,152,Welsh only identity,43
13525,2021,E02005045,2021 super output areas - middle layer,152,Welsh and British only identity,15
13526,2021,E02005045,2021 super output areas - middle layer,152,Any other combination of only UK identities,82
13527,2021,E02005045,2021 super output areas - middle layer,152,Scottish only identity,32
13528,2021,E02005045,2021 super output areas - middle layer,152,Scottish and British only identity,15
13529,2021,E02005045,2021 super output areas - middle layer,152,Northern Irish only identity,12
13530,2021,E02005045,2021 super output areas - middle layer,152,Northern Irish and British only identity,4
13531,2021,E02005045,2021 super output areas - middle layer,152,Cornish only identity,1
13532,2021,E02005045,2021 super output areas - middle layer,152,Cornish and British only identity,0
13533,2021,E02005045,2021 super output areas - middle layer,152,Any other combination of only UK identities ,18
13534,2021,E02005045,2021 super output areas - middle layer,152,Irish only identity,27
13535,2021,E02005045,2021 super output areas - middle layer,152,Irish and at least one UK identity,12
13536,2021,E02005045,2021 super output areas - middle layer,152,Other identity only,213
13537,2021,E02005045,2021 super output areas - middle layer,152,Other identity and at least one UK identity,58
13538,2021,E02005045,2021 super output areas - middle layer,152,Non-UK identity only,240
13539,2021,E02005045,2021 super output areas - middle layer,152,UK identity and non-UK identity,70
13540,2021,E02005046,2021 super output areas - middle layer,152,Total: All usual residents,8964
13541,2021,E02005046,2021 super output areas - middle layer,152,British only identity,5317
13542,2021,E02005046,2021 super output areas - middle layer,152,English only identity,1359
13543,2021,E02005046,2021 super output areas - middle layer,152,English and British only identity,1617
13544,2021,E02005046,2021 super output areas - middle layer,152,Welsh only identity,18
13545,2021,E02005046,2021 super output areas - middle layer,152,Welsh and British only identity,3
13546,2021,E02005046,2021 super output areas - middle layer,152,Any other combination of only UK identities,55
13547,2021,E02005046,2021 super output areas - middle layer,152,Scottish only identity,26
13548,2021,E02005046,2021 super output areas - middle layer,152,Scottish and British only identity,10
13549,2021,E02005046,2021 super output areas - middle layer,152,Northern Irish only identity,10
13550,2021,E02005046,2021 super output areas - middle layer,152,Northern Irish and British only identity,3
13551,2021,E02005046,2021 super output areas - middle layer,152,Cornish only identity,0
13552,2021,E02005046,2021 super output areas - middle layer,152,Cornish and British only identity,0
13553,2021,E02005046,2021 super output areas - middle layer,152,Any other combination of only UK identities ,6
13554,2021,E02005046,2021 super output areas - middle layer,152,Irish only identity,20
13555,2021,E02005046,2021 super output areas - middle layer,152,Irish and at least one UK identity,4
13556,2021,E02005046,2021 super output areas - middle layer,152,Other identity only,435
13557,2021,E02005046,2021 super output areas - middle layer,152,Other identity and at least one UK identity,136
13558,2021,E02005046,2021 super output areas - middle layer,152,Non-UK identity only,455
13559,2021,E02005046,2021 super output areas - middle layer,152,UK identity and non-UK identity,140
13560,2021,E02005047,2021 super output areas - middle layer,152,Total: All usual residents,7715
13561,2021,E02005047,2021 super output areas - middle layer,152,British only identity,4465
13562,2021,E02005047,2021 super output areas - middle layer,152,English only identity,1583
13563,2021,E02005047,2021 super output areas - middle layer,152,English and British only identity,1292
13564,2021,E02005047,2021 super output areas - middle layer,152,Welsh only identity,25
13565,2021,E02005047,2021 super output areas - middle layer,152,Welsh and British only identity,10
13566,2021,E02005047,2021 super output areas - middle layer,152,Any other combination of only UK identities,69
13567,2021,E02005047,2021 super output areas - middle layer,152,Scottish only identity,36
13568,2021,E02005047,2021 super output areas - middle layer,152,Scottish and British only identity,15
13569,2021,E02005047,2021 super output areas - middle layer,152,Northern Irish only identity,6
13570,2021,E02005047,2021 super output areas - middle layer,152,Northern Irish and British only identity,1
13571,2021,E02005047,2021 super output areas - middle layer,152,Cornish only identity,0
13572,2021,E02005047,2021 super output areas - middle layer,152,Cornish and British only identity,0
13573,2021,E02005047,2021 super output areas - middle layer,152,Any other combination of only UK identities ,11
13574,2021,E02005047,2021 super output areas - middle layer,152,Irish only identity,22
13575,2021,E02005047,2021 super output areas - middle layer,152,Irish and at least one UK identity,9
13576,2021,E02005047,2021 super output areas - middle layer,152,Other identity only,178
13577,2021,E02005047,2021 super output areas - middle layer,152,Other identity and at least one UK identity,62
13578,2021,E02005047,2021 super output areas - middle layer,152,Non-UK identity only,200
13579,2021,E02005047,2021 super output areas - middle layer,152,UK identity and non-UK identity,71
13580,2021,E02005048,2021 super output areas - middle layer,152,Total: All usual residents,6597
13581,2021,E02005048,2021 super output areas - middle layer,152,British only identity,3856
13582,2021,E02005048,2021 super output areas - middle layer,152,English only identity,1370
13583,2021,E02005048,2021 super output areas - middle layer,152,English and British only identity,1061
13584,2021,E02005048,2021 super output areas - middle layer,152,Welsh only identity,36
13585,2021,E02005048,2021 super output areas - middle layer,152,Welsh and British only identity,10
13586,2021,E02005048,2021 super output areas - middle layer,152,Any other combination of only UK identities,47
13587,2021,E02005048,2021 super output areas - middle layer,152,Scottish only identity,17
13588,2021,E02005048,2021 super output areas - middle layer,152,Scottish and British only identity,9
13589,2021,E02005048,2021 super output areas - middle layer,152,Northern Irish only identity,4
13590,2021,E02005048,2021 super output areas - middle layer,152,Northern Irish and British only identity,2
13591,2021,E02005048,2021 super output areas - middle layer,152,Cornish only identity,0
13592,2021,E02005048,2021 super output areas - middle layer,152,Cornish and British only identity,0
13593,2021,E02005048,2021 super output areas - middle layer,152,Any other combination of only UK identities ,15
13594,2021,E02005048,2021 super output areas - middle layer,152,Irish only identity,20
13595,2021,E02005048,2021 super output areas - middle layer,152,Irish and at least one UK identity,4
13596,2021,E02005048,2021 super output areas - middle layer,152,Other identity only,136
13597,2021,E02005048,2021 super output areas - middle layer,152,Other identity and at least one UK identity,57
13598,2021,E02005048,2021 super output areas - middle layer,152,Non-UK identity only,156
13599,2021,E02005048,2021 super output areas - middle layer,152,UK identity and non-UK identity,61
13600,2021,E02005049,2021 super output areas - middle layer,152,Total: All usual residents,6932
13601,2021,E02005049,2021 super output areas - middle layer,152,British only identity,4106
13602,2021,E02005049,2021 super output areas - middle layer,152,English only identity,1457
13603,2021,E02005049,2021 super output areas - middle layer,152,English and British only identity,881
13604,2021,E02005049,2021 super output areas - middle layer,152,Welsh only identity,36
13605,2021,E02005049,2021 super output areas - middle layer,152,Welsh and British only identity,17
13606,2021,E02005049,2021 super output areas - middle layer,152,Any other combination of only UK identities,98
13607,2021,E02005049,2021 super output areas - middle layer,152,Scottish only identity,53
13608,2021,E02005049,2021 super output areas - middle layer,152,Scottish and British only identity,22
13609,2021,E02005049,2021 super output areas - middle layer,152,Northern Irish only identity,7
13610,2021,E02005049,2021 super output areas - middle layer,152,Northern Irish and British only identity,3
13611,2021,E02005049,2021 super output areas - middle layer,152,Cornish only identity,0
13612,2021,E02005049,2021 super output areas - middle layer,152,Cornish and British only identity,0
13613,2021,E02005049,2021 super output areas - middle layer,152,Any other combination of only UK identities ,13
13614,2021,E02005049,2021 super output areas - middle layer,152,Irish only identity,32
13615,2021,E02005049,2021 super output areas - middle layer,152,Irish and at least one UK identity,7
13616,2021,E02005049,2021 super output areas - middle layer,152,Other identity only,216
13617,2021,E02005049,2021 super output areas - middle layer,152,Other identity and at least one UK identity,82
13618,2021,E02005049,2021 super output areas - middle layer,152,Non-UK identity only,248
13619,2021,E02005049,2021 super output areas - middle layer,152,UK identity and non-UK identity,89
13620,2021,E02005050,2021 super output areas - middle layer,152,Total: All usual residents,9705
13621,2021,E02005050,2021 super output areas - middle layer,152,British only identity,5755
13622,2021,E02005050,2021 super output areas - middle layer,152,English only identity,1848
13623,2021,E02005050,2021 super output areas - middle layer,152,English and British only identity,1618
13624,2021,E02005050,2021 super output areas - middle layer,152,Welsh only identity,29
13625,2021,E02005050,2021 super output areas - middle layer,152,Welsh and British only identity,7
13626,2021,E02005050,2021 super output areas - middle layer,152,Any other combination of only UK identities,106
13627,2021,E02005050,2021 super output areas - middle layer,152,Scottish only identity,58
13628,2021,E02005050,2021 super output areas - middle layer,152,Scottish and British only identity,20
13629,2021,E02005050,2021 super output areas - middle layer,152,Northern Irish only identity,14
13630,2021,E02005050,2021 super output areas - middle layer,152,Northern Irish and British only identity,4
13631,2021,E02005050,2021 super output areas - middle layer,152,Cornish only identity,4
13632,2021,E02005050,2021 super output areas - middle layer,152,Cornish and British only identity,0
13633,2021,E02005050,2021 super output areas - middle layer,152,Any other combination of only UK identities ,6
13634,2021,E02005050,2021 super output areas - middle layer,152,Irish only identity,23
13635,2021,E02005050,2021 super output areas - middle layer,152,Irish and at least one UK identity,8
13636,2021,E02005050,2021 super output areas - middle layer,152,Other identity only,226
13637,2021,E02005050,2021 super output areas - middle layer,152,Other identity and at least one UK identity,85
13638,2021,E02005050,2021 super output areas - middle layer,152,Non-UK identity only,249
13639,2021,E02005050,2021 super output areas - middle layer,152,UK identity and non-UK identity,93
13640,2021,E02005051,2021 super output areas - middle layer,152,Total: All usual residents,13604
13641,2021,E02005051,2021 super output areas - middle layer,152,British only identity,7829
13642,2021,E02005051,2021 super output areas - middle layer,152,English only identity,2089
13643,2021,E02005051,2021 super output areas - middle layer,152,English and British only identity,2644
13644,2021,E02005051,2021 super output areas - middle layer,152,Welsh only identity,20
13645,2021,E02005051,2021 super output areas - middle layer,152,Welsh and British only identity,4
13646,2021,E02005051,2021 super output areas - middle layer,152,Any other combination of only UK identities,111
13647,2021,E02005051,2021 super output areas - middle layer,152,Scottish only identity,65
13648,2021,E02005051,2021 super output areas - middle layer,152,Scottish and British only identity,14
13649,2021,E02005051,2021 super output areas - middle layer,152,Northern Irish only identity,10
13650,2021,E02005051,2021 super output areas - middle layer,152,Northern Irish and British only identity,5
13651,2021,E02005051,2021 super output areas - middle layer,152,Cornish only identity,3
13652,2021,E02005051,2021 super output areas - middle layer,152,Cornish and British only identity,0
13653,2021,E02005051,2021 super output areas - middle layer,152,Any other combination of only UK identities ,14
13654,2021,E02005051,2021 super output areas - middle layer,152,Irish only identity,17
13655,2021,E02005051,2021 super output areas - middle layer,152,Irish and at least one UK identity,12
13656,2021,E02005051,2021 super output areas - middle layer,152,Other identity only,761
13657,2021,E02005051,2021 super output areas - middle layer,152,Other identity and at least one UK identity,117
13658,2021,E02005051,2021 super output areas - middle layer,152,Non-UK identity only,778
13659,2021,E02005051,2021 super output areas - middle layer,152,UK identity and non-UK identity,129
13660,2021,E02005052,2021 super output areas - middle layer,152,Total: All usual residents,8350
13661,2021,E02005052,2021 super output areas - middle layer,152,British only identity,4582
13662,2021,E02005052,2021 super output areas - middle layer,152,English only identity,1246
13663,2021,E02005052,2021 super output areas - middle layer,152,English and British only identity,1117
13664,2021,E02005052,2021 super output areas - middle layer,152,Welsh only identity,21
13665,2021,E02005052,2021 super output areas - middle layer,152,Welsh and British only identity,13
13666,2021,E02005052,2021 super output areas - middle layer,152,Any other combination of only UK identities,109
13667,2021,E02005052,2021 super output areas - middle layer,152,Scottish only identity,47
13668,2021,E02005052,2021 super output areas - middle layer,152,Scottish and British only identity,15
13669,2021,E02005052,2021 super output areas - middle layer,152,Northern Irish only identity,10
13670,2021,E02005052,2021 super output areas - middle layer,152,Northern Irish and British only identity,11
13671,2021,E02005052,2021 super output areas - middle layer,152,Cornish only identity,2
13672,2021,E02005052,2021 super output areas - middle layer,152,Cornish and British only identity,0
13673,2021,E02005052,2021 super output areas - middle layer,152,Any other combination of only UK identities ,24
13674,2021,E02005052,2021 super output areas - middle layer,152,Irish only identity,25
13675,2021,E02005052,2021 super output areas - middle layer,152,Irish and at least one UK identity,12
13676,2021,E02005052,2021 super output areas - middle layer,152,Other identity only,1068
13677,2021,E02005052,2021 super output areas - middle layer,152,Other identity and at least one UK identity,157
13678,2021,E02005052,2021 super output areas - middle layer,152,Non-UK identity only,1093
13679,2021,E02005052,2021 super output areas - middle layer,152,UK identity and non-UK identity,169
13680,2021,E02005053,2021 super output areas - middle layer,152,Total: All usual residents,9158
13681,2021,E02005053,2021 super output areas - middle layer,152,British only identity,4912
13682,2021,E02005053,2021 super output areas - middle layer,152,English only identity,1428
13683,2021,E02005053,2021 super output areas - middle layer,152,English and British only identity,1592
13684,2021,E02005053,2021 super output areas - middle layer,152,Welsh only identity,25
13685,2021,E02005053,2021 super output areas - middle layer,152,Welsh and British only identity,12
13686,2021,E02005053,2021 super output areas - middle layer,152,Any other combination of only UK identities,53
13687,2021,E02005053,2021 super output areas - middle layer,152,Scottish only identity,20
13688,2021,E02005053,2021 super output areas - middle layer,152,Scottish and British only identity,15
13689,2021,E02005053,2021 super output areas - middle layer,152,Northern Irish only identity,8
13690,2021,E02005053,2021 super output areas - middle layer,152,Northern Irish and British only identity,2
13691,2021,E02005053,2021 super output areas - middle layer,152,Cornish only identity,0
13692,2021,E02005053,2021 super output areas - middle layer,152,Cornish and British only identity,0
13693,2021,E02005053,2021 super output areas - middle layer,152,Any other combination of only UK identities ,8
13694,2021,E02005053,2021 super output areas - middle layer,152,Irish only identity,30
13695,2021,E02005053,2021 super output areas - middle layer,152,Irish and at least one UK identity,8
13696,2021,E02005053,2021 super output areas - middle layer,152,Other identity only,999
13697,2021,E02005053,2021 super output areas - middle layer,152,Other identity and at least one UK identity,99
13698,2021,E02005053,2021 super output areas - middle layer,152,Non-UK identity only,1029
13699,2021,E02005053,2021 super output areas - middle layer,152,UK identity and non-UK identity,107
13700,2021,E02005054,2021 super output areas - middle layer,152,Total: All usual residents,6686
13701,2021,E02005054,2021 super output areas - middle layer,152,British only identity,3958
13702,2021,E02005054,2021 super output areas - middle layer,152,English only identity,1357
13703,2021,E02005054,2021 super output areas - middle layer,152,English and British only identity,1075
13704,2021,E02005054,2021 super output areas - middle layer,152,Welsh only identity,16
13705,2021,E02005054,2021 super output areas - middle layer,152,Welsh and British only identity,6
13706,2021,E02005054,2021 super output areas - middle layer,152,Any other combination of only UK identities,61
13707,2021,E02005054,2021 super output areas - middle layer,152,Scottish only identity,26
13708,2021,E02005054,2021 super output areas - middle layer,152,Scottish and British only identity,12
13709,2021,E02005054,2021 super output areas - middle layer,152,Northern Irish only identity,8
13710,2021,E02005054,2021 super output areas - middle layer,152,Northern Irish and British only identity,2
13711,2021,E02005054,2021 super output areas - middle layer,152,Cornish only identity,0
13712,2021,E02005054,2021 super output areas - middle layer,152,Cornish and British only identity,0
13713,2021,E02005054,2021 super output areas - middle layer,152,Any other combination of only UK identities ,13
13714,2021,E02005054,2021 super output areas - middle layer,152,Irish only identity,20
13715,2021,E02005054,2021 super output areas - middle layer,152,Irish and at least one UK identity,2
13716,2021,E02005054,2021 super output areas - middle layer,152,Other identity only,140
13717,2021,E02005054,2021 super output areas - middle layer,152,Other identity and at least one UK identity,51
13718,2021,E02005054,2021 super output areas - middle layer,152,Non-UK identity only,160
13719,2021,E02005054,2021 super output areas - middle layer,152,UK identity and non-UK identity,53
13720,2021,E02005055,2021 super output areas - middle layer,152,Total: All usual residents,8396
13721,2021,E02005055,2021 super output areas - middle layer,152,British only identity,4546
13722,2021,E02005055,2021 super output areas - middle layer,152,English only identity,1227
13723,2021,E02005055,2021 super output areas - middle layer,152,English and British only identity,994
13724,2021,E02005055,2021 super output areas - middle layer,152,Welsh only identity,14
13725,2021,E02005055,2021 super output areas - middle layer,152,Welsh and British only identity,5
13726,2021,E02005055,2021 super output areas - middle layer,152,Any other combination of only UK identities,25
13727,2021,E02005055,2021 super output areas - middle layer,152,Scottish only identity,6
13728,2021,E02005055,2021 super output areas - middle layer,152,Scottish and British only identity,7
13729,2021,E02005055,2021 super output areas - middle layer,152,Northern Irish only identity,6
13730,2021,E02005055,2021 super output areas - middle layer,152,Northern Irish and British only identity,1
13731,2021,E02005055,2021 super output areas - middle layer,152,Cornish only identity,0
13732,2021,E02005055,2021 super output areas - middle layer,152,Cornish and British only identity,0
13733,2021,E02005055,2021 super output areas - middle layer,152,Any other combination of only UK identities ,5
13734,2021,E02005055,2021 super output areas - middle layer,152,Irish only identity,46
13735,2021,E02005055,2021 super output areas - middle layer,152,Irish and at least one UK identity,1
13736,2021,E02005055,2021 super output areas - middle layer,152,Other identity only,1352
13737,2021,E02005055,2021 super output areas - middle layer,152,Other identity and at least one UK identity,186
13738,2021,E02005055,2021 super output areas - middle layer,152,Non-UK identity only,1398
13739,2021,E02005055,2021 super output areas - middle layer,152,UK identity and non-UK identity,187
13740,2021,E02005056,2021 super output areas - middle layer,152,Total: All usual residents,10165
13741,2021,E02005056,2021 super output areas - middle layer,152,British only identity,5121
13742,2021,E02005056,2021 super output areas - middle layer,152,English only identity,1175
13743,2021,E02005056,2021 super output areas - middle layer,152,English and British only identity,924
13744,2021,E02005056,2021 super output areas - middle layer,152,Welsh only identity,11
13745,2021,E02005056,2021 super output areas - middle layer,152,Welsh and British only identity,7
13746,2021,E02005056,2021 super output areas - middle layer,152,Any other combination of only UK identities,55
13747,2021,E02005056,2021 super output areas - middle layer,152,Scottish only identity,21
13748,2021,E02005056,2021 super output areas - middle layer,152,Scottish and British only identity,12
13749,2021,E02005056,2021 super output areas - middle layer,152,Northern Irish only identity,10
13750,2021,E02005056,2021 super output areas - middle layer,152,Northern Irish and British only identity,5
13751,2021,E02005056,2021 super output areas - middle layer,152,Cornish only identity,0
13752,2021,E02005056,2021 super output areas - middle layer,152,Cornish and British only identity,0
13753,2021,E02005056,2021 super output areas - middle layer,152,Any other combination of only UK identities ,7
13754,2021,E02005056,2021 super output areas - middle layer,152,Irish only identity,72
13755,2021,E02005056,2021 super output areas - middle layer,152,Irish and at least one UK identity,15
13756,2021,E02005056,2021 super output areas - middle layer,152,Other identity only,2511
13757,2021,E02005056,2021 super output areas - middle layer,152,Other identity and at least one UK identity,274
13758,2021,E02005056,2021 super output areas - middle layer,152,Non-UK identity only,2583
13759,2021,E02005056,2021 super output areas - middle layer,152,UK identity and non-UK identity,289
13760,2021,E02005057,2021 super output areas - middle layer,152,Total: All usual residents,11586
13761,2021,E02005057,2021 super output areas - middle layer,152,British only identity,6303
13762,2021,E02005057,2021 super output areas - middle layer,152,English only identity,1692
13763,2021,E02005057,2021 super output areas - middle layer,152,English and British only identity,1233
13764,2021,E02005057,2021 super output areas - middle layer,152,Welsh only identity,9
13765,2021,E02005057,2021 super output areas - middle layer,152,Welsh and British only identity,5
13766,2021,E02005057,2021 super output areas - middle layer,152,Any other combination of only UK identities,32
13767,2021,E02005057,2021 super output areas - middle layer,152,Scottish only identity,13
13768,2021,E02005057,2021 super output areas - middle layer,152,Scottish and British only identity,3
13769,2021,E02005057,2021 super output areas - middle layer,152,Northern Irish only identity,6
13770,2021,E02005057,2021 super output areas - middle layer,152,Northern Irish and British only identity,1
13771,2021,E02005057,2021 super output areas - middle layer,152,Cornish only identity,0
13772,2021,E02005057,2021 super output areas - middle layer,152,Cornish and British only identity,0
13773,2021,E02005057,2021 super output areas - middle layer,152,Any other combination of only UK identities ,9
13774,2021,E02005057,2021 super output areas - middle layer,152,Irish only identity,67
13775,2021,E02005057,2021 super output areas - middle layer,152,Irish and at least one UK identity,7
13776,2021,E02005057,2021 super output areas - middle layer,152,Other identity only,1969
13777,2021,E02005057,2021 super output areas - middle layer,152,Other identity and at least one UK identity,269
13778,2021,E02005057,2021 super output areas - middle layer,152,Non-UK identity only,2036
13779,2021,E02005057,2021 super output areas - middle layer,152,UK identity and non-UK identity,276
13780,2021,E02005058,2021 super output areas - middle layer,152,Total: All usual residents,8006
13781,2021,E02005058,2021 super output areas - middle layer,152,British only identity,4357
13782,2021,E02005058,2021 super output areas - middle layer,152,English only identity,1173
13783,2021,E02005058,2021 super output areas - middle layer,152,English and British only identity,976
13784,2021,E02005058,2021 super output areas - middle layer,152,Welsh only identity,1
13785,2021,E02005058,2021 super output areas - middle layer,152,Welsh and British only identity,3
13786,2021,E02005058,2021 super output areas - middle layer,152,Any other combination of only UK identities,45
13787,2021,E02005058,2021 super output areas - middle layer,152,Scottish only identity,11
13788,2021,E02005058,2021 super output areas - middle layer,152,Scottish and British only identity,9
13789,2021,E02005058,2021 super output areas - middle layer,152,Northern Irish only identity,6
13790,2021,E02005058,2021 super output areas - middle layer,152,Northern Irish and British only identity,2
13791,2021,E02005058,2021 super output areas - middle layer,152,Cornish only identity,1
13792,2021,E02005058,2021 super output areas - middle layer,152,Cornish and British only identity,0
13793,2021,E02005058,2021 super output areas - middle layer,152,Any other combination of only UK identities ,16
13794,2021,E02005058,2021 super output areas - middle layer,152,Irish only identity,31
13795,2021,E02005058,2021 super output areas - middle layer,152,Irish and at least one UK identity,5
13796,2021,E02005058,2021 super output areas - middle layer,152,Other identity only,1255
13797,2021,E02005058,2021 super output areas - middle layer,152,Other identity and at least one UK identity,160
13798,2021,E02005058,2021 super output areas - middle layer,152,Non-UK identity only,1286
13799,2021,E02005058,2021 super output areas - middle layer,152,UK identity and non-UK identity,165
13800,2021,E02005059,2021 super output areas - middle layer,152,Total: All usual residents,9645
13801,2021,E02005059,2021 super output areas - middle layer,152,British only identity,5515
13802,2021,E02005059,2021 super output areas - middle layer,152,English only identity,1648
13803,2021,E02005059,2021 super output areas - middle layer,152,English and British only identity,1240
13804,2021,E02005059,2021 super output areas - middle layer,152,Welsh only identity,20
13805,2021,E02005059,2021 super output areas - middle layer,152,Welsh and British only identity,3
13806,2021,E02005059,2021 super output areas - middle layer,152,Any other combination of only UK identities,62
13807,2021,E02005059,2021 super output areas - middle layer,152,Scottish only identity,27
13808,2021,E02005059,2021 super output areas - middle layer,152,Scottish and British only identity,11
13809,2021,E02005059,2021 super output areas - middle layer,152,Northern Irish only identity,11
13810,2021,E02005059,2021 super output areas - middle layer,152,Northern Irish and British only identity,0
13811,2021,E02005059,2021 super output areas - middle layer,152,Cornish only identity,0
13812,2021,E02005059,2021 super output areas - middle layer,152,Cornish and British only identity,0
13813,2021,E02005059,2021 super output areas - middle layer,152,Any other combination of only UK identities ,13
13814,2021,E02005059,2021 super output areas - middle layer,152,Irish only identity,56
13815,2021,E02005059,2021 super output areas - middle layer,152,Irish and at least one UK identity,4
13816,2021,E02005059,2021 super output areas - middle layer,152,Other identity only,906
13817,2021,E02005059,2021 super output areas - middle layer,152,Other identity and at least one UK identity,191
13818,2021,E02005059,2021 super output areas - middle layer,152,Non-UK identity only,962
13819,2021,E02005059,2021 super output areas - middle layer,152,UK identity and non-UK identity,195
13820,2021,E02005060,2021 super output areas - middle layer,152,Total: All usual residents,8645
13821,2021,E02005060,2021 super output areas - middle layer,152,British only identity,4817
13822,2021,E02005060,2021 super output areas - middle layer,152,English only identity,1604
13823,2021,E02005060,2021 super output areas - middle layer,152,English and British only identity,1237
13824,2021,E02005060,2021 super output areas - middle layer,152,Welsh only identity,9
13825,2021,E02005060,2021 super output areas - middle layer,152,Welsh and British only identity,2
13826,2021,E02005060,2021 super output areas - middle layer,152,Any other combination of only UK identities,39
13827,2021,E02005060,2021 super output areas - middle layer,152,Scottish only identity,18
13828,2021,E02005060,2021 super output areas - middle layer,152,Scottish and British only identity,9
13829,2021,E02005060,2021 super output areas - middle layer,152,Northern Irish only identity,6
13830,2021,E02005060,2021 super output areas - middle layer,152,Northern Irish and British only identity,2
13831,2021,E02005060,2021 super output areas - middle layer,152,Cornish only identity,0
13832,2021,E02005060,2021 super output areas - middle layer,152,Cornish and British only identity,0
13833,2021,E02005060,2021 super output areas - middle layer,152,Any other combination of only UK identities ,4
13834,2021,E02005060,2021 super output areas - middle layer,152,Irish only identity,35
13835,2021,E02005060,2021 super output areas - middle layer,152,Irish and at least one UK identity,3
13836,2021,E02005060,2021 super output areas - middle layer,152,Other identity only,750
13837,2021,E02005060,2021 super output areas - middle layer,152,Other identity and at least one UK identity,149
13838,2021,E02005060,2021 super output areas - middle layer,152,Non-UK identity only,785
13839,2021,E02005060,2021 super output areas - middle layer,152,UK identity and non-UK identity,152
13840,2021,E02005061,2021 super output areas - middle layer,152,Total: All usual residents,7495
13841,2021,E02005061,2021 super output areas - middle layer,152,British only identity,4171
13842,2021,E02005061,2021 super output areas - middle layer,152,English only identity,1376
13843,2021,E02005061,2021 super output areas - middle layer,152,English and British only identity,1057
13844,2021,E02005061,2021 super output areas - middle layer,152,Welsh only identity,9
13845,2021,E02005061,2021 super output areas - middle layer,152,Welsh and British only identity,3
13846,2021,E02005061,2021 super output areas - middle layer,152,Any other combination of only UK identities,45
13847,2021,E02005061,2021 super output areas - middle layer,152,Scottish only identity,17
13848,2021,E02005061,2021 super output areas - middle layer,152,Scottish and British only identity,11
13849,2021,E02005061,2021 super output areas - middle layer,152,Northern Irish only identity,8
13850,2021,E02005061,2021 super output areas - middle layer,152,Northern Irish and British only identity,1
13851,2021,E02005061,2021 super output areas - middle layer,152,Cornish only identity,0
13852,2021,E02005061,2021 super output areas - middle layer,152,Cornish and British only identity,0
13853,2021,E02005061,2021 super output areas - middle layer,152,Any other combination of only UK identities ,8
13854,2021,E02005061,2021 super output areas - middle layer,152,Irish only identity,33
13855,2021,E02005061,2021 super output areas - middle layer,152,Irish and at least one UK identity,3
13856,2021,E02005061,2021 super output areas - middle layer,152,Other identity only,697
13857,2021,E02005061,2021 super output areas - middle layer,152,Other identity and at least one UK identity,101
13858,2021,E02005061,2021 super output areas - middle layer,152,Non-UK identity only,730
13859,2021,E02005061,2021 super output areas - middle layer,152,UK identity and non-UK identity,104
13860,2021,E02005062,2021 super output areas - middle layer,152,Total: All usual residents,7083
13861,2021,E02005062,2021 super output areas - middle layer,152,British only identity,4112
13862,2021,E02005062,2021 super output areas - middle layer,152,English only identity,1336
13863,2021,E02005062,2021 super output areas - middle layer,152,English and British only identity,1002
13864,2021,E02005062,2021 super output areas - middle layer,152,Welsh only identity,6
13865,2021,E02005062,2021 super output areas - middle layer,152,Welsh and British only identity,0
13866,2021,E02005062,2021 super output areas - middle layer,152,Any other combination of only UK identities,17
13867,2021,E02005062,2021 super output areas - middle layer,152,Scottish only identity,9
13868,2021,E02005062,2021 super output areas - middle layer,152,Scottish and British only identity,2
13869,2021,E02005062,2021 super output areas - middle layer,152,Northern Irish only identity,1
13870,2021,E02005062,2021 super output areas - middle layer,152,Northern Irish and British only identity,2
13871,2021,E02005062,2021 super output areas - middle layer,152,Cornish only identity,0
13872,2021,E02005062,2021 super output areas - middle layer,152,Cornish and British only identity,0
13873,2021,E02005062,2021 super output areas - middle layer,152,Any other combination of only UK identities ,3
13874,2021,E02005062,2021 super output areas - middle layer,152,Irish only identity,38
13875,2021,E02005062,2021 super output areas - middle layer,152,Irish and at least one UK identity,2
13876,2021,E02005062,2021 super output areas - middle layer,152,Other identity only,473
13877,2021,E02005062,2021 super output areas - middle layer,152,Other identity and at least one UK identity,97
13878,2021,E02005062,2021 super output areas - middle layer,152,Non-UK identity only,511
13879,2021,E02005062,2021 super output areas - middle layer,152,UK identity and non-UK identity,99
13880,2021,E02005063,2021 super output areas - middle layer,152,Total: All usual residents,7327
13881,2021,E02005063,2021 super output areas - middle layer,152,British only identity,4299
13882,2021,E02005063,2021 super output areas - middle layer,152,English only identity,1308
13883,2021,E02005063,2021 super output areas - middle layer,152,English and British only identity,1049
13884,2021,E02005063,2021 super output areas - middle layer,152,Welsh only identity,16
13885,2021,E02005063,2021 super output areas - middle layer,152,Welsh and British only identity,3
13886,2021,E02005063,2021 super output areas - middle layer,152,Any other combination of only UK identities,38
13887,2021,E02005063,2021 super output areas - middle layer,152,Scottish only identity,11
13888,2021,E02005063,2021 super output areas - middle layer,152,Scottish and British only identity,11
13889,2021,E02005063,2021 super output areas - middle layer,152,Northern Irish only identity,11
13890,2021,E02005063,2021 super output areas - middle layer,152,Northern Irish and British only identity,1
13891,2021,E02005063,2021 super output areas - middle layer,152,Cornish only identity,1
13892,2021,E02005063,2021 super output areas - middle layer,152,Cornish and British only identity,0
13893,2021,E02005063,2021 super output areas - middle layer,152,Any other combination of only UK identities ,3
13894,2021,E02005063,2021 super output areas - middle layer,152,Irish only identity,44
13895,2021,E02005063,2021 super output areas - middle layer,152,Irish and at least one UK identity,7
13896,2021,E02005063,2021 super output areas - middle layer,152,Other identity only,460
13897,2021,E02005063,2021 super output areas - middle layer,152,Other identity and at least one UK identity,103
13898,2021,E02005063,2021 super output areas - middle layer,152,Non-UK identity only,504
13899,2021,E02005063,2021 super output areas - middle layer,152,UK identity and non-UK identity,110
13900,2021,E02005064,2021 super output areas - middle layer,152,Total: All usual residents,6565
13901,2021,E02005064,2021 super output areas - middle layer,152,British only identity,3839
13902,2021,E02005064,2021 super output areas - middle layer,152,English only identity,1447
13903,2021,E02005064,2021 super output areas - middle layer,152,English and British only identity,918
13904,2021,E02005064,2021 super output areas - middle layer,152,Welsh only identity,18
13905,2021,E02005064,2021 super output areas - middle layer,152,Welsh and British only identity,6
13906,2021,E02005064,2021 super output areas - middle layer,152,Any other combination of only UK identities,47
13907,2021,E02005064,2021 super output areas - middle layer,152,Scottish only identity,22
13908,2021,E02005064,2021 super output areas - middle layer,152,Scottish and British only identity,10
13909,2021,E02005064,2021 super output areas - middle layer,152,Northern Irish only identity,8
13910,2021,E02005064,2021 super output areas - middle layer,152,Northern Irish and British only identity,4
13911,2021,E02005064,2021 super output areas - middle layer,152,Cornish only identity,0
13912,2021,E02005064,2021 super output areas - middle layer,152,Cornish and British only identity,0
13913,2021,E02005064,2021 super output areas - middle layer,152,Any other combination of only UK identities ,3
13914,2021,E02005064,2021 super output areas - middle layer,152,Irish only identity,26
13915,2021,E02005064,2021 super output areas - middle layer,152,Irish and at least one UK identity,9
13916,2021,E02005064,2021 super output areas - middle layer,152,Other identity only,194
13917,2021,E02005064,2021 super output areas - middle layer,152,Other identity and at least one UK identity,61
13918,2021,E02005064,2021 super output areas - middle layer,152,Non-UK identity only,220
13919,2021,E02005064,2021 super output areas - middle layer,152,UK identity and non-UK identity,70
13920,2021,E02005065,2021 super output areas - middle layer,152,Total: All usual residents,8312
13921,2021,E02005065,2021 super output areas - middle layer,152,British only identity,4600
13922,2021,E02005065,2021 super output areas - middle layer,152,English only identity,1551
13923,2021,E02005065,2021 super output areas - middle layer,152,English and British only identity,1286
13924,2021,E02005065,2021 super output areas - middle layer,152,Welsh only identity,14
13925,2021,E02005065,2021 super output areas - middle layer,152,Welsh and British only identity,2
13926,2021,E02005065,2021 super output areas - middle layer,152,Any other combination of only UK identities,35
13927,2021,E02005065,2021 super output areas - middle layer,152,Scottish only identity,11
13928,2021,E02005065,2021 super output areas - middle layer,152,Scottish and British only identity,5
13929,2021,E02005065,2021 super output areas - middle layer,152,Northern Irish only identity,8
13930,2021,E02005065,2021 super output areas - middle layer,152,Northern Irish and British only identity,4
13931,2021,E02005065,2021 super output areas - middle layer,152,Cornish only identity,0
13932,2021,E02005065,2021 super output areas - middle layer,152,Cornish and British only identity,0
13933,2021,E02005065,2021 super output areas - middle layer,152,Any other combination of only UK identities ,7
13934,2021,E02005065,2021 super output areas - middle layer,152,Irish only identity,48
13935,2021,E02005065,2021 super output areas - middle layer,152,Irish and at least one UK identity,3
13936,2021,E02005065,2021 super output areas - middle layer,152,Other identity only,654
13937,2021,E02005065,2021 super output areas - middle layer,152,Other identity and at least one UK identity,119
13938,2021,E02005065,2021 super output areas - middle layer,152,Non-UK identity only,702
13939,2021,E02005065,2021 super output areas - middle layer,152,UK identity and non-UK identity,122
13940,2021,E02005066,2021 super output areas - middle layer,152,Total: All usual residents,7750
13941,2021,E02005066,2021 super output areas - middle layer,152,British only identity,4221
13942,2021,E02005066,2021 super output areas - middle layer,152,English only identity,1955
13943,2021,E02005066,2021 super output areas - middle layer,152,English and British only identity,1191
13944,2021,E02005066,2021 super output areas - middle layer,152,Welsh only identity,24
13945,2021,E02005066,2021 super output areas - middle layer,152,Welsh and British only identity,11
13946,2021,E02005066,2021 super output areas - middle layer,152,Any other combination of only UK identities,61
13947,2021,E02005066,2021 super output areas - middle layer,152,Scottish only identity,32
13948,2021,E02005066,2021 super output areas - middle layer,152,Scottish and British only identity,15
13949,2021,E02005066,2021 super output areas - middle layer,152,Northern Irish only identity,1
13950,2021,E02005066,2021 super output areas - middle layer,152,Northern Irish and British only identity,1
13951,2021,E02005066,2021 super output areas - middle layer,152,Cornish only identity,0
13952,2021,E02005066,2021 super output areas - middle layer,152,Cornish and British only identity,0
13953,2021,E02005066,2021 super output areas - middle layer,152,Any other combination of only UK identities ,12
13954,2021,E02005066,2021 super output areas - middle layer,152,Irish only identity,44
13955,2021,E02005066,2021 super output areas - middle layer,152,Irish and at least one UK identity,7
13956,2021,E02005066,2021 super output areas - middle layer,152,Other identity only,187
13957,2021,E02005066,2021 super output areas - middle layer,152,Other identity and at least one UK identity,49
13958,2021,E02005066,2021 super output areas - middle layer,152,Non-UK identity only,231
13959,2021,E02005066,2021 super output areas - middle layer,152,UK identity and non-UK identity,56
13960,2021,E02005067,2021 super output areas - middle layer,152,Total: All usual residents,5933
13961,2021,E02005067,2021 super output areas - middle layer,152,British only identity,3331
13962,2021,E02005067,2021 super output areas - middle layer,152,English only identity,1444
13963,2021,E02005067,2021 super output areas - middle layer,152,English and British only identity,906
13964,2021,E02005067,2021 super output areas - middle layer,152,Welsh only identity,14
13965,2021,E02005067,2021 super output areas - middle layer,152,Welsh and British only identity,4
13966,2021,E02005067,2021 super output areas - middle layer,152,Any other combination of only UK identities,48
13967,2021,E02005067,2021 super output areas - middle layer,152,Scottish only identity,24
13968,2021,E02005067,2021 super output areas - middle layer,152,Scottish and British only identity,9
13969,2021,E02005067,2021 super output areas - middle layer,152,Northern Irish only identity,7
13970,2021,E02005067,2021 super output areas - middle layer,152,Northern Irish and British only identity,1
13971,2021,E02005067,2021 super output areas - middle layer,152,Cornish only identity,0
13972,2021,E02005067,2021 super output areas - middle layer,152,Cornish and British only identity,0
13973,2021,E02005067,2021 super output areas - middle layer,152,Any other combination of only UK identities ,7
13974,2021,E02005067,2021 super output areas - middle layer,152,Irish only identity,13
13975,2021,E02005067,2021 super output areas - middle layer,152,Irish and at least one UK identity,4
13976,2021,E02005067,2021 super output areas - middle layer,152,Other identity only,132
13977,2021,E02005067,2021 super output areas - middle layer,152,Other identity and at least one UK identity,37
13978,2021,E02005067,2021 super output areas - middle layer,152,Non-UK identity only,145
13979,2021,E02005067,2021 super output areas - middle layer,152,UK identity and non-UK identity,41
13980,2021,E02005068,2021 super output areas - middle layer,152,Total: All usual residents,7177
13981,2021,E02005068,2021 super output areas - middle layer,152,British only identity,4219
13982,2021,E02005068,2021 super output areas - middle layer,152,English only identity,1536
13983,2021,E02005068,2021 super output areas - middle layer,152,English and British only identity,1110
13984,2021,E02005068,2021 super output areas - middle layer,152,Welsh only identity,22
13985,2021,E02005068,2021 super output areas - middle layer,152,Welsh and British only identity,6
13986,2021,E02005068,2021 super output areas - middle layer,152,Any other combination of only UK identities,53
13987,2021,E02005068,2021 super output areas - middle layer,152,Scottish only identity,18
13988,2021,E02005068,2021 super output areas - middle layer,152,Scottish and British only identity,19
13989,2021,E02005068,2021 super output areas - middle layer,152,Northern Irish only identity,4
13990,2021,E02005068,2021 super output areas - middle layer,152,Northern Irish and British only identity,4
13991,2021,E02005068,2021 super output areas - middle layer,152,Cornish only identity,1
13992,2021,E02005068,2021 super output areas - middle layer,152,Cornish and British only identity,0
13993,2021,E02005068,2021 super output areas - middle layer,152,Any other combination of only UK identities ,7
13994,2021,E02005068,2021 super output areas - middle layer,152,Irish only identity,11
13995,2021,E02005068,2021 super output areas - middle layer,152,Irish and at least one UK identity,3
13996,2021,E02005068,2021 super output areas - middle layer,152,Other identity only,154
13997,2021,E02005068,2021 super output areas - middle layer,152,Other identity and at least one UK identity,63
13998,2021,E02005068,2021 super output areas - middle layer,152,Non-UK identity only,165
13999,2021,E02005068,2021 super output areas - middle layer,152,UK identity and non-UK identity,66
14000,2021,E02005069,2021 super output areas - middle layer,152,Total: All usual residents,9083
14001,2021,E02005069,2021 super output areas - middle layer,152,British only identity,5076
14002,2021,E02005069,2021 super output areas - middle layer,152,English only identity,1625
14003,2021,E02005069,2021 super output areas - middle layer,152,English and British only identity,1311
14004,2021,E02005069,2021 super output areas - middle layer,152,Welsh only identity,29
14005,2021,E02005069,2021 super output areas - middle layer,152,Welsh and British only identity,8
14006,2021,E02005069,2021 super output areas - middle layer,152,Any other combination of only UK identities,62
14007,2021,E02005069,2021 super output areas - middle layer,152,Scottish only identity,25
14008,2021,E02005069,2021 super output areas - middle layer,152,Scottish and British only identity,13
14009,2021,E02005069,2021 super output areas - middle layer,152,Northern Irish only identity,5
14010,2021,E02005069,2021 super output areas - middle layer,152,Northern Irish and British only identity,2
14011,2021,E02005069,2021 super output areas - middle layer,152,Cornish only identity,2
14012,2021,E02005069,2021 super output areas - middle layer,152,Cornish and British only identity,3
14013,2021,E02005069,2021 super output areas - middle layer,152,Any other combination of only UK identities ,12
14014,2021,E02005069,2021 super output areas - middle layer,152,Irish only identity,36
14015,2021,E02005069,2021 super output areas - middle layer,152,Irish and at least one UK identity,7
14016,2021,E02005069,2021 super output areas - middle layer,152,Other identity only,784
14017,2021,E02005069,2021 super output areas - middle layer,152,Other identity and at least one UK identity,145
14018,2021,E02005069,2021 super output areas - middle layer,152,Non-UK identity only,820
14019,2021,E02005069,2021 super output areas - middle layer,152,UK identity and non-UK identity,152
14020,2021,E02005070,2021 super output areas - middle layer,152,Total: All usual residents,9751
14021,2021,E02005070,2021 super output areas - middle layer,152,British only identity,5454
14022,2021,E02005070,2021 super output areas - middle layer,152,English only identity,2128
14023,2021,E02005070,2021 super output areas - middle layer,152,English and British only identity,1478
14024,2021,E02005070,2021 super output areas - middle layer,152,Welsh only identity,28
14025,2021,E02005070,2021 super output areas - middle layer,152,Welsh and British only identity,9
14026,2021,E02005070,2021 super output areas - middle layer,152,Any other combination of only UK identities,83
14027,2021,E02005070,2021 super output areas - middle layer,152,Scottish only identity,41
14028,2021,E02005070,2021 super output areas - middle layer,152,Scottish and British only identity,13
14029,2021,E02005070,2021 super output areas - middle layer,152,Northern Irish only identity,6
14030,2021,E02005070,2021 super output areas - middle layer,152,Northern Irish and British only identity,3
14031,2021,E02005070,2021 super output areas - middle layer,152,Cornish only identity,2
14032,2021,E02005070,2021 super output areas - middle layer,152,Cornish and British only identity,0
14033,2021,E02005070,2021 super output areas - middle layer,152,Any other combination of only UK identities ,18
14034,2021,E02005070,2021 super output areas - middle layer,152,Irish only identity,23
14035,2021,E02005070,2021 super output areas - middle layer,152,Irish and at least one UK identity,3
14036,2021,E02005070,2021 super output areas - middle layer,152,Other identity only,392
14037,2021,E02005070,2021 super output areas - middle layer,152,Other identity and at least one UK identity,153
14038,2021,E02005070,2021 super output areas - middle layer,152,Non-UK identity only,415
14039,2021,E02005070,2021 super output areas - middle layer,152,UK identity and non-UK identity,156
14040,2021,E02005071,2021 super output areas - middle layer,152,Total: All usual residents,12294
14041,2021,E02005071,2021 super output areas - middle layer,152,British only identity,5714
14042,2021,E02005071,2021 super output areas - middle layer,152,English only identity,1711
14043,2021,E02005071,2021 super output areas - middle layer,152,English and British only identity,1372
14044,2021,E02005071,2021 super output areas - middle layer,152,Welsh only identity,7
14045,2021,E02005071,2021 super output areas - middle layer,152,Welsh and British only identity,3
14046,2021,E02005071,2021 super output areas - middle layer,152,Any other combination of only UK identities,77
14047,2021,E02005071,2021 super output areas - middle layer,152,Scottish only identity,23
14048,2021,E02005071,2021 super output areas - middle layer,152,Scottish and British only identity,13
14049,2021,E02005071,2021 super output areas - middle layer,152,Northern Irish only identity,7
14050,2021,E02005071,2021 super output areas - middle layer,152,Northern Irish and British only identity,8
14051,2021,E02005071,2021 super output areas - middle layer,152,Cornish only identity,2
14052,2021,E02005071,2021 super output areas - middle layer,152,Cornish and British only identity,0
14053,2021,E02005071,2021 super output areas - middle layer,152,Any other combination of only UK identities ,24
14054,2021,E02005071,2021 super output areas - middle layer,152,Irish only identity,63
14055,2021,E02005071,2021 super output areas - middle layer,152,Irish and at least one UK identity,9
14056,2021,E02005071,2021 super output areas - middle layer,152,Other identity only,3033
14057,2021,E02005071,2021 super output areas - middle layer,152,Other identity and at least one UK identity,305
14058,2021,E02005071,2021 super output areas - middle layer,152,Non-UK identity only,3096
14059,2021,E02005071,2021 super output areas - middle layer,152,UK identity and non-UK identity,314
14060,2021,E02005072,2021 super output areas - middle layer,152,Total: All usual residents,8040
14061,2021,E02005072,2021 super output areas - middle layer,152,British only identity,4637
14062,2021,E02005072,2021 super output areas - middle layer,152,English only identity,1541
14063,2021,E02005072,2021 super output areas - middle layer,152,English and British only identity,1225
14064,2021,E02005072,2021 super output areas - middle layer,152,Welsh only identity,26
14065,2021,E02005072,2021 super output areas - middle layer,152,Welsh and British only identity,13
14066,2021,E02005072,2021 super output areas - middle layer,152,Any other combination of only UK identities,64
14067,2021,E02005072,2021 super output areas - middle layer,152,Scottish only identity,22
14068,2021,E02005072,2021 super output areas - middle layer,152,Scottish and British only identity,21
14069,2021,E02005072,2021 super output areas - middle layer,152,Northern Irish only identity,6
14070,2021,E02005072,2021 super output areas - middle layer,152,Northern Irish and British only identity,4
14071,2021,E02005072,2021 super output areas - middle layer,152,Cornish only identity,1
14072,2021,E02005072,2021 super output areas - middle layer,152,Cornish and British only identity,0
14073,2021,E02005072,2021 super output areas - middle layer,152,Any other combination of only UK identities ,10
14074,2021,E02005072,2021 super output areas - middle layer,152,Irish only identity,28
14075,2021,E02005072,2021 super output areas - middle layer,152,Irish and at least one UK identity,7
14076,2021,E02005072,2021 super output areas - middle layer,152,Other identity only,377
14077,2021,E02005072,2021 super output areas - middle layer,152,Other identity and at least one UK identity,122
14078,2021,E02005072,2021 super output areas - middle layer,152,Non-UK identity only,405
14079,2021,E02005072,2021 super output areas - middle layer,152,UK identity and non-UK identity,129
14080,2021,E02005073,2021 super output areas - middle layer,152,Total: All usual residents,12365
14081,2021,E02005073,2021 super output areas - middle layer,152,British only identity,6459
14082,2021,E02005073,2021 super output areas - middle layer,152,English only identity,1712
14083,2021,E02005073,2021 super output areas - middle layer,152,English and British only identity,1572
14084,2021,E02005073,2021 super output areas - middle layer,152,Welsh only identity,25
14085,2021,E02005073,2021 super output areas - middle layer,152,Welsh and British only identity,9
14086,2021,E02005073,2021 super output areas - middle layer,152,Any other combination of only UK identities,82
14087,2021,E02005073,2021 super output areas - middle layer,152,Scottish only identity,42
14088,2021,E02005073,2021 super output areas - middle layer,152,Scottish and British only identity,13
14089,2021,E02005073,2021 super output areas - middle layer,152,Northern Irish only identity,7
14090,2021,E02005073,2021 super output areas - middle layer,152,Northern Irish and British only identity,5
14091,2021,E02005073,2021 super output areas - middle layer,152,Cornish only identity,3
14092,2021,E02005073,2021 super output areas - middle layer,152,Cornish and British only identity,0
14093,2021,E02005073,2021 super output areas - middle layer,152,Any other combination of only UK identities ,12
14094,2021,E02005073,2021 super output areas - middle layer,152,Irish only identity,38
14095,2021,E02005073,2021 super output areas - middle layer,152,Irish and at least one UK identity,17
14096,2021,E02005073,2021 super output areas - middle layer,152,Other identity only,2171
14097,2021,E02005073,2021 super output areas - middle layer,152,Other identity and at least one UK identity,280
14098,2021,E02005073,2021 super output areas - middle layer,152,Non-UK identity only,2209
14099,2021,E02005073,2021 super output areas - middle layer,152,UK identity and non-UK identity,297
14100,2021,E02005074,2021 super output areas - middle layer,152,Total: All usual residents,8031
14101,2021,E02005074,2021 super output areas - middle layer,152,British only identity,4674
14102,2021,E02005074,2021 super output areas - middle layer,152,English only identity,1648
14103,2021,E02005074,2021 super output areas - middle layer,152,English and British only identity,1224
14104,2021,E02005074,2021 super output areas - middle layer,152,Welsh only identity,34
14105,2021,E02005074,2021 super output areas - middle layer,152,Welsh and British only identity,8
14106,2021,E02005074,2021 super output areas - middle layer,152,Any other combination of only UK identities,75
14107,2021,E02005074,2021 super output areas - middle layer,152,Scottish only identity,26
14108,2021,E02005074,2021 super output areas - middle layer,152,Scottish and British only identity,19
14109,2021,E02005074,2021 super output areas - middle layer,152,Northern Irish only identity,15
14110,2021,E02005074,2021 super output areas - middle layer,152,Northern Irish and British only identity,1
14111,2021,E02005074,2021 super output areas - middle layer,152,Cornish only identity,3
14112,2021,E02005074,2021 super output areas - middle layer,152,Cornish and British only identity,0
14113,2021,E02005074,2021 super output areas - middle layer,152,Any other combination of only UK identities ,11
14114,2021,E02005074,2021 super output areas - middle layer,152,Irish only identity,59
14115,2021,E02005074,2021 super output areas - middle layer,152,Irish and at least one UK identity,4
14116,2021,E02005074,2021 super output areas - middle layer,152,Other identity only,242
14117,2021,E02005074,2021 super output areas - middle layer,152,Other identity and at least one UK identity,63
14118,2021,E02005074,2021 super output areas - middle layer,152,Non-UK identity only,301
14119,2021,E02005074,2021 super output areas - middle layer,152,UK identity and non-UK identity,67
14120,2021,E02005075,2021 super output areas - middle layer,152,Total: All usual residents,11062
14121,2021,E02005075,2021 super output areas - middle layer,152,British only identity,6147
14122,2021,E02005075,2021 super output areas - middle layer,152,English only identity,1705
14123,2021,E02005075,2021 super output areas - middle layer,152,English and British only identity,1521
14124,2021,E02005075,2021 super output areas - middle layer,152,Welsh only identity,18
14125,2021,E02005075,2021 super output areas - middle layer,152,Welsh and British only identity,10
14126,2021,E02005075,2021 super output areas - middle layer,152,Any other combination of only UK identities,55
14127,2021,E02005075,2021 super output areas - middle layer,152,Scottish only identity,17
14128,2021,E02005075,2021 super output areas - middle layer,152,Scottish and British only identity,12
14129,2021,E02005075,2021 super output areas - middle layer,152,Northern Irish only identity,6
14130,2021,E02005075,2021 super output areas - middle layer,152,Northern Irish and British only identity,3
14131,2021,E02005075,2021 super output areas - middle layer,152,Cornish only identity,2
14132,2021,E02005075,2021 super output areas - middle layer,152,Cornish and British only identity,0
14133,2021,E02005075,2021 super output areas - middle layer,152,Any other combination of only UK identities ,15
14134,2021,E02005075,2021 super output areas - middle layer,152,Irish only identity,32
14135,2021,E02005075,2021 super output areas - middle layer,152,Irish and at least one UK identity,11
14136,2021,E02005075,2021 super output areas - middle layer,152,Other identity only,1304
14137,2021,E02005075,2021 super output areas - middle layer,152,Other identity and at least one UK identity,259
14138,2021,E02005075,2021 super output areas - middle layer,152,Non-UK identity only,1336
14139,2021,E02005075,2021 super output areas - middle layer,152,UK identity and non-UK identity,270
14140,2021,E02005076,2021 super output areas - middle layer,152,Total: All usual residents,10013
14141,2021,E02005076,2021 super output areas - middle layer,152,British only identity,5377
14142,2021,E02005076,2021 super output areas - middle layer,152,English only identity,1427
14143,2021,E02005076,2021 super output areas - middle layer,152,English and British only identity,1421
14144,2021,E02005076,2021 super output areas - middle layer,152,Welsh only identity,21
14145,2021,E02005076,2021 super output areas - middle layer,152,Welsh and British only identity,5
14146,2021,E02005076,2021 super output areas - middle layer,152,Any other combination of only UK identities,63
14147,2021,E02005076,2021 super output areas - middle layer,152,Scottish only identity,25
14148,2021,E02005076,2021 super output areas - middle layer,152,Scottish and British only identity,10
14149,2021,E02005076,2021 super output areas - middle layer,152,Northern Irish only identity,4
14150,2021,E02005076,2021 super output areas - middle layer,152,Northern Irish and British only identity,2
14151,2021,E02005076,2021 super output areas - middle layer,152,Cornish only identity,7
14152,2021,E02005076,2021 super output areas - middle layer,152,Cornish and British only identity,0
14153,2021,E02005076,2021 super output areas - middle layer,152,Any other combination of only UK identities ,15
14154,2021,E02005076,2021 super output areas - middle layer,152,Irish only identity,33
14155,2021,E02005076,2021 super output areas - middle layer,152,Irish and at least one UK identity,10
14156,2021,E02005076,2021 super output areas - middle layer,152,Other identity only,1468
14157,2021,E02005076,2021 super output areas - middle layer,152,Other identity and at least one UK identity,188
14158,2021,E02005076,2021 super output areas - middle layer,152,Non-UK identity only,1501
14159,2021,E02005076,2021 super output areas - middle layer,152,UK identity and non-UK identity,198
14160,2021,E02005077,2021 super output areas - middle layer,152,Total: All usual residents,8101
14161,2021,E02005077,2021 super output areas - middle layer,152,British only identity,4467
14162,2021,E02005077,2021 super output areas - middle layer,152,English only identity,1492
14163,2021,E02005077,2021 super output areas - middle layer,152,English and British only identity,1272
14164,2021,E02005077,2021 super output areas - middle layer,152,Welsh only identity,22
14165,2021,E02005077,2021 super output areas - middle layer,152,Welsh and British only identity,4
14166,2021,E02005077,2021 super output areas - middle layer,152,Any other combination of only UK identities,55
14167,2021,E02005077,2021 super output areas - middle layer,152,Scottish only identity,26
14168,2021,E02005077,2021 super output areas - middle layer,152,Scottish and British only identity,14
14169,2021,E02005077,2021 super output areas - middle layer,152,Northern Irish only identity,7
14170,2021,E02005077,2021 super output areas - middle layer,152,Northern Irish and British only identity,1
14171,2021,E02005077,2021 super output areas - middle layer,152,Cornish only identity,1
14172,2021,E02005077,2021 super output areas - middle layer,152,Cornish and British only identity,0
14173,2021,E02005077,2021 super output areas - middle layer,152,Any other combination of only UK identities ,6
14174,2021,E02005077,2021 super output areas - middle layer,152,Irish only identity,16
14175,2021,E02005077,2021 super output areas - middle layer,152,Irish and at least one UK identity,1
14176,2021,E02005077,2021 super output areas - middle layer,152,Other identity only,654
14177,2021,E02005077,2021 super output areas - middle layer,152,Other identity and at least one UK identity,118
14178,2021,E02005077,2021 super output areas - middle layer,152,Non-UK identity only,670
14179,2021,E02005077,2021 super output areas - middle layer,152,UK identity and non-UK identity,119
14180,2021,E02005078,2021 super output areas - middle layer,152,Total: All usual residents,9764
14181,2021,E02005078,2021 super output areas - middle layer,152,British only identity,5486
14182,2021,E02005078,2021 super output areas - middle layer,152,English only identity,2130
14183,2021,E02005078,2021 super output areas - middle layer,152,English and British only identity,1641
14184,2021,E02005078,2021 super output areas - middle layer,152,Welsh only identity,34
14185,2021,E02005078,2021 super output areas - middle layer,152,Welsh and British only identity,13
14186,2021,E02005078,2021 super output areas - middle layer,152,Any other combination of only UK identities,89
14187,2021,E02005078,2021 super output areas - middle layer,152,Scottish only identity,40
14188,2021,E02005078,2021 super output areas - middle layer,152,Scottish and British only identity,16
14189,2021,E02005078,2021 super output areas - middle layer,152,Northern Irish only identity,7
14190,2021,E02005078,2021 super output areas - middle layer,152,Northern Irish and British only identity,7
14191,2021,E02005078,2021 super output areas - middle layer,152,Cornish only identity,0
14192,2021,E02005078,2021 super output areas - middle layer,152,Cornish and British only identity,0
14193,2021,E02005078,2021 super output areas - middle layer,152,Any other combination of only UK identities ,19
14194,2021,E02005078,2021 super output areas - middle layer,152,Irish only identity,37
14195,2021,E02005078,2021 super output areas - middle layer,152,Irish and at least one UK identity,7
14196,2021,E02005078,2021 super output areas - middle layer,152,Other identity only,263
14197,2021,E02005078,2021 super output areas - middle layer,152,Other identity and at least one UK identity,64
14198,2021,E02005078,2021 super output areas - middle layer,152,Non-UK identity only,300
14199,2021,E02005078,2021 super output areas - middle layer,152,UK identity and non-UK identity,71
14200,2021,E02005079,2021 super output areas - middle layer,152,Total: All usual residents,9052
14201,2021,E02005079,2021 super output areas - middle layer,152,British only identity,5132
14202,2021,E02005079,2021 super output areas - middle layer,152,English only identity,1776
14203,2021,E02005079,2021 super output areas - middle layer,152,English and British only identity,1465
14204,2021,E02005079,2021 super output areas - middle layer,152,Welsh only identity,29
14205,2021,E02005079,2021 super output areas - middle layer,152,Welsh and British only identity,5
14206,2021,E02005079,2021 super output areas - middle layer,152,Any other combination of only UK identities,52
14207,2021,E02005079,2021 super output areas - middle layer,152,Scottish only identity,19
14208,2021,E02005079,2021 super output areas - middle layer,152,Scottish and British only identity,7
14209,2021,E02005079,2021 super output areas - middle layer,152,Northern Irish only identity,9
14210,2021,E02005079,2021 super output areas - middle layer,152,Northern Irish and British only identity,8
14211,2021,E02005079,2021 super output areas - middle layer,152,Cornish only identity,1
14212,2021,E02005079,2021 super output areas - middle layer,152,Cornish and British only identity,0
14213,2021,E02005079,2021 super output areas - middle layer,152,Any other combination of only UK identities ,8
14214,2021,E02005079,2021 super output areas - middle layer,152,Irish only identity,29
14215,2021,E02005079,2021 super output areas - middle layer,152,Irish and at least one UK identity,6
14216,2021,E02005079,2021 super output areas - middle layer,152,Other identity only,458
14217,2021,E02005079,2021 super output areas - middle layer,152,Other identity and at least one UK identity,100
14218,2021,E02005079,2021 super output areas - middle layer,152,Non-UK identity only,487
14219,2021,E02005079,2021 super output areas - middle layer,152,UK identity and non-UK identity,106
14220,2021,E02005080,2021 super output areas - middle layer,152,Total: All usual residents,12178
14221,2021,E02005080,2021 super output areas - middle layer,152,British only identity,6759
14222,2021,E02005080,2021 super output areas - middle layer,152,English only identity,2026
14223,2021,E02005080,2021 super output areas - middle layer,152,English and British only identity,2245
14224,2021,E02005080,2021 super output areas - middle layer,152,Welsh only identity,11
14225,2021,E02005080,2021 super output areas - middle layer,152,Welsh and British only identity,5
14226,2021,E02005080,2021 super output areas - middle layer,152,Any other combination of only UK identities,48
14227,2021,E02005080,2021 super output areas - middle layer,152,Scottish only identity,14
14228,2021,E02005080,2021 super output areas - middle layer,152,Scottish and British only identity,10
14229,2021,E02005080,2021 super output areas - middle layer,152,Northern Irish only identity,10
14230,2021,E02005080,2021 super output areas - middle layer,152,Northern Irish and British only identity,3
14231,2021,E02005080,2021 super output areas - middle layer,152,Cornish only identity,2
14232,2021,E02005080,2021 super output areas - middle layer,152,Cornish and British only identity,0
14233,2021,E02005080,2021 super output areas - middle layer,152,Any other combination of only UK identities ,9
14234,2021,E02005080,2021 super output areas - middle layer,152,Irish only identity,36
14235,2021,E02005080,2021 super output areas - middle layer,152,Irish and at least one UK identity,6
14236,2021,E02005080,2021 super output areas - middle layer,152,Other identity only,908
14237,2021,E02005080,2021 super output areas - middle layer,152,Other identity and at least one UK identity,134
14238,2021,E02005080,2021 super output areas - middle layer,152,Non-UK identity only,944
14239,2021,E02005080,2021 super output areas - middle layer,152,UK identity and non-UK identity,140
14240,2021,E02005081,2021 super output areas - middle layer,152,Total: All usual residents,6972
14241,2021,E02005081,2021 super output areas - middle layer,152,British only identity,3905
14242,2021,E02005081,2021 super output areas - middle layer,152,English only identity,1586
14243,2021,E02005081,2021 super output areas - middle layer,152,English and British only identity,1088
14244,2021,E02005081,2021 super output areas - middle layer,152,Welsh only identity,17
14245,2021,E02005081,2021 super output areas - middle layer,152,Welsh and British only identity,12
14246,2021,E02005081,2021 super output areas - middle layer,152,Any other combination of only UK identities,61
14247,2021,E02005081,2021 super output areas - middle layer,152,Scottish only identity,27
14248,2021,E02005081,2021 super output areas - middle layer,152,Scottish and British only identity,12
14249,2021,E02005081,2021 super output areas - middle layer,152,Northern Irish only identity,12
14250,2021,E02005081,2021 super output areas - middle layer,152,Northern Irish and British only identity,1
14251,2021,E02005081,2021 super output areas - middle layer,152,Cornish only identity,1
14252,2021,E02005081,2021 super output areas - middle layer,152,Cornish and British only identity,2
14253,2021,E02005081,2021 super output areas - middle layer,152,Any other combination of only UK identities ,6
14254,2021,E02005081,2021 super output areas - middle layer,152,Irish only identity,23
14255,2021,E02005081,2021 super output areas - middle layer,152,Irish and at least one UK identity,11
14256,2021,E02005081,2021 super output areas - middle layer,152,Other identity only,202
14257,2021,E02005081,2021 super output areas - middle layer,152,Other identity and at least one UK identity,67
14258,2021,E02005081,2021 super output areas - middle layer,152,Non-UK identity only,225
14259,2021,E02005081,2021 super output areas - middle layer,152,UK identity and non-UK identity,78
14260,2021,E02005082,2021 super output areas - middle layer,152,Total: All usual residents,11970
14261,2021,E02005082,2021 super output areas - middle layer,152,British only identity,6717
14262,2021,E02005082,2021 super output areas - middle layer,152,English only identity,2339
14263,2021,E02005082,2021 super output areas - middle layer,152,English and British only identity,1934
14264,2021,E02005082,2021 super output areas - middle layer,152,Welsh only identity,18
14265,2021,E02005082,2021 super output areas - middle layer,152,Welsh and British only identity,7
14266,2021,E02005082,2021 super output areas - middle layer,152,Any other combination of only UK identities,72
14267,2021,E02005082,2021 super output areas - middle layer,152,Scottish only identity,37
14268,2021,E02005082,2021 super output areas - middle layer,152,Scottish and British only identity,10
14269,2021,E02005082,2021 super output areas - middle layer,152,Northern Irish only identity,12
14270,2021,E02005082,2021 super output areas - middle layer,152,Northern Irish and British only identity,4
14271,2021,E02005082,2021 super output areas - middle layer,152,Cornish only identity,3
14272,2021,E02005082,2021 super output areas - middle layer,152,Cornish and British only identity,0
14273,2021,E02005082,2021 super output areas - middle layer,152,Any other combination of only UK identities ,6
14274,2021,E02005082,2021 super output areas - middle layer,152,Irish only identity,38
14275,2021,E02005082,2021 super output areas - middle layer,152,Irish and at least one UK identity,12
14276,2021,E02005082,2021 super output areas - middle layer,152,Other identity only,673
14277,2021,E02005082,2021 super output areas - middle layer,152,Other identity and at least one UK identity,160
14278,2021,E02005082,2021 super output areas - middle layer,152,Non-UK identity only,711
14279,2021,E02005082,2021 super output areas - middle layer,152,UK identity and non-UK identity,172
14280,2021,E02005083,2021 super output areas - middle layer,152,Total: All usual residents,7847
14281,2021,E02005083,2021 super output areas - middle layer,152,British only identity,4463
14282,2021,E02005083,2021 super output areas - middle layer,152,English only identity,1609
14283,2021,E02005083,2021 super output areas - middle layer,152,English and British only identity,1253
14284,2021,E02005083,2021 super output areas - middle layer,152,Welsh only identity,23
14285,2021,E02005083,2021 super output areas - middle layer,152,Welsh and British only identity,7
14286,2021,E02005083,2021 super output areas - middle layer,152,Any other combination of only UK identities,65
14287,2021,E02005083,2021 super output areas - middle layer,152,Scottish only identity,20
14288,2021,E02005083,2021 super output areas - middle layer,152,Scottish and British only identity,12
14289,2021,E02005083,2021 super output areas - middle layer,152,Northern Irish only identity,10
14290,2021,E02005083,2021 super output areas - middle layer,152,Northern Irish and British only identity,6
14291,2021,E02005083,2021 super output areas - middle layer,152,Cornish only identity,0
14292,2021,E02005083,2021 super output areas - middle layer,152,Cornish and British only identity,1
14293,2021,E02005083,2021 super output areas - middle layer,152,Any other combination of only UK identities ,16
14294,2021,E02005083,2021 super output areas - middle layer,152,Irish only identity,28
14295,2021,E02005083,2021 super output areas - middle layer,152,Irish and at least one UK identity,6
14296,2021,E02005083,2021 super output areas - middle layer,152,Other identity only,305
14297,2021,E02005083,2021 super output areas - middle layer,152,Other identity and at least one UK identity,88
14298,2021,E02005083,2021 super output areas - middle layer,152,Non-UK identity only,333
14299,2021,E02005083,2021 super output areas - middle layer,152,UK identity and non-UK identity,94
14300,2021,E02005084,2021 super output areas - middle layer,152,Total: All usual residents,7501
14301,2021,E02005084,2021 super output areas - middle layer,152,British only identity,4495
14302,2021,E02005084,2021 super output areas - middle layer,152,English only identity,1421
14303,2021,E02005084,2021 super output areas - middle layer,152,English and British only identity,1115
14304,2021,E02005084,2021 super output areas - middle layer,152,Welsh only identity,28
14305,2021,E02005084,2021 super output areas - middle layer,152,Welsh and British only identity,11
14306,2021,E02005084,2021 super output areas - middle layer,152,Any other combination of only UK identities,61
14307,2021,E02005084,2021 super output areas - middle layer,152,Scottish only identity,30
14308,2021,E02005084,2021 super output areas - middle layer,152,Scottish and British only identity,14
14309,2021,E02005084,2021 super output areas - middle layer,152,Northern Irish only identity,5
14310,2021,E02005084,2021 super output areas - middle layer,152,Northern Irish and British only identity,1
14311,2021,E02005084,2021 super output areas - middle layer,152,Cornish only identity,1
14312,2021,E02005084,2021 super output areas - middle layer,152,Cornish and British only identity,0
14313,2021,E02005084,2021 super output areas - middle layer,152,Any other combination of only UK identities ,10
14314,2021,E02005084,2021 super output areas - middle layer,152,Irish only identity,46
14315,2021,E02005084,2021 super output areas - middle layer,152,Irish and at least one UK identity,9
14316,2021,E02005084,2021 super output areas - middle layer,152,Other identity only,225
14317,2021,E02005084,2021 super output areas - middle layer,152,Other identity and at least one UK identity,90
14318,2021,E02005084,2021 super output areas - middle layer,152,Non-UK identity only,271
14319,2021,E02005084,2021 super output areas - middle layer,152,UK identity and non-UK identity,99
14320,2021,E02005085,2021 super output areas - middle layer,152,Total: All usual residents,7879
14321,2021,E02005085,2021 super output areas - middle layer,152,British only identity,4418
14322,2021,E02005085,2021 super output areas - middle layer,152,English only identity,1571
14323,2021,E02005085,2021 super output areas - middle layer,152,English and British only identity,1305
14324,2021,E02005085,2021 super output areas - middle layer,152,Welsh only identity,29
14325,2021,E02005085,2021 super output areas - middle layer,152,Welsh and British only identity,12
14326,2021,E02005085,2021 super output areas - middle layer,152,Any other combination of only UK identities,69
14327,2021,E02005085,2021 super output areas - middle layer,152,Scottish only identity,32
14328,2021,E02005085,2021 super output areas - middle layer,152,Scottish and British only identity,12
14329,2021,E02005085,2021 super output areas - middle layer,152,Northern Irish only identity,7
14330,2021,E02005085,2021 super output areas - middle layer,152,Northern Irish and British only identity,3
14331,2021,E02005085,2021 super output areas - middle layer,152,Cornish only identity,1
14332,2021,E02005085,2021 super output areas - middle layer,152,Cornish and British only identity,0
14333,2021,E02005085,2021 super output areas - middle layer,152,Any other combination of only UK identities ,14
14334,2021,E02005085,2021 super output areas - middle layer,152,Irish only identity,19
14335,2021,E02005085,2021 super output areas - middle layer,152,Irish and at least one UK identity,9
14336,2021,E02005085,2021 super output areas - middle layer,152,Other identity only,323
14337,2021,E02005085,2021 super output areas - middle layer,152,Other identity and at least one UK identity,124
14338,2021,E02005085,2021 super output areas - middle layer,152,Non-UK identity only,342
14339,2021,E02005085,2021 super output areas - middle layer,152,UK identity and non-UK identity,133
14340,2021,E02005086,2021 super output areas - middle layer,152,Total: All usual residents,6695
14341,2021,E02005086,2021 super output areas - middle layer,152,British only identity,3888
14342,2021,E02005086,2021 super output areas - middle layer,152,English only identity,1382
14343,2021,E02005086,2021 super output areas - middle layer,152,English and British only identity,968
14344,2021,E02005086,2021 super output areas - middle layer,152,Welsh only identity,23
14345,2021,E02005086,2021 super output areas - middle layer,152,Welsh and British only identity,8
14346,2021,E02005086,2021 super output areas - middle layer,152,Any other combination of only UK identities,49
14347,2021,E02005086,2021 super output areas - middle layer,152,Scottish only identity,23
14348,2021,E02005086,2021 super output areas - middle layer,152,Scottish and British only identity,9
14349,2021,E02005086,2021 super output areas - middle layer,152,Northern Irish only identity,6
14350,2021,E02005086,2021 super output areas - middle layer,152,Northern Irish and British only identity,3
14351,2021,E02005086,2021 super output areas - middle layer,152,Cornish only identity,1
14352,2021,E02005086,2021 super output areas - middle layer,152,Cornish and British only identity,0
14353,2021,E02005086,2021 super output areas - middle layer,152,Any other combination of only UK identities ,7
14354,2021,E02005086,2021 super output areas - middle layer,152,Irish only identity,14
14355,2021,E02005086,2021 super output areas - middle layer,152,Irish and at least one UK identity,7
14356,2021,E02005086,2021 super output areas - middle layer,152,Other identity only,253
14357,2021,E02005086,2021 super output areas - middle layer,152,Other identity and at least one UK identity,103
14358,2021,E02005086,2021 super output areas - middle layer,152,Non-UK identity only,267
14359,2021,E02005086,2021 super output areas - middle layer,152,UK identity and non-UK identity,110
14360,2021,E02005087,2021 super output areas - middle layer,152,Total: All usual residents,7143
14361,2021,E02005087,2021 super output areas - middle layer,152,British only identity,3795
14362,2021,E02005087,2021 super output areas - middle layer,152,English only identity,1855
14363,2021,E02005087,2021 super output areas - middle layer,152,English and British only identity,1122
14364,2021,E02005087,2021 super output areas - middle layer,152,Welsh only identity,12
14365,2021,E02005087,2021 super output areas - middle layer,152,Welsh and British only identity,3
14366,2021,E02005087,2021 super output areas - middle layer,152,Any other combination of only UK identities,46
14367,2021,E02005087,2021 super output areas - middle layer,152,Scottish only identity,16
14368,2021,E02005087,2021 super output areas - middle layer,152,Scottish and British only identity,13
14369,2021,E02005087,2021 super output areas - middle layer,152,Northern Irish only identity,8
14370,2021,E02005087,2021 super output areas - middle layer,152,Northern Irish and British only identity,1
14371,2021,E02005087,2021 super output areas - middle layer,152,Cornish only identity,1
14372,2021,E02005087,2021 super output areas - middle layer,152,Cornish and British only identity,0
14373,2021,E02005087,2021 super output areas - middle layer,152,Any other combination of only UK identities ,7
14374,2021,E02005087,2021 super output areas - middle layer,152,Irish only identity,28
14375,2021,E02005087,2021 super output areas - middle layer,152,Irish and at least one UK identity,6
14376,2021,E02005087,2021 super output areas - middle layer,152,Other identity only,216
14377,2021,E02005087,2021 super output areas - middle layer,152,Other identity and at least one UK identity,60
14378,2021,E02005087,2021 super output areas - middle layer,152,Non-UK identity only,244
14379,2021,E02005087,2021 super output areas - middle layer,152,UK identity and non-UK identity,66
14380,2021,E02005088,2021 super output areas - middle layer,152,Total: All usual residents,9915
14381,2021,E02005088,2021 super output areas - middle layer,152,British only identity,5338
14382,2021,E02005088,2021 super output areas - middle layer,152,English only identity,2222
14383,2021,E02005088,2021 super output areas - middle layer,152,English and British only identity,1546
14384,2021,E02005088,2021 super output areas - middle layer,152,Welsh only identity,7
14385,2021,E02005088,2021 super output areas - middle layer,152,Welsh and British only identity,1
14386,2021,E02005088,2021 super output areas - middle layer,152,Any other combination of only UK identities,45
14387,2021,E02005088,2021 super output areas - middle layer,152,Scottish only identity,21
14388,2021,E02005088,2021 super output areas - middle layer,152,Scottish and British only identity,5
14389,2021,E02005088,2021 super output areas - middle layer,152,Northern Irish only identity,8
14390,2021,E02005088,2021 super output areas - middle layer,152,Northern Irish and British only identity,3
14391,2021,E02005088,2021 super output areas - middle layer,152,Cornish only identity,0
14392,2021,E02005088,2021 super output areas - middle layer,152,Cornish and British only identity,0
14393,2021,E02005088,2021 super output areas - middle layer,152,Any other combination of only UK identities ,8
14394,2021,E02005088,2021 super output areas - middle layer,152,Irish only identity,34
14395,2021,E02005088,2021 super output areas - middle layer,152,Irish and at least one UK identity,8
14396,2021,E02005088,2021 super output areas - middle layer,152,Other identity only,569
14397,2021,E02005088,2021 super output areas - middle layer,152,Other identity and at least one UK identity,145
14398,2021,E02005088,2021 super output areas - middle layer,152,Non-UK identity only,603
14399,2021,E02005088,2021 super output areas - middle layer,152,UK identity and non-UK identity,153
14400,2021,E02005089,2021 super output areas - middle layer,152,Total: All usual residents,6855
14401,2021,E02005089,2021 super output areas - middle layer,152,British only identity,3593
14402,2021,E02005089,2021 super output areas - middle layer,152,English only identity,1643
14403,2021,E02005089,2021 super output areas - middle layer,152,English and British only identity,1039
14404,2021,E02005089,2021 super output areas - middle layer,152,Welsh only identity,15
14405,2021,E02005089,2021 super output areas - middle layer,152,Welsh and British only identity,7
14406,2021,E02005089,2021 super output areas - middle layer,152,Any other combination of only UK identities,34
14407,2021,E02005089,2021 super output areas - middle layer,152,Scottish only identity,15
14408,2021,E02005089,2021 super output areas - middle layer,152,Scottish and British only identity,4
14409,2021,E02005089,2021 super output areas - middle layer,152,Northern Irish only identity,5
14410,2021,E02005089,2021 super output areas - middle layer,152,Northern Irish and British only identity,2
14411,2021,E02005089,2021 super output areas - middle layer,152,Cornish only identity,2
14412,2021,E02005089,2021 super output areas - middle layer,152,Cornish and British only identity,0
14413,2021,E02005089,2021 super output areas - middle layer,152,Any other combination of only UK identities ,6
14414,2021,E02005089,2021 super output areas - middle layer,152,Irish only identity,29
14415,2021,E02005089,2021 super output areas - middle layer,152,Irish and at least one UK identity,6
14416,2021,E02005089,2021 super output areas - middle layer,152,Other identity only,364
14417,2021,E02005089,2021 super output areas - middle layer,152,Other identity and at least one UK identity,125
14418,2021,E02005089,2021 super output areas - middle layer,152,Non-UK identity only,393
14419,2021,E02005089,2021 super output areas - middle layer,152,UK identity and non-UK identity,131
14420,2021,E02005090,2021 super output areas - middle layer,152,Total: All usual residents,5933
14421,2021,E02005090,2021 super output areas - middle layer,152,British only identity,3265
14422,2021,E02005090,2021 super output areas - middle layer,152,English only identity,1488
14423,2021,E02005090,2021 super output areas - middle layer,152,English and British only identity,863
14424,2021,E02005090,2021 super output areas - middle layer,152,Welsh only identity,13
14425,2021,E02005090,2021 super output areas - middle layer,152,Welsh and British only identity,7
14426,2021,E02005090,2021 super output areas - middle layer,152,Any other combination of only UK identities,57
14427,2021,E02005090,2021 super output areas - middle layer,152,Scottish only identity,14
14428,2021,E02005090,2021 super output areas - middle layer,152,Scottish and British only identity,15
14429,2021,E02005090,2021 super output areas - middle layer,152,Northern Irish only identity,10
14430,2021,E02005090,2021 super output areas - middle layer,152,Northern Irish and British only identity,5
14431,2021,E02005090,2021 super output areas - middle layer,152,Cornish only identity,1
14432,2021,E02005090,2021 super output areas - middle layer,152,Cornish and British only identity,0
14433,2021,E02005090,2021 super output areas - middle layer,152,Any other combination of only UK identities ,12
14434,2021,E02005090,2021 super output areas - middle layer,152,Irish only identity,16
14435,2021,E02005090,2021 super output areas - middle layer,152,Irish and at least one UK identity,7
14436,2021,E02005090,2021 super output areas - middle layer,152,Other identity only,152
14437,2021,E02005090,2021 super output areas - middle layer,152,Other identity and at least one UK identity,65
14438,2021,E02005090,2021 super output areas - middle layer,152,Non-UK identity only,168
14439,2021,E02005090,2021 super output areas - middle layer,152,UK identity and non-UK identity,72
14440,2021,E02005091,2021 super output areas - middle layer,152,Total: All usual residents,6773
14441,2021,E02005091,2021 super output areas - middle layer,152,British only identity,3719
14442,2021,E02005091,2021 super output areas - middle layer,152,English only identity,1699
14443,2021,E02005091,2021 super output areas - middle layer,152,English and British only identity,1016
14444,2021,E02005091,2021 super output areas - middle layer,152,Welsh only identity,11
14445,2021,E02005091,2021 super output areas - middle layer,152,Welsh and British only identity,6
14446,2021,E02005091,2021 super output areas - middle layer,152,Any other combination of only UK identities,74
14447,2021,E02005091,2021 super output areas - middle layer,152,Scottish only identity,18
14448,2021,E02005091,2021 super output areas - middle layer,152,Scottish and British only identity,22
14449,2021,E02005091,2021 super output areas - middle layer,152,Northern Irish only identity,13
14450,2021,E02005091,2021 super output areas - middle layer,152,Northern Irish and British only identity,8
14451,2021,E02005091,2021 super output areas - middle layer,152,Cornish only identity,1
14452,2021,E02005091,2021 super output areas - middle layer,152,Cornish and British only identity,0
14453,2021,E02005091,2021 super output areas - middle layer,152,Any other combination of only UK identities ,12
14454,2021,E02005091,2021 super output areas - middle layer,152,Irish only identity,32
14455,2021,E02005091,2021 super output areas - middle layer,152,Irish and at least one UK identity,9
14456,2021,E02005091,2021 super output areas - middle layer,152,Other identity only,155
14457,2021,E02005091,2021 super output areas - middle layer,152,Other identity and at least one UK identity,52
14458,2021,E02005091,2021 super output areas - middle layer,152,Non-UK identity only,187
14459,2021,E02005091,2021 super output areas - middle layer,152,UK identity and non-UK identity,61
14460,2021,E02005093,2021 super output areas - middle layer,152,Total: All usual residents,6020
14461,2021,E02005093,2021 super output areas - middle layer,152,British only identity,3280
14462,2021,E02005093,2021 super output areas - middle layer,152,English only identity,1609
14463,2021,E02005093,2021 super output areas - middle layer,152,English and British only identity,883
14464,2021,E02005093,2021 super output areas - middle layer,152,Welsh only identity,7
14465,2021,E02005093,2021 super output areas - middle layer,152,Welsh and British only identity,6
14466,2021,E02005093,2021 super output areas - middle layer,152,Any other combination of only UK identities,34
14467,2021,E02005093,2021 super output areas - middle layer,152,Scottish only identity,14
14468,2021,E02005093,2021 super output areas - middle layer,152,Scottish and British only identity,6
14469,2021,E02005093,2021 super output areas - middle layer,152,Northern Irish only identity,4
14470,2021,E02005093,2021 super output areas - middle layer,152,Northern Irish and British only identity,7
14471,2021,E02005093,2021 super output areas - middle layer,152,Cornish only identity,0
14472,2021,E02005093,2021 super output areas - middle layer,152,Cornish and British only identity,0
14473,2021,E02005093,2021 super output areas - middle layer,152,Any other combination of only UK identities ,3
14474,2021,E02005093,2021 super output areas - middle layer,152,Irish only identity,28
14475,2021,E02005093,2021 super output areas - middle layer,152,Irish and at least one UK identity,3
14476,2021,E02005093,2021 super output areas - middle layer,152,Other identity only,115
14477,2021,E02005093,2021 super output areas - middle layer,152,Other identity and at least one UK identity,55
14478,2021,E02005093,2021 super output areas - middle layer,152,Non-UK identity only,143
14479,2021,E02005093,2021 super output areas - middle layer,152,UK identity and non-UK identity,58
14480,2021,E02005094,2021 super output areas - middle layer,152,Total: All usual residents,9727
14481,2021,E02005094,2021 super output areas - middle layer,152,British only identity,5379
14482,2021,E02005094,2021 super output areas - middle layer,152,English only identity,1814
14483,2021,E02005094,2021 super output areas - middle layer,152,English and British only identity,1588
14484,2021,E02005094,2021 super output areas - middle layer,152,Welsh only identity,22
14485,2021,E02005094,2021 super output areas - middle layer,152,Welsh and British only identity,10
14486,2021,E02005094,2021 super output areas - middle layer,152,Any other combination of only UK identities,89
14487,2021,E02005094,2021 super output areas - middle layer,152,Scottish only identity,31
14488,2021,E02005094,2021 super output areas - middle layer,152,Scottish and British only identity,25
14489,2021,E02005094,2021 super output areas - middle layer,152,Northern Irish only identity,13
14490,2021,E02005094,2021 super output areas - middle layer,152,Northern Irish and British only identity,3
14491,2021,E02005094,2021 super output areas - middle layer,152,Cornish only identity,6
14492,2021,E02005094,2021 super output areas - middle layer,152,Cornish and British only identity,0
14493,2021,E02005094,2021 super output areas - middle layer,152,Any other combination of only UK identities ,11
14494,2021,E02005094,2021 super output areas - middle layer,152,Irish only identity,55
14495,2021,E02005094,2021 super output areas - middle layer,152,Irish and at least one UK identity,13
14496,2021,E02005094,2021 super output areas - middle layer,152,Other identity only,587
14497,2021,E02005094,2021 super output areas - middle layer,152,Other identity and at least one UK identity,170
14498,2021,E02005094,2021 super output areas - middle layer,152,Non-UK identity only,642
14499,2021,E02005094,2021 super output areas - middle layer,152,UK identity and non-UK identity,183
14500,2021,E02005095,2021 super output areas - middle layer,152,Total: All usual residents,7567
14501,2021,E02005095,2021 super output areas - middle layer,152,British only identity,4409
14502,2021,E02005095,2021 super output areas - middle layer,152,English only identity,1481
14503,2021,E02005095,2021 super output areas - middle layer,152,English and British only identity,1187
14504,2021,E02005095,2021 super output areas - middle layer,152,Welsh only identity,18
14505,2021,E02005095,2021 super output areas - middle layer,152,Welsh and British only identity,17
14506,2021,E02005095,2021 super output areas - middle layer,152,Any other combination of only UK identities,95
14507,2021,E02005095,2021 super output areas - middle layer,152,Scottish only identity,36
14508,2021,E02005095,2021 super output areas - middle layer,152,Scottish and British only identity,18
14509,2021,E02005095,2021 super output areas - middle layer,152,Northern Irish only identity,9
14510,2021,E02005095,2021 super output areas - middle layer,152,Northern Irish and British only identity,10
14511,2021,E02005095,2021 super output areas - middle layer,152,Cornish only identity,3
14512,2021,E02005095,2021 super output areas - middle layer,152,Cornish and British only identity,0
14513,2021,E02005095,2021 super output areas - middle layer,152,Any other combination of only UK identities ,19
14514,2021,E02005095,2021 super output areas - middle layer,152,Irish only identity,31
14515,2021,E02005095,2021 super output areas - middle layer,152,Irish and at least one UK identity,7
14516,2021,E02005095,2021 super output areas - middle layer,152,Other identity only,218
14517,2021,E02005095,2021 super output areas - middle layer,152,Other identity and at least one UK identity,104
14518,2021,E02005095,2021 super output areas - middle layer,152,Non-UK identity only,249
14519,2021,E02005095,2021 super output areas - middle layer,152,UK identity and non-UK identity,111
14520,2021,E02005096,2021 super output areas - middle layer,152,Total: All usual residents,9854
14521,2021,E02005096,2021 super output areas - middle layer,152,British only identity,5676
14522,2021,E02005096,2021 super output areas - middle layer,152,English only identity,1489
14523,2021,E02005096,2021 super output areas - middle layer,152,English and British only identity,1450
14524,2021,E02005096,2021 super output areas - middle layer,152,Welsh only identity,22
14525,2021,E02005096,2021 super output areas - middle layer,152,Welsh and British only identity,8
14526,2021,E02005096,2021 super output areas - middle layer,152,Any other combination of only UK identities,105
14527,2021,E02005096,2021 super output areas - middle layer,152,Scottish only identity,35
14528,2021,E02005096,2021 super output areas - middle layer,152,Scottish and British only identity,23
14529,2021,E02005096,2021 super output areas - middle layer,152,Northern Irish only identity,15
14530,2021,E02005096,2021 super output areas - middle layer,152,Northern Irish and British only identity,10
14531,2021,E02005096,2021 super output areas - middle layer,152,Cornish only identity,0
14532,2021,E02005096,2021 super output areas - middle layer,152,Cornish and British only identity,0
14533,2021,E02005096,2021 super output areas - middle layer,152,Any other combination of only UK identities ,22
14534,2021,E02005096,2021 super output areas - middle layer,152,Irish only identity,41
14535,2021,E02005096,2021 super output areas - middle layer,152,Irish and at least one UK identity,21
14536,2021,E02005096,2021 super output areas - middle layer,152,Other identity only,775
14537,2021,E02005096,2021 super output areas - middle layer,152,Other identity and at least one UK identity,267
14538,2021,E02005096,2021 super output areas - middle layer,152,Non-UK identity only,816
14539,2021,E02005096,2021 super output areas - middle layer,152,UK identity and non-UK identity,288
14540,2021,E02005097,2021 super output areas - middle layer,152,Total: All usual residents,9640
14541,2021,E02005097,2021 super output areas - middle layer,152,British only identity,5756
14542,2021,E02005097,2021 super output areas - middle layer,152,English only identity,1241
14543,2021,E02005097,2021 super output areas - middle layer,152,English and British only identity,1297
14544,2021,E02005097,2021 super output areas - middle layer,152,Welsh only identity,16
14545,2021,E02005097,2021 super output areas - middle layer,152,Welsh and British only identity,18
14546,2021,E02005097,2021 super output areas - middle layer,152,Any other combination of only UK identities,148
14547,2021,E02005097,2021 super output areas - middle layer,152,Scottish only identity,49
14548,2021,E02005097,2021 super output areas - middle layer,152,Scottish and British only identity,40
14549,2021,E02005097,2021 super output areas - middle layer,152,Northern Irish only identity,6
14550,2021,E02005097,2021 super output areas - middle layer,152,Northern Irish and British only identity,15
14551,2021,E02005097,2021 super output areas - middle layer,152,Cornish only identity,2
14552,2021,E02005097,2021 super output areas - middle layer,152,Cornish and British only identity,1
14553,2021,E02005097,2021 super output areas - middle layer,152,Any other combination of only UK identities ,35
14554,2021,E02005097,2021 super output areas - middle layer,152,Irish only identity,75
14555,2021,E02005097,2021 super output areas - middle layer,152,Irish and at least one UK identity,19
14556,2021,E02005097,2021 super output areas - middle layer,152,Other identity only,686
14557,2021,E02005097,2021 super output areas - middle layer,152,Other identity and at least one UK identity,384
14558,2021,E02005097,2021 super output areas - middle layer,152,Non-UK identity only,761
14559,2021,E02005097,2021 super output areas - middle layer,152,UK identity and non-UK identity,403
14560,2021,E02005098,2021 super output areas - middle layer,152,Total: All usual residents,10106
14561,2021,E02005098,2021 super output areas - middle layer,152,British only identity,5762
14562,2021,E02005098,2021 super output areas - middle layer,152,English only identity,1332
14563,2021,E02005098,2021 super output areas - middle layer,152,English and British only identity,1287
14564,2021,E02005098,2021 super output areas - middle layer,152,Welsh only identity,40
14565,2021,E02005098,2021 super output areas - middle layer,152,Welsh and British only identity,21
14566,2021,E02005098,2021 super output areas - middle layer,152,Any other combination of only UK identities,173
14567,2021,E02005098,2021 super output areas - middle layer,152,Scottish only identity,51
14568,2021,E02005098,2021 super output areas - middle layer,152,Scottish and British only identity,45
14569,2021,E02005098,2021 super output areas - middle layer,152,Northern Irish only identity,27
14570,2021,E02005098,2021 super output areas - middle layer,152,Northern Irish and British only identity,4
14571,2021,E02005098,2021 super output areas - middle layer,152,Cornish only identity,0
14572,2021,E02005098,2021 super output areas - middle layer,152,Cornish and British only identity,0
14573,2021,E02005098,2021 super output areas - middle layer,152,Any other combination of only UK identities ,46
14574,2021,E02005098,2021 super output areas - middle layer,152,Irish only identity,81
14575,2021,E02005098,2021 super output areas - middle layer,152,Irish and at least one UK identity,24
14576,2021,E02005098,2021 super output areas - middle layer,152,Other identity only,970
14577,2021,E02005098,2021 super output areas - middle layer,152,Other identity and at least one UK identity,416
14578,2021,E02005098,2021 super output areas - middle layer,152,Non-UK identity only,1051
14579,2021,E02005098,2021 super output areas - middle layer,152,UK identity and non-UK identity,440
14580,2021,E02005099,2021 super output areas - middle layer,152,Total: All usual residents,7962
14581,2021,E02005099,2021 super output areas - middle layer,152,British only identity,4638
14582,2021,E02005099,2021 super output areas - middle layer,152,English only identity,1504
14583,2021,E02005099,2021 super output areas - middle layer,152,English and British only identity,1212
14584,2021,E02005099,2021 super output areas - middle layer,152,Welsh only identity,27
14585,2021,E02005099,2021 super output areas - middle layer,152,Welsh and British only identity,8
14586,2021,E02005099,2021 super output areas - middle layer,152,Any other combination of only UK identities,67
14587,2021,E02005099,2021 super output areas - middle layer,152,Scottish only identity,19
14588,2021,E02005099,2021 super output areas - middle layer,152,Scottish and British only identity,21
14589,2021,E02005099,2021 super output areas - middle layer,152,Northern Irish only identity,13
14590,2021,E02005099,2021 super output areas - middle layer,152,Northern Irish and British only identity,6
14591,2021,E02005099,2021 super output areas - middle layer,152,Cornish only identity,0
14592,2021,E02005099,2021 super output areas - middle layer,152,Cornish and British only identity,0
14593,2021,E02005099,2021 super output areas - middle layer,152,Any other combination of only UK identities ,8
14594,2021,E02005099,2021 super output areas - middle layer,152,Irish only identity,56
14595,2021,E02005099,2021 super output areas - middle layer,152,Irish and at least one UK identity,15
14596,2021,E02005099,2021 super output areas - middle layer,152,Other identity only,307
14597,2021,E02005099,2021 super output areas - middle layer,152,Other identity and at least one UK identity,128
14598,2021,E02005099,2021 super output areas - middle layer,152,Non-UK identity only,363
14599,2021,E02005099,2021 super output areas - middle layer,152,UK identity and non-UK identity,143
14600,2021,E02005100,2021 super output areas - middle layer,152,Total: All usual residents,9880
14601,2021,E02005100,2021 super output areas - middle layer,152,British only identity,5526
14602,2021,E02005100,2021 super output areas - middle layer,152,English only identity,2084
14603,2021,E02005100,2021 super output areas - middle layer,152,English and British only identity,1574
14604,2021,E02005100,2021 super output areas - middle layer,152,Welsh only identity,21
14605,2021,E02005100,2021 super output areas - middle layer,152,Welsh and British only identity,10
14606,2021,E02005100,2021 super output areas - middle layer,152,Any other combination of only UK identities,90
14607,2021,E02005100,2021 super output areas - middle layer,152,Scottish only identity,38
14608,2021,E02005100,2021 super output areas - middle layer,152,Scottish and British only identity,19
14609,2021,E02005100,2021 super output areas - middle layer,152,Northern Irish only identity,11
14610,2021,E02005100,2021 super output areas - middle layer,152,Northern Irish and British only identity,4
14611,2021,E02005100,2021 super output areas - middle layer,152,Cornish only identity,2
14612,2021,E02005100,2021 super output areas - middle layer,152,Cornish and British only identity,1
14613,2021,E02005100,2021 super output areas - middle layer,152,Any other combination of only UK identities ,15
14614,2021,E02005100,2021 super output areas - middle layer,152,Irish only identity,40
14615,2021,E02005100,2021 super output areas - middle layer,152,Irish and at least one UK identity,9
14616,2021,E02005100,2021 super output areas - middle layer,152,Other identity only,386
14617,2021,E02005100,2021 super output areas - middle layer,152,Other identity and at least one UK identity,140
14618,2021,E02005100,2021 super output areas - middle layer,152,Non-UK identity only,426
14619,2021,E02005100,2021 super output areas - middle layer,152,UK identity and non-UK identity,149
14620,2021,E02005101,2021 super output areas - middle layer,152,Total: All usual residents,7072
14621,2021,E02005101,2021 super output areas - middle layer,152,British only identity,4235
14622,2021,E02005101,2021 super output areas - middle layer,152,English only identity,1304
14623,2021,E02005101,2021 super output areas - middle layer,152,English and British only identity,1058
14624,2021,E02005101,2021 super output areas - middle layer,152,Welsh only identity,20
14625,2021,E02005101,2021 super output areas - middle layer,152,Welsh and British only identity,17
14626,2021,E02005101,2021 super output areas - middle layer,152,Any other combination of only UK identities,91
14627,2021,E02005101,2021 super output areas - middle layer,152,Scottish only identity,29
14628,2021,E02005101,2021 super output areas - middle layer,152,Scottish and British only identity,19
14629,2021,E02005101,2021 super output areas - middle layer,152,Northern Irish only identity,15
14630,2021,E02005101,2021 super output areas - middle layer,152,Northern Irish and British only identity,1
14631,2021,E02005101,2021 super output areas - middle layer,152,Cornish only identity,2
14632,2021,E02005101,2021 super output areas - middle layer,152,Cornish and British only identity,0
14633,2021,E02005101,2021 super output areas - middle layer,152,Any other combination of only UK identities ,25
14634,2021,E02005101,2021 super output areas - middle layer,152,Irish only identity,21
14635,2021,E02005101,2021 super output areas - middle layer,152,Irish and at least one UK identity,4
14636,2021,E02005101,2021 super output areas - middle layer,152,Other identity only,215
14637,2021,E02005101,2021 super output areas - middle layer,152,Other identity and at least one UK identity,107
14638,2021,E02005101,2021 super output areas - middle layer,152,Non-UK identity only,236
14639,2021,E02005101,2021 super output areas - middle layer,152,UK identity and non-UK identity,111
14640,2021,E02006832,2021 super output areas - middle layer,152,Total: All usual residents,6067
14641,2021,E02006832,2021 super output areas - middle layer,152,British only identity,3302
14642,2021,E02006832,2021 super output areas - middle layer,152,English only identity,1449
14643,2021,E02006832,2021 super output areas - middle layer,152,English and British only identity,1008
14644,2021,E02006832,2021 super output areas - middle layer,152,Welsh only identity,19
14645,2021,E02006832,2021 super output areas - middle layer,152,Welsh and British only identity,7
14646,2021,E02006832,2021 super output areas - middle layer,152,Any other combination of only UK identities,37
14647,2021,E02006832,2021 super output areas - middle layer,152,Scottish only identity,13
14648,2021,E02006832,2021 super output areas - middle layer,152,Scottish and British only identity,9
14649,2021,E02006832,2021 super output areas - middle layer,152,Northern Irish only identity,3
14650,2021,E02006832,2021 super output areas - middle layer,152,Northern Irish and British only identity,3
14651,2021,E02006832,2021 super output areas - middle layer,152,Cornish only identity,1
14652,2021,E02006832,2021 super output areas - middle layer,152,Cornish and British only identity,0
14653,2021,E02006832,2021 super output areas - middle layer,152,Any other combination of only UK identities ,8
14654,2021,E02006832,2021 super output areas - middle layer,152,Irish only identity,35
14655,2021,E02006832,2021 super output areas - middle layer,152,Irish and at least one UK identity,8
14656,2021,E02006832,2021 super output areas - middle layer,152,Other identity only,144
14657,2021,E02006832,2021 super output areas - middle layer,152,Other identity and at least one UK identity,58
14658,2021,E02006832,2021 super output areas - middle layer,152,Non-UK identity only,179
14659,2021,E02006832,2021 super output areas - middle layer,152,UK identity and non-UK identity,66
14660,2021,E02005102,2021 super output areas - middle layer,152,Total: All usual residents,6088
14661,2021,E02005102,2021 super output areas - middle layer,152,British only identity,3523
14662,2021,E02005102,2021 super output areas - middle layer,152,English only identity,1310
14663,2021,E02005102,2021 super output areas - middle layer,152,English and British only identity,906
14664,2021,E02005102,2021 super output areas - middle layer,152,Welsh only identity,23
14665,2021,E02005102,2021 super output areas - middle layer,152,Welsh and British only identity,5
14666,2021,E02005102,2021 super output areas - middle layer,152,Any other combination of only UK identities,55
14667,2021,E02005102,2021 super output areas - middle layer,152,Scottish only identity,25
14668,2021,E02005102,2021 super output areas - middle layer,152,Scottish and British only identity,5
14669,2021,E02005102,2021 super output areas - middle layer,152,Northern Irish only identity,9
14670,2021,E02005102,2021 super output areas - middle layer,152,Northern Irish and British only identity,4
14671,2021,E02005102,2021 super output areas - middle layer,152,Cornish only identity,1
14672,2021,E02005102,2021 super output areas - middle layer,152,Cornish and British only identity,1
14673,2021,E02005102,2021 super output areas - middle layer,152,Any other combination of only UK identities ,10
14674,2021,E02005102,2021 super output areas - middle layer,152,Irish only identity,15
14675,2021,E02005102,2021 super output areas - middle layer,152,Irish and at least one UK identity,7
14676,2021,E02005102,2021 super output areas - middle layer,152,Other identity only,172
14677,2021,E02005102,2021 super output areas - middle layer,152,Other identity and at least one UK identity,72
14678,2021,E02005102,2021 super output areas - middle layer,152,Non-UK identity only,187
14679,2021,E02005102,2021 super output areas - middle layer,152,UK identity and non-UK identity,79
14680,2021,E02005103,2021 super output areas - middle layer,152,Total: All usual residents,10084
14681,2021,E02005103,2021 super output areas - middle layer,152,British only identity,5711
14682,2021,E02005103,2021 super output areas - middle layer,152,English only identity,1815
14683,2021,E02005103,2021 super output areas - middle layer,152,English and British only identity,1769
14684,2021,E02005103,2021 super output areas - middle layer,152,Welsh only identity,23
14685,2021,E02005103,2021 super output areas - middle layer,152,Welsh and British only identity,10
14686,2021,E02005103,2021 super output areas - middle layer,152,Any other combination of only UK identities,92
14687,2021,E02005103,2021 super output areas - middle layer,152,Scottish only identity,44
14688,2021,E02005103,2021 super output areas - middle layer,152,Scottish and British only identity,22
14689,2021,E02005103,2021 super output areas - middle layer,152,Northern Irish only identity,7
14690,2021,E02005103,2021 super output areas - middle layer,152,Northern Irish and British only identity,3
14691,2021,E02005103,2021 super output areas - middle layer,152,Cornish only identity,2
14692,2021,E02005103,2021 super output areas - middle layer,152,Cornish and British only identity,0
14693,2021,E02005103,2021 super output areas - middle layer,152,Any other combination of only UK identities ,14
14694,2021,E02005103,2021 super output areas - middle layer,152,Irish only identity,25
14695,2021,E02005103,2021 super output areas - middle layer,152,Irish and at least one UK identity,3
14696,2021,E02005103,2021 super output areas - middle layer,152,Other identity only,532
14697,2021,E02005103,2021 super output areas - middle layer,152,Other identity and at least one UK identity,104
14698,2021,E02005103,2021 super output areas - middle layer,152,Non-UK identity only,557
14699,2021,E02005103,2021 super output areas - middle layer,152,UK identity and non-UK identity,107
14700,2021,E02005104,2021 super output areas - middle layer,152,Total: All usual residents,8001
14701,2021,E02005104,2021 super output areas - middle layer,152,British only identity,4578
14702,2021,E02005104,2021 super output areas - middle layer,152,English only identity,1580
14703,2021,E02005104,2021 super output areas - middle layer,152,English and British only identity,1363
14704,2021,E02005104,2021 super output areas - middle layer,152,Welsh only identity,20
14705,2021,E02005104,2021 super output areas - middle layer,152,Welsh and British only identity,8
14706,2021,E02005104,2021 super output areas - middle layer,152,Any other combination of only UK identities,72
14707,2021,E02005104,2021 super output areas - middle layer,152,Scottish only identity,36
14708,2021,E02005104,2021 super output areas - middle layer,152,Scottish and British only identity,12
14709,2021,E02005104,2021 super output areas - middle layer,152,Northern Irish only identity,7
14710,2021,E02005104,2021 super output areas - middle layer,152,Northern Irish and British only identity,6
14711,2021,E02005104,2021 super output areas - middle layer,152,Cornish only identity,2
14712,2021,E02005104,2021 super output areas - middle layer,152,Cornish and British only identity,0
14713,2021,E02005104,2021 super output areas - middle layer,152,Any other combination of only UK identities ,9
14714,2021,E02005104,2021 super output areas - middle layer,152,Irish only identity,32
14715,2021,E02005104,2021 super output areas - middle layer,152,Irish and at least one UK identity,6
14716,2021,E02005104,2021 super output areas - middle layer,152,Other identity only,270
14717,2021,E02005104,2021 super output areas - middle layer,152,Other identity and at least one UK identity,72
14718,2021,E02005104,2021 super output areas - middle layer,152,Non-UK identity only,302
14719,2021,E02005104,2021 super output areas - middle layer,152,UK identity and non-UK identity,78
14720,2021,E02005105,2021 super output areas - middle layer,152,Total: All usual residents,7652
14721,2021,E02005105,2021 super output areas - middle layer,152,British only identity,4372
14722,2021,E02005105,2021 super output areas - middle layer,152,English only identity,1216
14723,2021,E02005105,2021 super output areas - middle layer,152,English and British only identity,1266
14724,2021,E02005105,2021 super output areas - middle layer,152,Welsh only identity,16
14725,2021,E02005105,2021 super output areas - middle layer,152,Welsh and British only identity,7
14726,2021,E02005105,2021 super output areas - middle layer,152,Any other combination of only UK identities,84
14727,2021,E02005105,2021 super output areas - middle layer,152,Scottish only identity,34
14728,2021,E02005105,2021 super output areas - middle layer,152,Scottish and British only identity,13
14729,2021,E02005105,2021 super output areas - middle layer,152,Northern Irish only identity,12
14730,2021,E02005105,2021 super output areas - middle layer,152,Northern Irish and British only identity,5
14731,2021,E02005105,2021 super output areas - middle layer,152,Cornish only identity,0
14732,2021,E02005105,2021 super output areas - middle layer,152,Cornish and British only identity,0
14733,2021,E02005105,2021 super output areas - middle layer,152,Any other combination of only UK identities ,20
14734,2021,E02005105,2021 super output areas - middle layer,152,Irish only identity,19
14735,2021,E02005105,2021 super output areas - middle layer,152,Irish and at least one UK identity,10
14736,2021,E02005105,2021 super output areas - middle layer,152,Other identity only,548
14737,2021,E02005105,2021 super output areas - middle layer,152,Other identity and at least one UK identity,114
14738,2021,E02005105,2021 super output areas - middle layer,152,Non-UK identity only,567
14739,2021,E02005105,2021 super output areas - middle layer,152,UK identity and non-UK identity,124
14740,2021,E02005106,2021 super output areas - middle layer,152,Total: All usual residents,10008
14741,2021,E02005106,2021 super output areas - middle layer,152,British only identity,5576
14742,2021,E02005106,2021 super output areas - middle layer,152,English only identity,1653
14743,2021,E02005106,2021 super output areas - middle layer,152,English and British only identity,1493
14744,2021,E02005106,2021 super output areas - middle layer,152,Welsh only identity,12
14745,2021,E02005106,2021 super output areas - middle layer,152,Welsh and British only identity,1
14746,2021,E02005106,2021 super output areas - middle layer,152,Any other combination of only UK identities,93
14747,2021,E02005106,2021 super output areas - middle layer,152,Scottish only identity,42
14748,2021,E02005106,2021 super output areas - middle layer,152,Scottish and British only identity,19
14749,2021,E02005106,2021 super output areas - middle layer,152,Northern Irish only identity,10
14750,2021,E02005106,2021 super output areas - middle layer,152,Northern Irish and British only identity,7
14751,2021,E02005106,2021 super output areas - middle layer,152,Cornish only identity,1
14752,2021,E02005106,2021 super output areas - middle layer,152,Cornish and British only identity,0
14753,2021,E02005106,2021 super output areas - middle layer,152,Any other combination of only UK identities ,14
14754,2021,E02005106,2021 super output areas - middle layer,152,Irish only identity,27
14755,2021,E02005106,2021 super output areas - middle layer,152,Irish and at least one UK identity,4
14756,2021,E02005106,2021 super output areas - middle layer,152,Other identity only,1020
14757,2021,E02005106,2021 super output areas - middle layer,152,Other identity and at least one UK identity,129
14758,2021,E02005106,2021 super output areas - middle layer,152,Non-UK identity only,1047
14759,2021,E02005106,2021 super output areas - middle layer,152,UK identity and non-UK identity,133
14760,2021,E02005107,2021 super output areas - middle layer,152,Total: All usual residents,13101
14761,2021,E02005107,2021 super output areas - middle layer,152,British only identity,7430
14762,2021,E02005107,2021 super output areas - middle layer,152,English only identity,2240
14763,2021,E02005107,2021 super output areas - middle layer,152,English and British only identity,1936
14764,2021,E02005107,2021 super output areas - middle layer,152,Welsh only identity,35
14765,2021,E02005107,2021 super output areas - middle layer,152,Welsh and British only identity,17
14766,2021,E02005107,2021 super output areas - middle layer,152,Any other combination of only UK identities,129
14767,2021,E02005107,2021 super output areas - middle layer,152,Scottish only identity,62
14768,2021,E02005107,2021 super output areas - middle layer,152,Scottish and British only identity,21
14769,2021,E02005107,2021 super output areas - middle layer,152,Northern Irish only identity,19
14770,2021,E02005107,2021 super output areas - middle layer,152,Northern Irish and British only identity,7
14771,2021,E02005107,2021 super output areas - middle layer,152,Cornish only identity,0
14772,2021,E02005107,2021 super output areas - middle layer,152,Cornish and British only identity,1
14773,2021,E02005107,2021 super output areas - middle layer,152,Any other combination of only UK identities ,19
14774,2021,E02005107,2021 super output areas - middle layer,152,Irish only identity,42
14775,2021,E02005107,2021 super output areas - middle layer,152,Irish and at least one UK identity,16
14776,2021,E02005107,2021 super output areas - middle layer,152,Other identity only,1041
14777,2021,E02005107,2021 super output areas - middle layer,152,Other identity and at least one UK identity,215
14778,2021,E02005107,2021 super output areas - middle layer,152,Non-UK identity only,1083
14779,2021,E02005107,2021 super output areas - middle layer,152,UK identity and non-UK identity,231
14780,2021,E02005109,2021 super output areas - middle layer,152,Total: All usual residents,6692
14781,2021,E02005109,2021 super output areas - middle layer,152,British only identity,3856
14782,2021,E02005109,2021 super output areas - middle layer,152,English only identity,1319
14783,2021,E02005109,2021 super output areas - middle layer,152,English and British only identity,1065
14784,2021,E02005109,2021 super output areas - middle layer,152,Welsh only identity,21
14785,2021,E02005109,2021 super output areas - middle layer,152,Welsh and British only identity,13
14786,2021,E02005109,2021 super output areas - middle layer,152,Any other combination of only UK identities,81
14787,2021,E02005109,2021 super output areas - middle layer,152,Scottish only identity,29
14788,2021,E02005109,2021 super output areas - middle layer,152,Scottish and British only identity,18
14789,2021,E02005109,2021 super output areas - middle layer,152,Northern Irish only identity,18
14790,2021,E02005109,2021 super output areas - middle layer,152,Northern Irish and British only identity,5
14791,2021,E02005109,2021 super output areas - middle layer,152,Cornish only identity,2
14792,2021,E02005109,2021 super output areas - middle layer,152,Cornish and British only identity,0
14793,2021,E02005109,2021 super output areas - middle layer,152,Any other combination of only UK identities ,9
14794,2021,E02005109,2021 super output areas - middle layer,152,Irish only identity,50
14795,2021,E02005109,2021 super output areas - middle layer,152,Irish and at least one UK identity,1
14796,2021,E02005109,2021 super output areas - middle layer,152,Other identity only,206
14797,2021,E02005109,2021 super output areas - middle layer,152,Other identity and at least one UK identity,80
14798,2021,E02005109,2021 super output areas - middle layer,152,Non-UK identity only,256
14799,2021,E02005109,2021 super output areas - middle layer,152,UK identity and non-UK identity,81
14800,2021,E02005110,2021 super output areas - middle layer,152,Total: All usual residents,7107
14801,2021,E02005110,2021 super output areas - middle layer,152,British only identity,4001
14802,2021,E02005110,2021 super output areas - middle layer,152,English only identity,1697
14803,2021,E02005110,2021 super output areas - middle layer,152,English and British only identity,1121
14804,2021,E02005110,2021 super output areas - middle layer,152,Welsh only identity,20
14805,2021,E02005110,2021 super output areas - middle layer,152,Welsh and British only identity,5
14806,2021,E02005110,2021 super output areas - middle layer,152,Any other combination of only UK identities,48
14807,2021,E02005110,2021 super output areas - middle layer,152,Scottish only identity,23
14808,2021,E02005110,2021 super output areas - middle layer,152,Scottish and British only identity,8
14809,2021,E02005110,2021 super output areas - middle layer,152,Northern Irish only identity,4
14810,2021,E02005110,2021 super output areas - middle layer,152,Northern Irish and British only identity,0
14811,2021,E02005110,2021 super output areas - middle layer,152,Cornish only identity,2
14812,2021,E02005110,2021 super output areas - middle layer,152,Cornish and British only identity,0
14813,2021,E02005110,2021 super output areas - middle layer,152,Any other combination of only UK identities ,11
14814,2021,E02005110,2021 super output areas - middle layer,152,Irish only identity,21
14815,2021,E02005110,2021 super output areas - middle layer,152,Irish and at least one UK identity,7
14816,2021,E02005110,2021 super output areas - middle layer,152,Other identity only,134
14817,2021,E02005110,2021 super output areas - middle layer,152,Other identity and at least one UK identity,53
14818,2021,E02005110,2021 super output areas - middle layer,152,Non-UK identity only,155
14819,2021,E02005110,2021 super output areas - middle layer,152,UK identity and non-UK identity,60
14820,2021,E02005111,2021 super output areas - middle layer,152,Total: All usual residents,7185
14821,2021,E02005111,2021 super output areas - middle layer,152,British only identity,3937
14822,2021,E02005111,2021 super output areas - middle layer,152,English only identity,1649
14823,2021,E02005111,2021 super output areas - middle layer,152,English and British only identity,1099
14824,2021,E02005111,2021 super output areas - middle layer,152,Welsh only identity,13
14825,2021,E02005111,2021 super output areas - middle layer,152,Welsh and British only identity,10
14826,2021,E02005111,2021 super output areas - middle layer,152,Any other combination of only UK identities,104
14827,2021,E02005111,2021 super output areas - middle layer,152,Scottish only identity,52
14828,2021,E02005111,2021 super output areas - middle layer,152,Scottish and British only identity,19
14829,2021,E02005111,2021 super output areas - middle layer,152,Northern Irish only identity,12
14830,2021,E02005111,2021 super output areas - middle layer,152,Northern Irish and British only identity,7
14831,2021,E02005111,2021 super output areas - middle layer,152,Cornish only identity,3
14832,2021,E02005111,2021 super output areas - middle layer,152,Cornish and British only identity,1
14833,2021,E02005111,2021 super output areas - middle layer,152,Any other combination of only UK identities ,10
14834,2021,E02005111,2021 super output areas - middle layer,152,Irish only identity,33
14835,2021,E02005111,2021 super output areas - middle layer,152,Irish and at least one UK identity,7
14836,2021,E02005111,2021 super output areas - middle layer,152,Other identity only,255
14837,2021,E02005111,2021 super output areas - middle layer,152,Other identity and at least one UK identity,78
14838,2021,E02005111,2021 super output areas - middle layer,152,Non-UK identity only,288
14839,2021,E02005111,2021 super output areas - middle layer,152,UK identity and non-UK identity,85
14840,2021,E02005112,2021 super output areas - middle layer,152,Total: All usual residents,7055
14841,2021,E02005112,2021 super output areas - middle layer,152,British only identity,3751
14842,2021,E02005112,2021 super output areas - middle layer,152,English only identity,1898
14843,2021,E02005112,2021 super output areas - middle layer,152,English and British only identity,1141
14844,2021,E02005112,2021 super output areas - middle layer,152,Welsh only identity,23
14845,2021,E02005112,2021 super output areas - middle layer,152,Welsh and British only identity,7
14846,2021,E02005112,2021 super output areas - middle layer,152,Any other combination of only UK identities,56
14847,2021,E02005112,2021 super output areas - middle layer,152,Scottish only identity,22
14848,2021,E02005112,2021 super output areas - middle layer,152,Scottish and British only identity,13
14849,2021,E02005112,2021 super output areas - middle layer,152,Northern Irish only identity,6
14850,2021,E02005112,2021 super output areas - middle layer,152,Northern Irish and British only identity,9
14851,2021,E02005112,2021 super output areas - middle layer,152,Cornish only identity,0
14852,2021,E02005112,2021 super output areas - middle layer,152,Cornish and British only identity,0
14853,2021,E02005112,2021 super output areas - middle layer,152,Any other combination of only UK identities ,6
14854,2021,E02005112,2021 super output areas - middle layer,152,Irish only identity,27
14855,2021,E02005112,2021 super output areas - middle layer,152,Irish and at least one UK identity,7
14856,2021,E02005112,2021 super output areas - middle layer,152,Other identity only,106
14857,2021,E02005112,2021 super output areas - middle layer,152,Other identity and at least one UK identity,39
14858,2021,E02005112,2021 super output areas - middle layer,152,Non-UK identity only,133
14859,2021,E02005112,2021 super output areas - middle layer,152,UK identity and non-UK identity,46
14860,2021,E02005113,2021 super output areas - middle layer,152,Total: All usual residents,7253
14861,2021,E02005113,2021 super output areas - middle layer,152,British only identity,3909
14862,2021,E02005113,2021 super output areas - middle layer,152,English only identity,1923
14863,2021,E02005113,2021 super output areas - middle layer,152,English and British only identity,1107
14864,2021,E02005113,2021 super output areas - middle layer,152,Welsh only identity,24
14865,2021,E02005113,2021 super output areas - middle layer,152,Welsh and British only identity,5
14866,2021,E02005113,2021 super output areas - middle layer,152,Any other combination of only UK identities,57
14867,2021,E02005113,2021 super output areas - middle layer,152,Scottish only identity,28
14868,2021,E02005113,2021 super output areas - middle layer,152,Scottish and British only identity,10
14869,2021,E02005113,2021 super output areas - middle layer,152,Northern Irish only identity,6
14870,2021,E02005113,2021 super output areas - middle layer,152,Northern Irish and British only identity,1
14871,2021,E02005113,2021 super output areas - middle layer,152,Cornish only identity,1
14872,2021,E02005113,2021 super output areas - middle layer,152,Cornish and British only identity,0
14873,2021,E02005113,2021 super output areas - middle layer,152,Any other combination of only UK identities ,11
14874,2021,E02005113,2021 super output areas - middle layer,152,Irish only identity,18
14875,2021,E02005113,2021 super output areas - middle layer,152,Irish and at least one UK identity,7
14876,2021,E02005113,2021 super output areas - middle layer,152,Other identity only,152
14877,2021,E02005113,2021 super output areas - middle layer,152,Other identity and at least one UK identity,51
14878,2021,E02005113,2021 super output areas - middle layer,152,Non-UK identity only,170
14879,2021,E02005113,2021 super output areas - middle layer,152,UK identity and non-UK identity,58
14880,2021,E02005114,2021 super output areas - middle layer,152,Total: All usual residents,6339
14881,2021,E02005114,2021 super output areas - middle layer,152,British only identity,3448
14882,2021,E02005114,2021 super output areas - middle layer,152,English only identity,1704
14883,2021,E02005114,2021 super output areas - middle layer,152,English and British only identity,991
14884,2021,E02005114,2021 super output areas - middle layer,152,Welsh only identity,16
14885,2021,E02005114,2021 super output areas - middle layer,152,Welsh and British only identity,6
14886,2021,E02005114,2021 super output areas - middle layer,152,Any other combination of only UK identities,46
14887,2021,E02005114,2021 super output areas - middle layer,152,Scottish only identity,23
14888,2021,E02005114,2021 super output areas - middle layer,152,Scottish and British only identity,10
14889,2021,E02005114,2021 super output areas - middle layer,152,Northern Irish only identity,3
14890,2021,E02005114,2021 super output areas - middle layer,152,Northern Irish and British only identity,1
14891,2021,E02005114,2021 super output areas - middle layer,152,Cornish only identity,1
14892,2021,E02005114,2021 super output areas - middle layer,152,Cornish and British only identity,0
14893,2021,E02005114,2021 super output areas - middle layer,152,Any other combination of only UK identities ,8
14894,2021,E02005114,2021 super output areas - middle layer,152,Irish only identity,14
14895,2021,E02005114,2021 super output areas - middle layer,152,Irish and at least one UK identity,3
14896,2021,E02005114,2021 super output areas - middle layer,152,Other identity only,81
14897,2021,E02005114,2021 super output areas - middle layer,152,Other identity and at least one UK identity,30
14898,2021,E02005114,2021 super output areas - middle layer,152,Non-UK identity only,95
14899,2021,E02005114,2021 super output areas - middle layer,152,UK identity and non-UK identity,33
14900,2021,E02006879,2021 super output areas - middle layer,152,Total: All usual residents,6545
14901,2021,E02006879,2021 super output areas - middle layer,152,British only identity,3431
14902,2021,E02006879,2021 super output areas - middle layer,152,English only identity,950
14903,2021,E02006879,2021 super output areas - middle layer,152,English and British only identity,983
14904,2021,E02006879,2021 super output areas - middle layer,152,Welsh only identity,16
14905,2021,E02006879,2021 super output areas - middle layer,152,Welsh and British only identity,7
14906,2021,E02006879,2021 super output areas - middle layer,152,Any other combination of only UK identities,77
14907,2021,E02006879,2021 super output areas - middle layer,152,Scottish only identity,24
14908,2021,E02006879,2021 super output areas - middle layer,152,Scottish and British only identity,14
14909,2021,E02006879,2021 super output areas - middle layer,152,Northern Irish only identity,11
14910,2021,E02006879,2021 super output areas - middle layer,152,Northern Irish and British only identity,8
14911,2021,E02006879,2021 super output areas - middle layer,152,Cornish only identity,1
14912,2021,E02006879,2021 super output areas - middle layer,152,Cornish and British only identity,0
14913,2021,E02006879,2021 super output areas - middle layer,152,Any other combination of only UK identities ,19
14914,2021,E02006879,2021 super output areas - middle layer,152,Irish only identity,33
14915,2021,E02006879,2021 super output areas - middle layer,152,Irish and at least one UK identity,13
14916,2021,E02006879,2021 super output areas - middle layer,152,Other identity only,903
14917,2021,E02006879,2021 super output areas - middle layer,152,Other identity and at least one UK identity,132
14918,2021,E02006879,2021 super output areas - middle layer,152,Non-UK identity only,936
14919,2021,E02006879,2021 super output areas - middle layer,152,UK identity and non-UK identity,145
14920,2021,E02006880,2021 super output areas - middle layer,152,Total: All usual residents,6652
14921,2021,E02006880,2021 super output areas - middle layer,152,British only identity,3593
14922,2021,E02006880,2021 super output areas - middle layer,152,English only identity,1056
14923,2021,E02006880,2021 super output areas - middle layer,152,English and British only identity,918
14924,2021,E02006880,2021 super output areas - middle layer,152,Welsh only identity,29
14925,2021,E02006880,2021 super output areas - middle layer,152,Welsh and British only identity,17
14926,2021,E02006880,2021 super output areas - middle layer,152,Any other combination of only UK identities,82
14927,2021,E02006880,2021 super output areas - middle layer,152,Scottish only identity,41
14928,2021,E02006880,2021 super output areas - middle layer,152,Scottish and British only identity,23
14929,2021,E02006880,2021 super output areas - middle layer,152,Northern Irish only identity,3
14930,2021,E02006880,2021 super output areas - middle layer,152,Northern Irish and British only identity,0
14931,2021,E02006880,2021 super output areas - middle layer,152,Cornish only identity,6
14932,2021,E02006880,2021 super output areas - middle layer,152,Cornish and British only identity,0
14933,2021,E02006880,2021 super output areas - middle layer,152,Any other combination of only UK identities ,9
14934,2021,E02006880,2021 super output areas - middle layer,152,Irish only identity,56
14935,2021,E02006880,2021 super output areas - middle layer,152,Irish and at least one UK identity,5
14936,2021,E02006880,2021 super output areas - middle layer,152,Other identity only,720
14937,2021,E02006880,2021 super output areas - middle layer,152,Other identity and at least one UK identity,176
14938,2021,E02006880,2021 super output areas - middle layer,152,Non-UK identity only,776
14939,2021,E02006880,2021 super output areas - middle layer,152,UK identity and non-UK identity,181
14940,2021,E02005115,2021 super output areas - middle layer,152,Total: All usual residents,6706
14941,2021,E02005115,2021 super output areas - middle layer,152,British only identity,3587
14942,2021,E02005115,2021 super output areas - middle layer,152,English only identity,1260
14943,2021,E02005115,2021 super output areas - middle layer,152,English and British only identity,1269
14944,2021,E02005115,2021 super output areas - middle layer,152,Welsh only identity,4
14945,2021,E02005115,2021 super output areas - middle layer,152,Welsh and British only identity,4
14946,2021,E02005115,2021 super output areas - middle layer,152,Any other combination of only UK identities,50
14947,2021,E02005115,2021 super output areas - middle layer,152,Scottish only identity,20
14948,2021,E02005115,2021 super output areas - middle layer,152,Scottish and British only identity,11
14949,2021,E02005115,2021 super output areas - middle layer,152,Northern Irish only identity,5
14950,2021,E02005115,2021 super output areas - middle layer,152,Northern Irish and British only identity,6
14951,2021,E02005115,2021 super output areas - middle layer,152,Cornish only identity,0
14952,2021,E02005115,2021 super output areas - middle layer,152,Cornish and British only identity,0
14953,2021,E02005115,2021 super output areas - middle layer,152,Any other combination of only UK identities ,8
14954,2021,E02005115,2021 super output areas - middle layer,152,Irish only identity,17
14955,2021,E02005115,2021 super output areas - middle layer,152,Irish and at least one UK identity,1
14956,2021,E02005115,2021 super output areas - middle layer,152,Other identity only,436
14957,2021,E02005115,2021 super output areas - middle layer,152,Other identity and at least one UK identity,78
14958,2021,E02005115,2021 super output areas - middle layer,152,Non-UK identity only,453
14959,2021,E02005115,2021 super output areas - middle layer,152,UK identity and non-UK identity,79
14960,2021,E02005116,2021 super output areas - middle layer,152,Total: All usual residents,6546
14961,2021,E02005116,2021 super output areas - middle layer,152,British only identity,3666
14962,2021,E02005116,2021 super output areas - middle layer,152,English only identity,1398
14963,2021,E02005116,2021 super output areas - middle layer,152,English and British only identity,1126
14964,2021,E02005116,2021 super output areas - middle layer,152,Welsh only identity,10
14965,2021,E02005116,2021 super output areas - middle layer,152,Welsh and British only identity,6
14966,2021,E02005116,2021 super output areas - middle layer,152,Any other combination of only UK identities,36
14967,2021,E02005116,2021 super output areas - middle layer,152,Scottish only identity,19
14968,2021,E02005116,2021 super output areas - middle layer,152,Scottish and British only identity,4
14969,2021,E02005116,2021 super output areas - middle layer,152,Northern Irish only identity,5
14970,2021,E02005116,2021 super output areas - middle layer,152,Northern Irish and British only identity,0
14971,2021,E02005116,2021 super output areas - middle layer,152,Cornish only identity,1
14972,2021,E02005116,2021 super output areas - middle layer,152,Cornish and British only identity,0
14973,2021,E02005116,2021 super output areas - middle layer,152,Any other combination of only UK identities ,7
14974,2021,E02005116,2021 super output areas - middle layer,152,Irish only identity,10
14975,2021,E02005116,2021 super output areas - middle layer,152,Irish and at least one UK identity,5
14976,2021,E02005116,2021 super output areas - middle layer,152,Other identity only,256
14977,2021,E02005116,2021 super output areas - middle layer,152,Other identity and at least one UK identity,33
14978,2021,E02005116,2021 super output areas - middle layer,152,Non-UK identity only,266
14979,2021,E02005116,2021 super output areas - middle layer,152,UK identity and non-UK identity,38
14980,2021,E02005117,2021 super output areas - middle layer,152,Total: All usual residents,6585
14981,2021,E02005117,2021 super output areas - middle layer,152,British only identity,3571
14982,2021,E02005117,2021 super output areas - middle layer,152,English only identity,1691
14983,2021,E02005117,2021 super output areas - middle layer,152,English and British only identity,1081
14984,2021,E02005117,2021 super output areas - middle layer,152,Welsh only identity,12
14985,2021,E02005117,2021 super output areas - middle layer,152,Welsh and British only identity,7
14986,2021,E02005117,2021 super output areas - middle layer,152,Any other combination of only UK identities,38
14987,2021,E02005117,2021 super output areas - middle layer,152,Scottish only identity,15
14988,2021,E02005117,2021 super output areas - middle layer,152,Scottish and British only identity,6
14989,2021,E02005117,2021 super output areas - middle layer,152,Northern Irish only identity,5
14990,2021,E02005117,2021 super output areas - middle layer,152,Northern Irish and British only identity,5
14991,2021,E02005117,2021 super output areas - middle layer,152,Cornish only identity,0
14992,2021,E02005117,2021 super output areas - middle layer,152,Cornish and British only identity,0
14993,2021,E02005117,2021 super output areas - middle layer,152,Any other combination of only UK identities ,7
14994,2021,E02005117,2021 super output areas - middle layer,152,Irish only identity,21
14995,2021,E02005117,2021 super output areas - middle layer,152,Irish and at least one UK identity,6
14996,2021,E02005117,2021 super output areas - middle layer,152,Other identity only,129
14997,2021,E02005117,2021 super output areas - middle layer,152,Other identity and at least one UK identity,29
14998,2021,E02005117,2021 super output areas - middle layer,152,Non-UK identity only,150
14999,2021,E02005117,2021 super output areas - middle layer,152,UK identity and non-UK identity,35
15000,2021,E02005118,2021 super output areas - middle layer,152,Total: All usual residents,10853
15001,2021,E02005118,2021 super output areas - middle layer,152,British only identity,6084
15002,2021,E02005118,2021 super output areas - middle layer,152,English only identity,2426
15003,2021,E02005118,2021 super output areas - middle layer,152,English and British only identity,1860
15004,2021,E02005118,2021 super output areas - middle layer,152,Welsh only identity,14
15005,2021,E02005118,2021 super output areas - middle layer,152,Welsh and British only identity,2
15006,2021,E02005118,2021 super output areas - middle layer,152,Any other combination of only UK identities,49
15007,2021,E02005118,2021 super output areas - middle layer,152,Scottish only identity,19
15008,2021,E02005118,2021 super output areas - middle layer,152,Scottish and British only identity,11
15009,2021,E02005118,2021 super output areas - middle layer,152,Northern Irish only identity,6
15010,2021,E02005118,2021 super output areas - middle layer,152,Northern Irish and British only identity,2
15011,2021,E02005118,2021 super output areas - middle layer,152,Cornish only identity,0
15012,2021,E02005118,2021 super output areas - middle layer,152,Cornish and British only identity,0
15013,2021,E02005118,2021 super output areas - middle layer,152,Any other combination of only UK identities ,11
15014,2021,E02005118,2021 super output areas - middle layer,152,Irish only identity,24
15015,2021,E02005118,2021 super output areas - middle layer,152,Irish and at least one UK identity,4
15016,2021,E02005118,2021 super output areas - middle layer,152,Other identity only,306
15017,2021,E02005118,2021 super output areas - middle layer,152,Other identity and at least one UK identity,84
15018,2021,E02005118,2021 super output areas - middle layer,152,Non-UK identity only,330
15019,2021,E02005118,2021 super output areas - middle layer,152,UK identity and non-UK identity,88
15020,2021,E02005119,2021 super output areas - middle layer,152,Total: All usual residents,6573
15021,2021,E02005119,2021 super output areas - middle layer,152,British only identity,3620
15022,2021,E02005119,2021 super output areas - middle layer,152,English only identity,1500
15023,2021,E02005119,2021 super output areas - middle layer,152,English and British only identity,1180
15024,2021,E02005119,2021 super output areas - middle layer,152,Welsh only identity,14
15025,2021,E02005119,2021 super output areas - middle layer,152,Welsh and British only identity,4
15026,2021,E02005119,2021 super output areas - middle layer,152,Any other combination of only UK identities,45
15027,2021,E02005119,2021 super output areas - middle layer,152,Scottish only identity,21
15028,2021,E02005119,2021 super output areas - middle layer,152,Scottish and British only identity,7
15029,2021,E02005119,2021 super output areas - middle layer,152,Northern Irish only identity,8
15030,2021,E02005119,2021 super output areas - middle layer,152,Northern Irish and British only identity,3
15031,2021,E02005119,2021 super output areas - middle layer,152,Cornish only identity,0
15032,2021,E02005119,2021 super output areas - middle layer,152,Cornish and British only identity,0
15033,2021,E02005119,2021 super output areas - middle layer,152,Any other combination of only UK identities ,6
15034,2021,E02005119,2021 super output areas - middle layer,152,Irish only identity,16
15035,2021,E02005119,2021 super output areas - middle layer,152,Irish and at least one UK identity,3
15036,2021,E02005119,2021 super output areas - middle layer,152,Other identity only,159
15037,2021,E02005119,2021 super output areas - middle layer,152,Other identity and at least one UK identity,32
15038,2021,E02005119,2021 super output areas - middle layer,152,Non-UK identity only,175
15039,2021,E02005119,2021 super output areas - middle layer,152,UK identity and non-UK identity,35
15040,2021,E02005120,2021 super output areas - middle layer,152,Total: All usual residents,9631
15041,2021,E02005120,2021 super output areas - middle layer,152,British only identity,5311
15042,2021,E02005120,2021 super output areas - middle layer,152,English only identity,2504
15043,2021,E02005120,2021 super output areas - middle layer,152,English and British only identity,1223
15044,2021,E02005120,2021 super output areas - middle layer,152,Welsh only identity,25
15045,2021,E02005120,2021 super output areas - middle layer,152,Welsh and British only identity,16
15046,2021,E02005120,2021 super output areas - middle layer,152,Any other combination of only UK identities,76
15047,2021,E02005120,2021 super output areas - middle layer,152,Scottish only identity,37
15048,2021,E02005120,2021 super output areas - middle layer,152,Scottish and British only identity,16
15049,2021,E02005120,2021 super output areas - middle layer,152,Northern Irish only identity,10
15050,2021,E02005120,2021 super output areas - middle layer,152,Northern Irish and British only identity,6
15051,2021,E02005120,2021 super output areas - middle layer,152,Cornish only identity,0
15052,2021,E02005120,2021 super output areas - middle layer,152,Cornish and British only identity,0
15053,2021,E02005120,2021 super output areas - middle layer,152,Any other combination of only UK identities ,7
15054,2021,E02005120,2021 super output areas - middle layer,152,Irish only identity,68
15055,2021,E02005120,2021 super output areas - middle layer,152,Irish and at least one UK identity,9
15056,2021,E02005120,2021 super output areas - middle layer,152,Other identity only,333
15057,2021,E02005120,2021 super output areas - middle layer,152,Other identity and at least one UK identity,66
15058,2021,E02005120,2021 super output areas - middle layer,152,Non-UK identity only,401
15059,2021,E02005120,2021 super output areas - middle layer,152,UK identity and non-UK identity,75
15060,2021,E02005121,2021 super output areas - middle layer,152,Total: All usual residents,14037
15061,2021,E02005121,2021 super output areas - middle layer,152,British only identity,8136
15062,2021,E02005121,2021 super output areas - middle layer,152,English only identity,2583
15063,2021,E02005121,2021 super output areas - middle layer,152,English and British only identity,2319
15064,2021,E02005121,2021 super output areas - middle layer,152,Welsh only identity,18
15065,2021,E02005121,2021 super output areas - middle layer,152,Welsh and British only identity,10
15066,2021,E02005121,2021 super output areas - middle layer,152,Any other combination of only UK identities,68
15067,2021,E02005121,2021 super output areas - middle layer,152,Scottish only identity,28
15068,2021,E02005121,2021 super output areas - middle layer,152,Scottish and British only identity,10
15069,2021,E02005121,2021 super output areas - middle layer,152,Northern Irish only identity,9
15070,2021,E02005121,2021 super output areas - middle layer,152,Northern Irish and British only identity,4
15071,2021,E02005121,2021 super output areas - middle layer,152,Cornish only identity,7
15072,2021,E02005121,2021 super output areas - middle layer,152,Cornish and British only identity,0
15073,2021,E02005121,2021 super output areas - middle layer,152,Any other combination of only UK identities ,10
15074,2021,E02005121,2021 super output areas - middle layer,152,Irish only identity,52
15075,2021,E02005121,2021 super output areas - middle layer,152,Irish and at least one UK identity,5
15076,2021,E02005121,2021 super output areas - middle layer,152,Other identity only,710
15077,2021,E02005121,2021 super output areas - middle layer,152,Other identity and at least one UK identity,136
15078,2021,E02005121,2021 super output areas - middle layer,152,Non-UK identity only,762
15079,2021,E02005121,2021 super output areas - middle layer,152,UK identity and non-UK identity,141
15080,2021,E02005122,2021 super output areas - middle layer,152,Total: All usual residents,7810
15081,2021,E02005122,2021 super output areas - middle layer,152,British only identity,4498
15082,2021,E02005122,2021 super output areas - middle layer,152,English only identity,1619
15083,2021,E02005122,2021 super output areas - middle layer,152,English and British only identity,1366
15084,2021,E02005122,2021 super output areas - middle layer,152,Welsh only identity,11
15085,2021,E02005122,2021 super output areas - middle layer,152,Welsh and British only identity,5
15086,2021,E02005122,2021 super output areas - middle layer,152,Any other combination of only UK identities,52
15087,2021,E02005122,2021 super output areas - middle layer,152,Scottish only identity,21
15088,2021,E02005122,2021 super output areas - middle layer,152,Scottish and British only identity,9
15089,2021,E02005122,2021 super output areas - middle layer,152,Northern Irish only identity,9
15090,2021,E02005122,2021 super output areas - middle layer,152,Northern Irish and British only identity,5
15091,2021,E02005122,2021 super output areas - middle layer,152,Cornish only identity,0
15092,2021,E02005122,2021 super output areas - middle layer,152,Cornish and British only identity,0
15093,2021,E02005122,2021 super output areas - middle layer,152,Any other combination of only UK identities ,8
15094,2021,E02005122,2021 super output areas - middle layer,152,Irish only identity,16
15095,2021,E02005122,2021 super output areas - middle layer,152,Irish and at least one UK identity,8
15096,2021,E02005122,2021 super output areas - middle layer,152,Other identity only,174
15097,2021,E02005122,2021 super output areas - middle layer,152,Other identity and at least one UK identity,61
15098,2021,E02005122,2021 super output areas - middle layer,152,Non-UK identity only,190
15099,2021,E02005122,2021 super output areas - middle layer,152,UK identity and non-UK identity,69
15100,2021,E02005123,2021 super output areas - middle layer,152,Total: All usual residents,12760
15101,2021,E02005123,2021 super output areas - middle layer,152,British only identity,7307
15102,2021,E02005123,2021 super output areas - middle layer,152,English only identity,2495
15103,2021,E02005123,2021 super output areas - middle layer,152,English and British only identity,2146
15104,2021,E02005123,2021 super output areas - middle layer,152,Welsh only identity,20
15105,2021,E02005123,2021 super output areas - middle layer,152,Welsh and British only identity,7
15106,2021,E02005123,2021 super output areas - middle layer,152,Any other combination of only UK identities,60
15107,2021,E02005123,2021 super output areas - middle layer,152,Scottish only identity,22
15108,2021,E02005123,2021 super output areas - middle layer,152,Scottish and British only identity,10
15109,2021,E02005123,2021 super output areas - middle layer,152,Northern Irish only identity,15
15110,2021,E02005123,2021 super output areas - middle layer,152,Northern Irish and British only identity,2
15111,2021,E02005123,2021 super output areas - middle layer,152,Cornish only identity,0
15112,2021,E02005123,2021 super output areas - middle layer,152,Cornish and British only identity,0
15113,2021,E02005123,2021 super output areas - middle layer,152,Any other combination of only UK identities ,11
15114,2021,E02005123,2021 super output areas - middle layer,152,Irish only identity,41
15115,2021,E02005123,2021 super output areas - middle layer,152,Irish and at least one UK identity,7
15116,2021,E02005123,2021 super output areas - middle layer,152,Other identity only,575
15117,2021,E02005123,2021 super output areas - middle layer,152,Other identity and at least one UK identity,102
15118,2021,E02005123,2021 super output areas - middle layer,152,Non-UK identity only,616
15119,2021,E02005123,2021 super output areas - middle layer,152,UK identity and non-UK identity,109
15120,2021,E02005124,2021 super output areas - middle layer,152,Total: All usual residents,8821
15121,2021,E02005124,2021 super output areas - middle layer,152,British only identity,4603
15122,2021,E02005124,2021 super output areas - middle layer,152,English only identity,1698
15123,2021,E02005124,2021 super output areas - middle layer,152,English and British only identity,1439
15124,2021,E02005124,2021 super output areas - middle layer,152,Welsh only identity,6
15125,2021,E02005124,2021 super output areas - middle layer,152,Welsh and British only identity,5
15126,2021,E02005124,2021 super output areas - middle layer,152,Any other combination of only UK identities,44
15127,2021,E02005124,2021 super output areas - middle layer,152,Scottish only identity,20
15128,2021,E02005124,2021 super output areas - middle layer,152,Scottish and British only identity,6
15129,2021,E02005124,2021 super output areas - middle layer,152,Northern Irish only identity,7
15130,2021,E02005124,2021 super output areas - middle layer,152,Northern Irish and British only identity,1
15131,2021,E02005124,2021 super output areas - middle layer,152,Cornish only identity,0
15132,2021,E02005124,2021 super output areas - middle layer,152,Cornish and British only identity,1
15133,2021,E02005124,2021 super output areas - middle layer,152,Any other combination of only UK identities ,9
15134,2021,E02005124,2021 super output areas - middle layer,152,Irish only identity,22
15135,2021,E02005124,2021 super output areas - middle layer,152,Irish and at least one UK identity,2
15136,2021,E02005124,2021 super output areas - middle layer,152,Other identity only,909
15137,2021,E02005124,2021 super output areas - middle layer,152,Other identity and at least one UK identity,93
15138,2021,E02005124,2021 super output areas - middle layer,152,Non-UK identity only,931
15139,2021,E02005124,2021 super output areas - middle layer,152,UK identity and non-UK identity,95
15140,2021,E02005125,2021 super output areas - middle layer,152,Total: All usual residents,8549
15141,2021,E02005125,2021 super output areas - middle layer,152,British only identity,4510
15142,2021,E02005125,2021 super output areas - middle layer,152,English only identity,1660
15143,2021,E02005125,2021 super output areas - middle layer,152,English and British only identity,1515
15144,2021,E02005125,2021 super output areas - middle layer,152,Welsh only identity,11
15145,2021,E02005125,2021 super output areas - middle layer,152,Welsh and British only identity,2
15146,2021,E02005125,2021 super output areas - middle layer,152,Any other combination of only UK identities,51
15147,2021,E02005125,2021 super output areas - middle layer,152,Scottish only identity,27
15148,2021,E02005125,2021 super output areas - middle layer,152,Scottish and British only identity,10
15149,2021,E02005125,2021 super output areas - middle layer,152,Northern Irish only identity,5
15150,2021,E02005125,2021 super output areas - middle layer,152,Northern Irish and British only identity,0
15151,2021,E02005125,2021 super output areas - middle layer,152,Cornish only identity,0
15152,2021,E02005125,2021 super output areas - middle layer,152,Cornish and British only identity,0
15153,2021,E02005125,2021 super output areas - middle layer,152,Any other combination of only UK identities ,9
15154,2021,E02005125,2021 super output areas - middle layer,152,Irish only identity,21
15155,2021,E02005125,2021 super output areas - middle layer,152,Irish and at least one UK identity,3
15156,2021,E02005125,2021 super output areas - middle layer,152,Other identity only,661
15157,2021,E02005125,2021 super output areas - middle layer,152,Other identity and at least one UK identity,115
15158,2021,E02005125,2021 super output areas - middle layer,152,Non-UK identity only,682
15159,2021,E02005125,2021 super output areas - middle layer,152,UK identity and non-UK identity,118
15160,2021,E02005126,2021 super output areas - middle layer,152,Total: All usual residents,8164
15161,2021,E02005126,2021 super output areas - middle layer,152,British only identity,4378
15162,2021,E02005126,2021 super output areas - middle layer,152,English only identity,1786
15163,2021,E02005126,2021 super output areas - middle layer,152,English and British only identity,1515
15164,2021,E02005126,2021 super output areas - middle layer,152,Welsh only identity,12
15165,2021,E02005126,2021 super output areas - middle layer,152,Welsh and British only identity,7
15166,2021,E02005126,2021 super output areas - middle layer,152,Any other combination of only UK identities,40
15167,2021,E02005126,2021 super output areas - middle layer,152,Scottish only identity,21
15168,2021,E02005126,2021 super output areas - middle layer,152,Scottish and British only identity,6
15169,2021,E02005126,2021 super output areas - middle layer,152,Northern Irish only identity,4
15170,2021,E02005126,2021 super output areas - middle layer,152,Northern Irish and British only identity,3
15171,2021,E02005126,2021 super output areas - middle layer,152,Cornish only identity,0
15172,2021,E02005126,2021 super output areas - middle layer,152,Cornish and British only identity,0
15173,2021,E02005126,2021 super output areas - middle layer,152,Any other combination of only UK identities ,6
15174,2021,E02005126,2021 super output areas - middle layer,152,Irish only identity,31
15175,2021,E02005126,2021 super output areas - middle layer,152,Irish and at least one UK identity,7
15176,2021,E02005126,2021 super output areas - middle layer,152,Other identity only,310
15177,2021,E02005126,2021 super output areas - middle layer,152,Other identity and at least one UK identity,78
15178,2021,E02005126,2021 super output areas - middle layer,152,Non-UK identity only,341
15179,2021,E02005126,2021 super output areas - middle layer,152,UK identity and non-UK identity,85
15180,2021,E02005127,2021 super output areas - middle layer,152,Total: All usual residents,8887
15181,2021,E02005127,2021 super output areas - middle layer,152,British only identity,5134
15182,2021,E02005127,2021 super output areas - middle layer,152,English only identity,1882
15183,2021,E02005127,2021 super output areas - middle layer,152,English and British only identity,1458
15184,2021,E02005127,2021 super output areas - middle layer,152,Welsh only identity,24
15185,2021,E02005127,2021 super output areas - middle layer,152,Welsh and British only identity,10
15186,2021,E02005127,2021 super output areas - middle layer,152,Any other combination of only UK identities,53
15187,2021,E02005127,2021 super output areas - middle layer,152,Scottish only identity,23
15188,2021,E02005127,2021 super output areas - middle layer,152,Scottish and British only identity,9
15189,2021,E02005127,2021 super output areas - middle layer,152,Northern Irish only identity,6
15190,2021,E02005127,2021 super output areas - middle layer,152,Northern Irish and British only identity,0
15191,2021,E02005127,2021 super output areas - middle layer,152,Cornish only identity,2
15192,2021,E02005127,2021 super output areas - middle layer,152,Cornish and British only identity,0
15193,2021,E02005127,2021 super output areas - middle layer,152,Any other combination of only UK identities ,13
15194,2021,E02005127,2021 super output areas - middle layer,152,Irish only identity,42
15195,2021,E02005127,2021 super output areas - middle layer,152,Irish and at least one UK identity,4
15196,2021,E02005127,2021 super output areas - middle layer,152,Other identity only,197
15197,2021,E02005127,2021 super output areas - middle layer,152,Other identity and at least one UK identity,83
15198,2021,E02005127,2021 super output areas - middle layer,152,Non-UK identity only,239
15199,2021,E02005127,2021 super output areas - middle layer,152,UK identity and non-UK identity,87
15200,2021,E02005128,2021 super output areas - middle layer,152,Total: All usual residents,8973
15201,2021,E02005128,2021 super output areas - middle layer,152,British only identity,5101
15202,2021,E02005128,2021 super output areas - middle layer,152,English only identity,1795
15203,2021,E02005128,2021 super output areas - middle layer,152,English and British only identity,1512
15204,2021,E02005128,2021 super output areas - middle layer,152,Welsh only identity,17
15205,2021,E02005128,2021 super output areas - middle layer,152,Welsh and British only identity,12
15206,2021,E02005128,2021 super output areas - middle layer,152,Any other combination of only UK identities,62
15207,2021,E02005128,2021 super output areas - middle layer,152,Scottish only identity,11
15208,2021,E02005128,2021 super output areas - middle layer,152,Scottish and British only identity,13
15209,2021,E02005128,2021 super output areas - middle layer,152,Northern Irish only identity,15
15210,2021,E02005128,2021 super output areas - middle layer,152,Northern Irish and British only identity,8
15211,2021,E02005128,2021 super output areas - middle layer,152,Cornish only identity,3
15212,2021,E02005128,2021 super output areas - middle layer,152,Cornish and British only identity,0
15213,2021,E02005128,2021 super output areas - middle layer,152,Any other combination of only UK identities ,12
15214,2021,E02005128,2021 super output areas - middle layer,152,Irish only identity,37
15215,2021,E02005128,2021 super output areas - middle layer,152,Irish and at least one UK identity,10
15216,2021,E02005128,2021 super output areas - middle layer,152,Other identity only,311
15217,2021,E02005128,2021 super output areas - middle layer,152,Other identity and at least one UK identity,116
15218,2021,E02005128,2021 super output areas - middle layer,152,Non-UK identity only,348
15219,2021,E02005128,2021 super output areas - middle layer,152,UK identity and non-UK identity,126
15220,2021,E02005129,2021 super output areas - middle layer,152,Total: All usual residents,11464
15221,2021,E02005129,2021 super output areas - middle layer,152,British only identity,6462
15222,2021,E02005129,2021 super output areas - middle layer,152,English only identity,2281
15223,2021,E02005129,2021 super output areas - middle layer,152,English and British only identity,1827
15224,2021,E02005129,2021 super output areas - middle layer,152,Welsh only identity,36
15225,2021,E02005129,2021 super output areas - middle layer,152,Welsh and British only identity,16
15226,2021,E02005129,2021 super output areas - middle layer,152,Any other combination of only UK identities,105
15227,2021,E02005129,2021 super output areas - middle layer,152,Scottish only identity,53
15228,2021,E02005129,2021 super output areas - middle layer,152,Scottish and British only identity,14
15229,2021,E02005129,2021 super output areas - middle layer,152,Northern Irish only identity,13
15230,2021,E02005129,2021 super output areas - middle layer,152,Northern Irish and British only identity,7
15231,2021,E02005129,2021 super output areas - middle layer,152,Cornish only identity,1
15232,2021,E02005129,2021 super output areas - middle layer,152,Cornish and British only identity,0
15233,2021,E02005129,2021 super output areas - middle layer,152,Any other combination of only UK identities ,17
15234,2021,E02005129,2021 super output areas - middle layer,152,Irish only identity,37
15235,2021,E02005129,2021 super output areas - middle layer,152,Irish and at least one UK identity,10
15236,2021,E02005129,2021 super output areas - middle layer,152,Other identity only,521
15237,2021,E02005129,2021 super output areas - middle layer,152,Other identity and at least one UK identity,169
15238,2021,E02005129,2021 super output areas - middle layer,152,Non-UK identity only,558
15239,2021,E02005129,2021 super output areas - middle layer,152,UK identity and non-UK identity,179
15240,2021,E02005130,2021 super output areas - middle layer,152,Total: All usual residents,9518
15241,2021,E02005130,2021 super output areas - middle layer,152,British only identity,5290
15242,2021,E02005130,2021 super output areas - middle layer,152,English only identity,1860
15243,2021,E02005130,2021 super output areas - middle layer,152,English and British only identity,1644
15244,2021,E02005130,2021 super output areas - middle layer,152,Welsh only identity,29
15245,2021,E02005130,2021 super output areas - middle layer,152,Welsh and British only identity,8
15246,2021,E02005130,2021 super output areas - middle layer,152,Any other combination of only UK identities,60
15247,2021,E02005130,2021 super output areas - middle layer,152,Scottish only identity,28
15248,2021,E02005130,2021 super output areas - middle layer,152,Scottish and British only identity,8
15249,2021,E02005130,2021 super output areas - middle layer,152,Northern Irish only identity,12
15250,2021,E02005130,2021 super output areas - middle layer,152,Northern Irish and British only identity,1
15251,2021,E02005130,2021 super output areas - middle layer,152,Cornish only identity,0
15252,2021,E02005130,2021 super output areas - middle layer,152,Cornish and British only identity,1
15253,2021,E02005130,2021 super output areas - middle layer,152,Any other combination of only UK identities ,10
15254,2021,E02005130,2021 super output areas - middle layer,152,Irish only identity,33
15255,2021,E02005130,2021 super output areas - middle layer,152,Irish and at least one UK identity,7
15256,2021,E02005130,2021 super output areas - middle layer,152,Other identity only,472
15257,2021,E02005130,2021 super output areas - middle layer,152,Other identity and at least one UK identity,115
15258,2021,E02005130,2021 super output areas - middle layer,152,Non-UK identity only,505
15259,2021,E02005130,2021 super output areas - middle layer,152,UK identity and non-UK identity,122
15260,2021,E02005131,2021 super output areas - middle layer,152,Total: All usual residents,5799
15261,2021,E02005131,2021 super output areas - middle layer,152,British only identity,3373
15262,2021,E02005131,2021 super output areas - middle layer,152,English only identity,1180
15263,2021,E02005131,2021 super output areas - middle layer,152,English and British only identity,837
15264,2021,E02005131,2021 super output areas - middle layer,152,Welsh only identity,15
15265,2021,E02005131,2021 super output areas - middle layer,152,Welsh and British only identity,6
15266,2021,E02005131,2021 super output areas - middle layer,152,Any other combination of only UK identities,49
15267,2021,E02005131,2021 super output areas - middle layer,152,Scottish only identity,29
15268,2021,E02005131,2021 super output areas - middle layer,152,Scottish and British only identity,11
15269,2021,E02005131,2021 super output areas - middle layer,152,Northern Irish only identity,3
15270,2021,E02005131,2021 super output areas - middle layer,152,Northern Irish and British only identity,1
15271,2021,E02005131,2021 super output areas - middle layer,152,Cornish only identity,0
15272,2021,E02005131,2021 super output areas - middle layer,152,Cornish and British only identity,0
15273,2021,E02005131,2021 super output areas - middle layer,152,Any other combination of only UK identities ,5
15274,2021,E02005131,2021 super output areas - middle layer,152,Irish only identity,23
15275,2021,E02005131,2021 super output areas - middle layer,152,Irish and at least one UK identity,1
15276,2021,E02005131,2021 super output areas - middle layer,152,Other identity only,225
15277,2021,E02005131,2021 super output areas - middle layer,152,Other identity and at least one UK identity,90
15278,2021,E02005131,2021 super output areas - middle layer,152,Non-UK identity only,248
15279,2021,E02005131,2021 super output areas - middle layer,152,UK identity and non-UK identity,91
15280,2021,E02005132,2021 super output areas - middle layer,152,Total: All usual residents,10631
15281,2021,E02005132,2021 super output areas - middle layer,152,British only identity,5584
15282,2021,E02005132,2021 super output areas - middle layer,152,English only identity,1459
15283,2021,E02005132,2021 super output areas - middle layer,152,English and British only identity,1270
15284,2021,E02005132,2021 super output areas - middle layer,152,Welsh only identity,28
15285,2021,E02005132,2021 super output areas - middle layer,152,Welsh and British only identity,13
15286,2021,E02005132,2021 super output areas - middle layer,152,Any other combination of only UK identities,95
15287,2021,E02005132,2021 super output areas - middle layer,152,Scottish only identity,38
15288,2021,E02005132,2021 super output areas - middle layer,152,Scottish and British only identity,15
15289,2021,E02005132,2021 super output areas - middle layer,152,Northern Irish only identity,8
15290,2021,E02005132,2021 super output areas - middle layer,152,Northern Irish and British only identity,10
15291,2021,E02005132,2021 super output areas - middle layer,152,Cornish only identity,1
15292,2021,E02005132,2021 super output areas - middle layer,152,Cornish and British only identity,0
15293,2021,E02005132,2021 super output areas - middle layer,152,Any other combination of only UK identities ,23
15294,2021,E02005132,2021 super output areas - middle layer,152,Irish only identity,63
15295,2021,E02005132,2021 super output areas - middle layer,152,Irish and at least one UK identity,10
15296,2021,E02005132,2021 super output areas - middle layer,152,Other identity only,1852
15297,2021,E02005132,2021 super output areas - middle layer,152,Other identity and at least one UK identity,257
15298,2021,E02005132,2021 super output areas - middle layer,152,Non-UK identity only,1915
15299,2021,E02005132,2021 super output areas - middle layer,152,UK identity and non-UK identity,267
15300,2021,E02005133,2021 super output areas - middle layer,152,Total: All usual residents,8636
15301,2021,E02005133,2021 super output areas - middle layer,152,British only identity,4869
15302,2021,E02005133,2021 super output areas - middle layer,152,English only identity,1953
15303,2021,E02005133,2021 super output areas - middle layer,152,English and British only identity,1274
15304,2021,E02005133,2021 super output areas - middle layer,152,Welsh only identity,27
15305,2021,E02005133,2021 super output areas - middle layer,152,Welsh and British only identity,15
15306,2021,E02005133,2021 super output areas - middle layer,152,Any other combination of only UK identities,74
15307,2021,E02005133,2021 super output areas - middle layer,152,Scottish only identity,37
15308,2021,E02005133,2021 super output areas - middle layer,152,Scottish and British only identity,13
15309,2021,E02005133,2021 super output areas - middle layer,152,Northern Irish only identity,5
15310,2021,E02005133,2021 super output areas - middle layer,152,Northern Irish and British only identity,4
15311,2021,E02005133,2021 super output areas - middle layer,152,Cornish only identity,1
15312,2021,E02005133,2021 super output areas - middle layer,152,Cornish and British only identity,0
15313,2021,E02005133,2021 super output areas - middle layer,152,Any other combination of only UK identities ,14
15314,2021,E02005133,2021 super output areas - middle layer,152,Irish only identity,50
15315,2021,E02005133,2021 super output areas - middle layer,152,Irish and at least one UK identity,8
15316,2021,E02005133,2021 super output areas - middle layer,152,Other identity only,284
15317,2021,E02005133,2021 super output areas - middle layer,152,Other identity and at least one UK identity,82
15318,2021,E02005133,2021 super output areas - middle layer,152,Non-UK identity only,334
15319,2021,E02005133,2021 super output areas - middle layer,152,UK identity and non-UK identity,90
15320,2021,E02005134,2021 super output areas - middle layer,152,Total: All usual residents,7993
15321,2021,E02005134,2021 super output areas - middle layer,152,British only identity,4414
15322,2021,E02005134,2021 super output areas - middle layer,152,English only identity,1249
15323,2021,E02005134,2021 super output areas - middle layer,152,English and British only identity,1217
15324,2021,E02005134,2021 super output areas - middle layer,152,Welsh only identity,27
15325,2021,E02005134,2021 super output areas - middle layer,152,Welsh and British only identity,6
15326,2021,E02005134,2021 super output areas - middle layer,152,Any other combination of only UK identities,72
15327,2021,E02005134,2021 super output areas - middle layer,152,Scottish only identity,40
15328,2021,E02005134,2021 super output areas - middle layer,152,Scottish and British only identity,10
15329,2021,E02005134,2021 super output areas - middle layer,152,Northern Irish only identity,9
15330,2021,E02005134,2021 super output areas - middle layer,152,Northern Irish and British only identity,4
15331,2021,E02005134,2021 super output areas - middle layer,152,Cornish only identity,1
15332,2021,E02005134,2021 super output areas - middle layer,152,Cornish and British only identity,0
15333,2021,E02005134,2021 super output areas - middle layer,152,Any other combination of only UK identities ,8
15334,2021,E02005134,2021 super output areas - middle layer,152,Irish only identity,34
15335,2021,E02005134,2021 super output areas - middle layer,152,Irish and at least one UK identity,7
15336,2021,E02005134,2021 super output areas - middle layer,152,Other identity only,830
15337,2021,E02005134,2021 super output areas - middle layer,152,Other identity and at least one UK identity,137
15338,2021,E02005134,2021 super output areas - middle layer,152,Non-UK identity only,864
15339,2021,E02005134,2021 super output areas - middle layer,152,UK identity and non-UK identity,144
15340,2021,E02005135,2021 super output areas - middle layer,152,Total: All usual residents,7880
15341,2021,E02005135,2021 super output areas - middle layer,152,British only identity,4305
15342,2021,E02005135,2021 super output areas - middle layer,152,English only identity,1405
15343,2021,E02005135,2021 super output areas - middle layer,152,English and British only identity,1367
15344,2021,E02005135,2021 super output areas - middle layer,152,Welsh only identity,14
15345,2021,E02005135,2021 super output areas - middle layer,152,Welsh and British only identity,4
15346,2021,E02005135,2021 super output areas - middle layer,152,Any other combination of only UK identities,63
15347,2021,E02005135,2021 super output areas - middle layer,152,Scottish only identity,32
15348,2021,E02005135,2021 super output areas - middle layer,152,Scottish and British only identity,10
15349,2021,E02005135,2021 super output areas - middle layer,152,Northern Irish only identity,8
15350,2021,E02005135,2021 super output areas - middle layer,152,Northern Irish and British only identity,6
15351,2021,E02005135,2021 super output areas - middle layer,152,Cornish only identity,0
15352,2021,E02005135,2021 super output areas - middle layer,152,Cornish and British only identity,0
15353,2021,E02005135,2021 super output areas - middle layer,152,Any other combination of only UK identities ,7
15354,2021,E02005135,2021 super output areas - middle layer,152,Irish only identity,32
15355,2021,E02005135,2021 super output areas - middle layer,152,Irish and at least one UK identity,8
15356,2021,E02005135,2021 super output areas - middle layer,152,Other identity only,604
15357,2021,E02005135,2021 super output areas - middle layer,152,Other identity and at least one UK identity,78
15358,2021,E02005135,2021 super output areas - middle layer,152,Non-UK identity only,636
15359,2021,E02005135,2021 super output areas - middle layer,152,UK identity and non-UK identity,86
15360,2021,E02005136,2021 super output areas - middle layer,152,Total: All usual residents,8046
15361,2021,E02005136,2021 super output areas - middle layer,152,British only identity,4774
15362,2021,E02005136,2021 super output areas - middle layer,152,English only identity,1615
15363,2021,E02005136,2021 super output areas - middle layer,152,English and British only identity,1269
15364,2021,E02005136,2021 super output areas - middle layer,152,Welsh only identity,14
15365,2021,E02005136,2021 super output areas - middle layer,152,Welsh and British only identity,6
15366,2021,E02005136,2021 super output areas - middle layer,152,Any other combination of only UK identities,45
15367,2021,E02005136,2021 super output areas - middle layer,152,Scottish only identity,21
15368,2021,E02005136,2021 super output areas - middle layer,152,Scottish and British only identity,7
15369,2021,E02005136,2021 super output areas - middle layer,152,Northern Irish only identity,6
15370,2021,E02005136,2021 super output areas - middle layer,152,Northern Irish and British only identity,3
15371,2021,E02005136,2021 super output areas - middle layer,152,Cornish only identity,0
15372,2021,E02005136,2021 super output areas - middle layer,152,Cornish and British only identity,0
15373,2021,E02005136,2021 super output areas - middle layer,152,Any other combination of only UK identities ,8
15374,2021,E02005136,2021 super output areas - middle layer,152,Irish only identity,38
15375,2021,E02005136,2021 super output areas - middle layer,152,Irish and at least one UK identity,14
15376,2021,E02005136,2021 super output areas - middle layer,152,Other identity only,195
15377,2021,E02005136,2021 super output areas - middle layer,152,Other identity and at least one UK identity,76
15378,2021,E02005136,2021 super output areas - middle layer,152,Non-UK identity only,233
15379,2021,E02005136,2021 super output areas - middle layer,152,UK identity and non-UK identity,90
15380,2021,E02005137,2021 super output areas - middle layer,152,Total: All usual residents,7721
15381,2021,E02005137,2021 super output areas - middle layer,152,British only identity,4352
15382,2021,E02005137,2021 super output areas - middle layer,152,English only identity,1475
15383,2021,E02005137,2021 super output areas - middle layer,152,English and British only identity,1376
15384,2021,E02005137,2021 super output areas - middle layer,152,Welsh only identity,16
15385,2021,E02005137,2021 super output areas - middle layer,152,Welsh and British only identity,2
15386,2021,E02005137,2021 super output areas - middle layer,152,Any other combination of only UK identities,49
15387,2021,E02005137,2021 super output areas - middle layer,152,Scottish only identity,24
15388,2021,E02005137,2021 super output areas - middle layer,152,Scottish and British only identity,9
15389,2021,E02005137,2021 super output areas - middle layer,152,Northern Irish only identity,4
15390,2021,E02005137,2021 super output areas - middle layer,152,Northern Irish and British only identity,2
15391,2021,E02005137,2021 super output areas - middle layer,152,Cornish only identity,0
15392,2021,E02005137,2021 super output areas - middle layer,152,Cornish and British only identity,0
15393,2021,E02005137,2021 super output areas - middle layer,152,Any other combination of only UK identities ,10
15394,2021,E02005137,2021 super output areas - middle layer,152,Irish only identity,26
15395,2021,E02005137,2021 super output areas - middle layer,152,Irish and at least one UK identity,3
15396,2021,E02005137,2021 super output areas - middle layer,152,Other identity only,376
15397,2021,E02005137,2021 super output areas - middle layer,152,Other identity and at least one UK identity,46
15398,2021,E02005137,2021 super output areas - middle layer,152,Non-UK identity only,402
15399,2021,E02005137,2021 super output areas - middle layer,152,UK identity and non-UK identity,49
15400,2021,E02005138,2021 super output areas - middle layer,152,Total: All usual residents,9048
15401,2021,E02005138,2021 super output areas - middle layer,152,British only identity,5251
15402,2021,E02005138,2021 super output areas - middle layer,152,English only identity,1895
15403,2021,E02005138,2021 super output areas - middle layer,152,English and British only identity,1425
15404,2021,E02005138,2021 super output areas - middle layer,152,Welsh only identity,18
15405,2021,E02005138,2021 super output areas - middle layer,152,Welsh and British only identity,9
15406,2021,E02005138,2021 super output areas - middle layer,152,Any other combination of only UK identities,70
15407,2021,E02005138,2021 super output areas - middle layer,152,Scottish only identity,34
15408,2021,E02005138,2021 super output areas - middle layer,152,Scottish and British only identity,10
15409,2021,E02005138,2021 super output areas - middle layer,152,Northern Irish only identity,6
15410,2021,E02005138,2021 super output areas - middle layer,152,Northern Irish and British only identity,6
15411,2021,E02005138,2021 super output areas - middle layer,152,Cornish only identity,0
15412,2021,E02005138,2021 super output areas - middle layer,152,Cornish and British only identity,0
15413,2021,E02005138,2021 super output areas - middle layer,152,Any other combination of only UK identities ,14
15414,2021,E02005138,2021 super output areas - middle layer,152,Irish only identity,42
15415,2021,E02005138,2021 super output areas - middle layer,152,Irish and at least one UK identity,6
15416,2021,E02005138,2021 super output areas - middle layer,152,Other identity only,256
15417,2021,E02005138,2021 super output areas - middle layer,152,Other identity and at least one UK identity,76
15418,2021,E02005138,2021 super output areas - middle layer,152,Non-UK identity only,298
15419,2021,E02005138,2021 super output areas - middle layer,152,UK identity and non-UK identity,82
15420,2021,E02005139,2021 super output areas - middle layer,152,Total: All usual residents,8865
15421,2021,E02005139,2021 super output areas - middle layer,152,British only identity,4866
15422,2021,E02005139,2021 super output areas - middle layer,152,English only identity,2283
15423,2021,E02005139,2021 super output areas - middle layer,152,English and British only identity,1244
15424,2021,E02005139,2021 super output areas - middle layer,152,Welsh only identity,36
15425,2021,E02005139,2021 super output areas - middle layer,152,Welsh and British only identity,13
15426,2021,E02005139,2021 super output areas - middle layer,152,Any other combination of only UK identities,97
15427,2021,E02005139,2021 super output areas - middle layer,152,Scottish only identity,41
15428,2021,E02005139,2021 super output areas - middle layer,152,Scottish and British only identity,23
15429,2021,E02005139,2021 super output areas - middle layer,152,Northern Irish only identity,12
15430,2021,E02005139,2021 super output areas - middle layer,152,Northern Irish and British only identity,2
15431,2021,E02005139,2021 super output areas - middle layer,152,Cornish only identity,0
15432,2021,E02005139,2021 super output areas - middle layer,152,Cornish and British only identity,0
15433,2021,E02005139,2021 super output areas - middle layer,152,Any other combination of only UK identities ,19
15434,2021,E02005139,2021 super output areas - middle layer,152,Irish only identity,41
15435,2021,E02005139,2021 super output areas - middle layer,152,Irish and at least one UK identity,9
15436,2021,E02005139,2021 super output areas - middle layer,152,Other identity only,223
15437,2021,E02005139,2021 super output areas - middle layer,152,Other identity and at least one UK identity,53
15438,2021,E02005139,2021 super output areas - middle layer,152,Non-UK identity only,264
15439,2021,E02005139,2021 super output areas - middle layer,152,UK identity and non-UK identity,62
15440,2021,E02005140,2021 super output areas - middle layer,152,Total: All usual residents,7553
15441,2021,E02005140,2021 super output areas - middle layer,152,British only identity,4377
15442,2021,E02005140,2021 super output areas - middle layer,152,English only identity,1598
15443,2021,E02005140,2021 super output areas - middle layer,152,English and British only identity,1126
15444,2021,E02005140,2021 super output areas - middle layer,152,Welsh only identity,32
15445,2021,E02005140,2021 super output areas - middle layer,152,Welsh and British only identity,14
15446,2021,E02005140,2021 super output areas - middle layer,152,Any other combination of only UK identities,79
15447,2021,E02005140,2021 super output areas - middle layer,152,Scottish only identity,41
15448,2021,E02005140,2021 super output areas - middle layer,152,Scottish and British only identity,12
15449,2021,E02005140,2021 super output areas - middle layer,152,Northern Irish only identity,14
15450,2021,E02005140,2021 super output areas - middle layer,152,Northern Irish and British only identity,3
15451,2021,E02005140,2021 super output areas - middle layer,152,Cornish only identity,0
15452,2021,E02005140,2021 super output areas - middle layer,152,Cornish and British only identity,0
15453,2021,E02005140,2021 super output areas - middle layer,152,Any other combination of only UK identities ,9
15454,2021,E02005140,2021 super output areas - middle layer,152,Irish only identity,37
15455,2021,E02005140,2021 super output areas - middle layer,152,Irish and at least one UK identity,6
15456,2021,E02005140,2021 super output areas - middle layer,152,Other identity only,208
15457,2021,E02005140,2021 super output areas - middle layer,152,Other identity and at least one UK identity,76
15458,2021,E02005140,2021 super output areas - middle layer,152,Non-UK identity only,245
15459,2021,E02005140,2021 super output areas - middle layer,152,UK identity and non-UK identity,82
15460,2021,E02005141,2021 super output areas - middle layer,152,Total: All usual residents,7063
15461,2021,E02005141,2021 super output areas - middle layer,152,British only identity,3973
15462,2021,E02005141,2021 super output areas - middle layer,152,English only identity,1406
15463,2021,E02005141,2021 super output areas - middle layer,152,English and British only identity,1060
15464,2021,E02005141,2021 super output areas - middle layer,152,Welsh only identity,26
15465,2021,E02005141,2021 super output areas - middle layer,152,Welsh and British only identity,12
15466,2021,E02005141,2021 super output areas - middle layer,152,Any other combination of only UK identities,61
15467,2021,E02005141,2021 super output areas - middle layer,152,Scottish only identity,21
15468,2021,E02005141,2021 super output areas - middle layer,152,Scottish and British only identity,12
15469,2021,E02005141,2021 super output areas - middle layer,152,Northern Irish only identity,6
15470,2021,E02005141,2021 super output areas - middle layer,152,Northern Irish and British only identity,2
15471,2021,E02005141,2021 super output areas - middle layer,152,Cornish only identity,1
15472,2021,E02005141,2021 super output areas - middle layer,152,Cornish and British only identity,0
15473,2021,E02005141,2021 super output areas - middle layer,152,Any other combination of only UK identities ,19
15474,2021,E02005141,2021 super output areas - middle layer,152,Irish only identity,56
15475,2021,E02005141,2021 super output areas - middle layer,152,Irish and at least one UK identity,9
15476,2021,E02005141,2021 super output areas - middle layer,152,Other identity only,351
15477,2021,E02005141,2021 super output areas - middle layer,152,Other identity and at least one UK identity,109
15478,2021,E02005141,2021 super output areas - middle layer,152,Non-UK identity only,407
15479,2021,E02005141,2021 super output areas - middle layer,152,UK identity and non-UK identity,118
15480,2021,E02005142,2021 super output areas - middle layer,152,Total: All usual residents,7294
15481,2021,E02005142,2021 super output areas - middle layer,152,British only identity,4163
15482,2021,E02005142,2021 super output areas - middle layer,152,English only identity,1587
15483,2021,E02005142,2021 super output areas - middle layer,152,English and British only identity,1148
15484,2021,E02005142,2021 super output areas - middle layer,152,Welsh only identity,23
15485,2021,E02005142,2021 super output areas - middle layer,152,Welsh and British only identity,12
15486,2021,E02005142,2021 super output areas - middle layer,152,Any other combination of only UK identities,42
15487,2021,E02005142,2021 super output areas - middle layer,152,Scottish only identity,13
15488,2021,E02005142,2021 super output areas - middle layer,152,Scottish and British only identity,8
15489,2021,E02005142,2021 super output areas - middle layer,152,Northern Irish only identity,7
15490,2021,E02005142,2021 super output areas - middle layer,152,Northern Irish and British only identity,1
15491,2021,E02005142,2021 super output areas - middle layer,152,Cornish only identity,1
15492,2021,E02005142,2021 super output areas - middle layer,152,Cornish and British only identity,0
15493,2021,E02005142,2021 super output areas - middle layer,152,Any other combination of only UK identities ,12
15494,2021,E02005142,2021 super output areas - middle layer,152,Irish only identity,32
15495,2021,E02005142,2021 super output areas - middle layer,152,Irish and at least one UK identity,4
15496,2021,E02005142,2021 super output areas - middle layer,152,Other identity only,227
15497,2021,E02005142,2021 super output areas - middle layer,152,Other identity and at least one UK identity,56
15498,2021,E02005142,2021 super output areas - middle layer,152,Non-UK identity only,259
15499,2021,E02005142,2021 super output areas - middle layer,152,UK identity and non-UK identity,60
15500,2021,E02005143,2021 super output areas - middle layer,152,Total: All usual residents,8208
15501,2021,E02005143,2021 super output areas - middle layer,152,British only identity,4760
15502,2021,E02005143,2021 super output areas - middle layer,152,English only identity,1600
15503,2021,E02005143,2021 super output areas - middle layer,152,English and British only identity,1310
15504,2021,E02005143,2021 super output areas - middle layer,152,Welsh only identity,14
15505,2021,E02005143,2021 super output areas - middle layer,152,Welsh and British only identity,8
15506,2021,E02005143,2021 super output areas - middle layer,152,Any other combination of only UK identities,66
15507,2021,E02005143,2021 super output areas - middle layer,152,Scottish only identity,28
15508,2021,E02005143,2021 super output areas - middle layer,152,Scottish and British only identity,12
15509,2021,E02005143,2021 super output areas - middle layer,152,Northern Irish only identity,5
15510,2021,E02005143,2021 super output areas - middle layer,152,Northern Irish and British only identity,5
15511,2021,E02005143,2021 super output areas - middle layer,152,Cornish only identity,1
15512,2021,E02005143,2021 super output areas - middle layer,152,Cornish and British only identity,0
15513,2021,E02005143,2021 super output areas - middle layer,152,Any other combination of only UK identities ,15
15514,2021,E02005143,2021 super output areas - middle layer,152,Irish only identity,28
15515,2021,E02005143,2021 super output areas - middle layer,152,Irish and at least one UK identity,4
15516,2021,E02005143,2021 super output areas - middle layer,152,Other identity only,323
15517,2021,E02005143,2021 super output areas - middle layer,152,Other identity and at least one UK identity,95
15518,2021,E02005143,2021 super output areas - middle layer,152,Non-UK identity only,351
15519,2021,E02005143,2021 super output areas - middle layer,152,UK identity and non-UK identity,99
15520,2021,E02005144,2021 super output areas - middle layer,152,Total: All usual residents,8925
15521,2021,E02005144,2021 super output areas - middle layer,152,British only identity,5147
15522,2021,E02005144,2021 super output areas - middle layer,152,English only identity,1606
15523,2021,E02005144,2021 super output areas - middle layer,152,English and British only identity,1652
15524,2021,E02005144,2021 super output areas - middle layer,152,Welsh only identity,17
15525,2021,E02005144,2021 super output areas - middle layer,152,Welsh and British only identity,3
15526,2021,E02005144,2021 super output areas - middle layer,152,Any other combination of only UK identities,41
15527,2021,E02005144,2021 super output areas - middle layer,152,Scottish only identity,22
15528,2021,E02005144,2021 super output areas - middle layer,152,Scottish and British only identity,7
15529,2021,E02005144,2021 super output areas - middle layer,152,Northern Irish only identity,6
15530,2021,E02005144,2021 super output areas - middle layer,152,Northern Irish and British only identity,0
15531,2021,E02005144,2021 super output areas - middle layer,152,Cornish only identity,0
15532,2021,E02005144,2021 super output areas - middle layer,152,Cornish and British only identity,0
15533,2021,E02005144,2021 super output areas - middle layer,152,Any other combination of only UK identities ,6
15534,2021,E02005144,2021 super output areas - middle layer,152,Irish only identity,14
15535,2021,E02005144,2021 super output areas - middle layer,152,Irish and at least one UK identity,1
15536,2021,E02005144,2021 super output areas - middle layer,152,Other identity only,369
15537,2021,E02005144,2021 super output areas - middle layer,152,Other identity and at least one UK identity,75
15538,2021,E02005144,2021 super output areas - middle layer,152,Non-UK identity only,383
15539,2021,E02005144,2021 super output areas - middle layer,152,UK identity and non-UK identity,76
15540,2021,E02005145,2021 super output areas - middle layer,152,Total: All usual residents,8056
15541,2021,E02005145,2021 super output areas - middle layer,152,British only identity,4684
15542,2021,E02005145,2021 super output areas - middle layer,152,English only identity,1771
15543,2021,E02005145,2021 super output areas - middle layer,152,English and British only identity,1267
15544,2021,E02005145,2021 super output areas - middle layer,152,Welsh only identity,10
15545,2021,E02005145,2021 super output areas - middle layer,152,Welsh and British only identity,6
15546,2021,E02005145,2021 super output areas - middle layer,152,Any other combination of only UK identities,58
15547,2021,E02005145,2021 super output areas - middle layer,152,Scottish only identity,25
15548,2021,E02005145,2021 super output areas - middle layer,152,Scottish and British only identity,10
15549,2021,E02005145,2021 super output areas - middle layer,152,Northern Irish only identity,7
15550,2021,E02005145,2021 super output areas - middle layer,152,Northern Irish and British only identity,5
15551,2021,E02005145,2021 super output areas - middle layer,152,Cornish only identity,0
15552,2021,E02005145,2021 super output areas - middle layer,152,Cornish and British only identity,0
15553,2021,E02005145,2021 super output areas - middle layer,152,Any other combination of only UK identities ,11
15554,2021,E02005145,2021 super output areas - middle layer,152,Irish only identity,13
15555,2021,E02005145,2021 super output areas - middle layer,152,Irish and at least one UK identity,9
15556,2021,E02005145,2021 super output areas - middle layer,152,Other identity only,175
15557,2021,E02005145,2021 super output areas - middle layer,152,Other identity and at least one UK identity,63
15558,2021,E02005145,2021 super output areas - middle layer,152,Non-UK identity only,188
15559,2021,E02005145,2021 super output areas - middle layer,152,UK identity and non-UK identity,72
15560,2021,E02005146,2021 super output areas - middle layer,152,Total: All usual residents,8137
15561,2021,E02005146,2021 super output areas - middle layer,152,British only identity,4630
15562,2021,E02005146,2021 super output areas - middle layer,152,English only identity,1464
15563,2021,E02005146,2021 super output areas - middle layer,152,English and British only identity,1348
15564,2021,E02005146,2021 super output areas - middle layer,152,Welsh only identity,25
15565,2021,E02005146,2021 super output areas - middle layer,152,Welsh and British only identity,5
15566,2021,E02005146,2021 super output areas - middle layer,152,Any other combination of only UK identities,64
15567,2021,E02005146,2021 super output areas - middle layer,152,Scottish only identity,33
15568,2021,E02005146,2021 super output areas - middle layer,152,Scottish and British only identity,5
15569,2021,E02005146,2021 super output areas - middle layer,152,Northern Irish only identity,4
15570,2021,E02005146,2021 super output areas - middle layer,152,Northern Irish and British only identity,5
15571,2021,E02005146,2021 super output areas - middle layer,152,Cornish only identity,0
15572,2021,E02005146,2021 super output areas - middle layer,152,Cornish and British only identity,0
15573,2021,E02005146,2021 super output areas - middle layer,152,Any other combination of only UK identities ,17
15574,2021,E02005146,2021 super output areas - middle layer,152,Irish only identity,23
15575,2021,E02005146,2021 super output areas - middle layer,152,Irish and at least one UK identity,6
15576,2021,E02005146,2021 super output areas - middle layer,152,Other identity only,453
15577,2021,E02005146,2021 super output areas - middle layer,152,Other identity and at least one UK identity,119
15578,2021,E02005146,2021 super output areas - middle layer,152,Non-UK identity only,476
15579,2021,E02005146,2021 super output areas - middle layer,152,UK identity and non-UK identity,125
15580,2021,E02005147,2021 super output areas - middle layer,152,Total: All usual residents,8703
15581,2021,E02005147,2021 super output areas - middle layer,152,British only identity,4794
15582,2021,E02005147,2021 super output areas - middle layer,152,English only identity,1562
15583,2021,E02005147,2021 super output areas - middle layer,152,English and British only identity,1228
15584,2021,E02005147,2021 super output areas - middle layer,152,Welsh only identity,27
15585,2021,E02005147,2021 super output areas - middle layer,152,Welsh and British only identity,14
15586,2021,E02005147,2021 super output areas - middle layer,152,Any other combination of only UK identities,104
15587,2021,E02005147,2021 super output areas - middle layer,152,Scottish only identity,54
15588,2021,E02005147,2021 super output areas - middle layer,152,Scottish and British only identity,22
15589,2021,E02005147,2021 super output areas - middle layer,152,Northern Irish only identity,13
15590,2021,E02005147,2021 super output areas - middle layer,152,Northern Irish and British only identity,5
15591,2021,E02005147,2021 super output areas - middle layer,152,Cornish only identity,0
15592,2021,E02005147,2021 super output areas - middle layer,152,Cornish and British only identity,0
15593,2021,E02005147,2021 super output areas - middle layer,152,Any other combination of only UK identities ,10
15594,2021,E02005147,2021 super output areas - middle layer,152,Irish only identity,64
15595,2021,E02005147,2021 super output areas - middle layer,152,Irish and at least one UK identity,16
15596,2021,E02005147,2021 super output areas - middle layer,152,Other identity only,754
15597,2021,E02005147,2021 super output areas - middle layer,152,Other identity and at least one UK identity,140
15598,2021,E02005147,2021 super output areas - middle layer,152,Non-UK identity only,818
15599,2021,E02005147,2021 super output areas - middle layer,152,UK identity and non-UK identity,156
15600,2021,E02005148,2021 super output areas - middle layer,152,Total: All usual residents,7816
15601,2021,E02005148,2021 super output areas - middle layer,152,British only identity,4381
15602,2021,E02005148,2021 super output areas - middle layer,152,English only identity,1807
15603,2021,E02005148,2021 super output areas - middle layer,152,English and British only identity,1228
15604,2021,E02005148,2021 super output areas - middle layer,152,Welsh only identity,33
15605,2021,E02005148,2021 super output areas - middle layer,152,Welsh and British only identity,7
15606,2021,E02005148,2021 super output areas - middle layer,152,Any other combination of only UK identities,71
15607,2021,E02005148,2021 super output areas - middle layer,152,Scottish only identity,35
15608,2021,E02005148,2021 super output areas - middle layer,152,Scottish and British only identity,13
15609,2021,E02005148,2021 super output areas - middle layer,152,Northern Irish only identity,10
15610,2021,E02005148,2021 super output areas - middle layer,152,Northern Irish and British only identity,2
15611,2021,E02005148,2021 super output areas - middle layer,152,Cornish only identity,0
15612,2021,E02005148,2021 super output areas - middle layer,152,Cornish and British only identity,0
15613,2021,E02005148,2021 super output areas - middle layer,152,Any other combination of only UK identities ,11
15614,2021,E02005148,2021 super output areas - middle layer,152,Irish only identity,25
15615,2021,E02005148,2021 super output areas - middle layer,152,Irish and at least one UK identity,0
15616,2021,E02005148,2021 super output areas - middle layer,152,Other identity only,205
15617,2021,E02005148,2021 super output areas - middle layer,152,Other identity and at least one UK identity,59
15618,2021,E02005148,2021 super output areas - middle layer,152,Non-UK identity only,230
15619,2021,E02005148,2021 super output areas - middle layer,152,UK identity and non-UK identity,59
15620,2021,E02005149,2021 super output areas - middle layer,152,Total: All usual residents,12107
15621,2021,E02005149,2021 super output areas - middle layer,152,British only identity,7126
15622,2021,E02005149,2021 super output areas - middle layer,152,English only identity,2447
15623,2021,E02005149,2021 super output areas - middle layer,152,English and British only identity,1948
15624,2021,E02005149,2021 super output areas - middle layer,152,Welsh only identity,24
15625,2021,E02005149,2021 super output areas - middle layer,152,Welsh and British only identity,12
15626,2021,E02005149,2021 super output areas - middle layer,152,Any other combination of only UK identities,67
15627,2021,E02005149,2021 super output areas - middle layer,152,Scottish only identity,26
15628,2021,E02005149,2021 super output areas - middle layer,152,Scottish and British only identity,16
15629,2021,E02005149,2021 super output areas - middle layer,152,Northern Irish only identity,11
15630,2021,E02005149,2021 super output areas - middle layer,152,Northern Irish and British only identity,4
15631,2021,E02005149,2021 super output areas - middle layer,152,Cornish only identity,3
15632,2021,E02005149,2021 super output areas - middle layer,152,Cornish and British only identity,0
15633,2021,E02005149,2021 super output areas - middle layer,152,Any other combination of only UK identities ,7
15634,2021,E02005149,2021 super output areas - middle layer,152,Irish only identity,36
15635,2021,E02005149,2021 super output areas - middle layer,152,Irish and at least one UK identity,11
15636,2021,E02005149,2021 super output areas - middle layer,152,Other identity only,296
15637,2021,E02005149,2021 super output areas - middle layer,152,Other identity and at least one UK identity,140
15638,2021,E02005149,2021 super output areas - middle layer,152,Non-UK identity only,332
15639,2021,E02005149,2021 super output areas - middle layer,152,UK identity and non-UK identity,151
15640,2021,E02005150,2021 super output areas - middle layer,152,Total: All usual residents,11827
15641,2021,E02005150,2021 super output areas - middle layer,152,British only identity,6731
15642,2021,E02005150,2021 super output areas - middle layer,152,English only identity,2505
15643,2021,E02005150,2021 super output areas - middle layer,152,English and British only identity,1969
15644,2021,E02005150,2021 super output areas - middle layer,152,Welsh only identity,16
15645,2021,E02005150,2021 super output areas - middle layer,152,Welsh and British only identity,6
15646,2021,E02005150,2021 super output areas - middle layer,152,Any other combination of only UK identities,65
15647,2021,E02005150,2021 super output areas - middle layer,152,Scottish only identity,25
15648,2021,E02005150,2021 super output areas - middle layer,152,Scottish and British only identity,12
15649,2021,E02005150,2021 super output areas - middle layer,152,Northern Irish only identity,10
15650,2021,E02005150,2021 super output areas - middle layer,152,Northern Irish and British only identity,4
15651,2021,E02005150,2021 super output areas - middle layer,152,Cornish only identity,0
15652,2021,E02005150,2021 super output areas - middle layer,152,Cornish and British only identity,0
15653,2021,E02005150,2021 super output areas - middle layer,152,Any other combination of only UK identities ,14
15654,2021,E02005150,2021 super output areas - middle layer,152,Irish only identity,25
15655,2021,E02005150,2021 super output areas - middle layer,152,Irish and at least one UK identity,8
15656,2021,E02005150,2021 super output areas - middle layer,152,Other identity only,364
15657,2021,E02005150,2021 super output areas - middle layer,152,Other identity and at least one UK identity,138
15658,2021,E02005150,2021 super output areas - middle layer,152,Non-UK identity only,389
15659,2021,E02005150,2021 super output areas - middle layer,152,UK identity and non-UK identity,146
15660,2021,E02005151,2021 super output areas - middle layer,152,Total: All usual residents,12713
15661,2021,E02005151,2021 super output areas - middle layer,152,British only identity,7035
15662,2021,E02005151,2021 super output areas - middle layer,152,English only identity,2942
15663,2021,E02005151,2021 super output areas - middle layer,152,English and British only identity,2204
15664,2021,E02005151,2021 super output areas - middle layer,152,Welsh only identity,22
15665,2021,E02005151,2021 super output areas - middle layer,152,Welsh and British only identity,11
15666,2021,E02005151,2021 super output areas - middle layer,152,Any other combination of only UK identities,70
15667,2021,E02005151,2021 super output areas - middle layer,152,Scottish only identity,28
15668,2021,E02005151,2021 super output areas - middle layer,152,Scottish and British only identity,15
15669,2021,E02005151,2021 super output areas - middle layer,152,Northern Irish only identity,14
15670,2021,E02005151,2021 super output areas - middle layer,152,Northern Irish and British only identity,3
15671,2021,E02005151,2021 super output areas - middle layer,152,Cornish only identity,0
15672,2021,E02005151,2021 super output areas - middle layer,152,Cornish and British only identity,0
15673,2021,E02005151,2021 super output areas - middle layer,152,Any other combination of only UK identities ,10
15674,2021,E02005151,2021 super output areas - middle layer,152,Irish only identity,48
15675,2021,E02005151,2021 super output areas - middle layer,152,Irish and at least one UK identity,4
15676,2021,E02005151,2021 super output areas - middle layer,152,Other identity only,264
15677,2021,E02005151,2021 super output areas - middle layer,152,Other identity and at least one UK identity,113
15678,2021,E02005151,2021 super output areas - middle layer,152,Non-UK identity only,312
15679,2021,E02005151,2021 super output areas - middle layer,152,UK identity and non-UK identity,117
15680,2021,E02005153,2021 super output areas - middle layer,152,Total: All usual residents,9443
15681,2021,E02005153,2021 super output areas - middle layer,152,British only identity,5360
15682,2021,E02005153,2021 super output areas - middle layer,152,English only identity,1999
15683,2021,E02005153,2021 super output areas - middle layer,152,English and British only identity,1563
15684,2021,E02005153,2021 super output areas - middle layer,152,Welsh only identity,22
15685,2021,E02005153,2021 super output areas - middle layer,152,Welsh and British only identity,11
15686,2021,E02005153,2021 super output areas - middle layer,152,Any other combination of only UK identities,56
15687,2021,E02005153,2021 super output areas - middle layer,152,Scottish only identity,23
15688,2021,E02005153,2021 super output areas - middle layer,152,Scottish and British only identity,16
15689,2021,E02005153,2021 super output areas - middle layer,152,Northern Irish only identity,6
15690,2021,E02005153,2021 super output areas - middle layer,152,Northern Irish and British only identity,5
15691,2021,E02005153,2021 super output areas - middle layer,152,Cornish only identity,1
15692,2021,E02005153,2021 super output areas - middle layer,152,Cornish and British only identity,0
15693,2021,E02005153,2021 super output areas - middle layer,152,Any other combination of only UK identities ,5
15694,2021,E02005153,2021 super output areas - middle layer,152,Irish only identity,37
15695,2021,E02005153,2021 super output areas - middle layer,152,Irish and at least one UK identity,8
15696,2021,E02005153,2021 super output areas - middle layer,152,Other identity only,309
15697,2021,E02005153,2021 super output areas - middle layer,152,Other identity and at least one UK identity,78
15698,2021,E02005153,2021 super output areas - middle layer,152,Non-UK identity only,346
15699,2021,E02005153,2021 super output areas - middle layer,152,UK identity and non-UK identity,86
15700,2021,E02005154,2021 super output areas - middle layer,152,Total: All usual residents,11749
15701,2021,E02005154,2021 super output areas - middle layer,152,British only identity,6874
15702,2021,E02005154,2021 super output areas - middle layer,152,English only identity,2241
15703,2021,E02005154,2021 super output areas - middle layer,152,English and British only identity,1734
15704,2021,E02005154,2021 super output areas - middle layer,152,Welsh only identity,28
15705,2021,E02005154,2021 super output areas - middle layer,152,Welsh and British only identity,13
15706,2021,E02005154,2021 super output areas - middle layer,152,Any other combination of only UK identities,129
15707,2021,E02005154,2021 super output areas - middle layer,152,Scottish only identity,51
15708,2021,E02005154,2021 super output areas - middle layer,152,Scottish and British only identity,25
15709,2021,E02005154,2021 super output areas - middle layer,152,Northern Irish only identity,15
15710,2021,E02005154,2021 super output areas - middle layer,152,Northern Irish and British only identity,6
15711,2021,E02005154,2021 super output areas - middle layer,152,Cornish only identity,1
15712,2021,E02005154,2021 super output areas - middle layer,152,Cornish and British only identity,0
15713,2021,E02005154,2021 super output areas - middle layer,152,Any other combination of only UK identities ,31
15714,2021,E02005154,2021 super output areas - middle layer,152,Irish only identity,65
15715,2021,E02005154,2021 super output areas - middle layer,152,Irish and at least one UK identity,23
15716,2021,E02005154,2021 super output areas - middle layer,152,Other identity only,424
15717,2021,E02005154,2021 super output areas - middle layer,152,Other identity and at least one UK identity,218
15718,2021,E02005154,2021 super output areas - middle layer,152,Non-UK identity only,489
15719,2021,E02005154,2021 super output areas - middle layer,152,UK identity and non-UK identity,241
15720,2021,E02005155,2021 super output areas - middle layer,152,Total: All usual residents,12558
15721,2021,E02005155,2021 super output areas - middle layer,152,British only identity,7448
15722,2021,E02005155,2021 super output areas - middle layer,152,English only identity,2184
15723,2021,E02005155,2021 super output areas - middle layer,152,English and British only identity,1940
15724,2021,E02005155,2021 super output areas - middle layer,152,Welsh only identity,31
15725,2021,E02005155,2021 super output areas - middle layer,152,Welsh and British only identity,13
15726,2021,E02005155,2021 super output areas - middle layer,152,Any other combination of only UK identities,134
15727,2021,E02005155,2021 super output areas - middle layer,152,Scottish only identity,64
15728,2021,E02005155,2021 super output areas - middle layer,152,Scottish and British only identity,29
15729,2021,E02005155,2021 super output areas - middle layer,152,Northern Irish only identity,14
15730,2021,E02005155,2021 super output areas - middle layer,152,Northern Irish and British only identity,6
15731,2021,E02005155,2021 super output areas - middle layer,152,Cornish only identity,0
15732,2021,E02005155,2021 super output areas - middle layer,152,Cornish and British only identity,0
15733,2021,E02005155,2021 super output areas - middle layer,152,Any other combination of only UK identities ,21
15734,2021,E02005155,2021 super output areas - middle layer,152,Irish only identity,52
15735,2021,E02005155,2021 super output areas - middle layer,152,Irish and at least one UK identity,8
15736,2021,E02005155,2021 super output areas - middle layer,152,Other identity only,491
15737,2021,E02005155,2021 super output areas - middle layer,152,Other identity and at least one UK identity,257
15738,2021,E02005155,2021 super output areas - middle layer,152,Non-UK identity only,543
15739,2021,E02005155,2021 super output areas - middle layer,152,UK identity and non-UK identity,265
15740,2021,E02005156,2021 super output areas - middle layer,152,Total: All usual residents,7210
15741,2021,E02005156,2021 super output areas - middle layer,152,British only identity,4162
15742,2021,E02005156,2021 super output areas - middle layer,152,English only identity,1604
15743,2021,E02005156,2021 super output areas - middle layer,152,English and British only identity,1118
15744,2021,E02005156,2021 super output areas - middle layer,152,Welsh only identity,22
15745,2021,E02005156,2021 super output areas - middle layer,152,Welsh and British only identity,14
15746,2021,E02005156,2021 super output areas - middle layer,152,Any other combination of only UK identities,50
15747,2021,E02005156,2021 super output areas - middle layer,152,Scottish only identity,18
15748,2021,E02005156,2021 super output areas - middle layer,152,Scottish and British only identity,11
15749,2021,E02005156,2021 super output areas - middle layer,152,Northern Irish only identity,7
15750,2021,E02005156,2021 super output areas - middle layer,152,Northern Irish and British only identity,2
15751,2021,E02005156,2021 super output areas - middle layer,152,Cornish only identity,0
15752,2021,E02005156,2021 super output areas - middle layer,152,Cornish and British only identity,0
15753,2021,E02005156,2021 super output areas - middle layer,152,Any other combination of only UK identities ,12
15754,2021,E02005156,2021 super output areas - middle layer,152,Irish only identity,31
15755,2021,E02005156,2021 super output areas - middle layer,152,Irish and at least one UK identity,0
15756,2021,E02005156,2021 super output areas - middle layer,152,Other identity only,147
15757,2021,E02005156,2021 super output areas - middle layer,152,Other identity and at least one UK identity,62
15758,2021,E02005156,2021 super output areas - middle layer,152,Non-UK identity only,178
15759,2021,E02005156,2021 super output areas - middle layer,152,UK identity and non-UK identity,62
15760,2021,E02005157,2021 super output areas - middle layer,152,Total: All usual residents,6731
15761,2021,E02005157,2021 super output areas - middle layer,152,British only identity,3854
15762,2021,E02005157,2021 super output areas - middle layer,152,English only identity,1336
15763,2021,E02005157,2021 super output areas - middle layer,152,English and British only identity,1158
15764,2021,E02005157,2021 super output areas - middle layer,152,Welsh only identity,10
15765,2021,E02005157,2021 super output areas - middle layer,152,Welsh and British only identity,3
15766,2021,E02005157,2021 super output areas - middle layer,152,Any other combination of only UK identities,47
15767,2021,E02005157,2021 super output areas - middle layer,152,Scottish only identity,13
15768,2021,E02005157,2021 super output areas - middle layer,152,Scottish and British only identity,8
15769,2021,E02005157,2021 super output areas - middle layer,152,Northern Irish only identity,8
15770,2021,E02005157,2021 super output areas - middle layer,152,Northern Irish and British only identity,4
15771,2021,E02005157,2021 super output areas - middle layer,152,Cornish only identity,1
15772,2021,E02005157,2021 super output areas - middle layer,152,Cornish and British only identity,0
15773,2021,E02005157,2021 super output areas - middle layer,152,Any other combination of only UK identities ,13
15774,2021,E02005157,2021 super output areas - middle layer,152,Irish only identity,21
15775,2021,E02005157,2021 super output areas - middle layer,152,Irish and at least one UK identity,9
15776,2021,E02005157,2021 super output areas - middle layer,152,Other identity only,223
15777,2021,E02005157,2021 super output areas - middle layer,152,Other identity and at least one UK identity,70
15778,2021,E02005157,2021 super output areas - middle layer,152,Non-UK identity only,244
15779,2021,E02005157,2021 super output areas - middle layer,152,UK identity and non-UK identity,79
15780,2021,E02005158,2021 super output areas - middle layer,152,Total: All usual residents,6613
15781,2021,E02005158,2021 super output areas - middle layer,152,British only identity,3910
15782,2021,E02005158,2021 super output areas - middle layer,152,English only identity,1184
15783,2021,E02005158,2021 super output areas - middle layer,152,English and British only identity,1023
15784,2021,E02005158,2021 super output areas - middle layer,152,Welsh only identity,13
15785,2021,E02005158,2021 super output areas - middle layer,152,Welsh and British only identity,15
15786,2021,E02005158,2021 super output areas - middle layer,152,Any other combination of only UK identities,54
15787,2021,E02005158,2021 super output areas - middle layer,152,Scottish only identity,21
15788,2021,E02005158,2021 super output areas - middle layer,152,Scottish and British only identity,12
15789,2021,E02005158,2021 super output areas - middle layer,152,Northern Irish only identity,8
15790,2021,E02005158,2021 super output areas - middle layer,152,Northern Irish and British only identity,4
15791,2021,E02005158,2021 super output areas - middle layer,152,Cornish only identity,0
15792,2021,E02005158,2021 super output areas - middle layer,152,Cornish and British only identity,0
15793,2021,E02005158,2021 super output areas - middle layer,152,Any other combination of only UK identities ,9
15794,2021,E02005158,2021 super output areas - middle layer,152,Irish only identity,27
15795,2021,E02005158,2021 super output areas - middle layer,152,Irish and at least one UK identity,4
15796,2021,E02005158,2021 super output areas - middle layer,152,Other identity only,277
15797,2021,E02005158,2021 super output areas - middle layer,152,Other identity and at least one UK identity,106
15798,2021,E02005158,2021 super output areas - middle layer,152,Non-UK identity only,304
15799,2021,E02005158,2021 super output areas - middle layer,152,UK identity and non-UK identity,110
15800,2021,E02005159,2021 super output areas - middle layer,152,Total: All usual residents,7730
15801,2021,E02005159,2021 super output areas - middle layer,152,British only identity,4315
15802,2021,E02005159,2021 super output areas - middle layer,152,English only identity,1572
15803,2021,E02005159,2021 super output areas - middle layer,152,English and British only identity,1328
15804,2021,E02005159,2021 super output areas - middle layer,152,Welsh only identity,26
15805,2021,E02005159,2021 super output areas - middle layer,152,Welsh and British only identity,9
15806,2021,E02005159,2021 super output areas - middle layer,152,Any other combination of only UK identities,76
15807,2021,E02005159,2021 super output areas - middle layer,152,Scottish only identity,30
15808,2021,E02005159,2021 super output areas - middle layer,152,Scottish and British only identity,21
15809,2021,E02005159,2021 super output areas - middle layer,152,Northern Irish only identity,2
15810,2021,E02005159,2021 super output areas - middle layer,152,Northern Irish and British only identity,7
15811,2021,E02005159,2021 super output areas - middle layer,152,Cornish only identity,0
15812,2021,E02005159,2021 super output areas - middle layer,152,Cornish and British only identity,0
15813,2021,E02005159,2021 super output areas - middle layer,152,Any other combination of only UK identities ,16
15814,2021,E02005159,2021 super output areas - middle layer,152,Irish only identity,16
15815,2021,E02005159,2021 super output areas - middle layer,152,Irish and at least one UK identity,9
15816,2021,E02005159,2021 super output areas - middle layer,152,Other identity only,260
15817,2021,E02005159,2021 super output areas - middle layer,152,Other identity and at least one UK identity,119
15818,2021,E02005159,2021 super output areas - middle layer,152,Non-UK identity only,276
15819,2021,E02005159,2021 super output areas - middle layer,152,UK identity and non-UK identity,128
15820,2021,E02005160,2021 super output areas - middle layer,152,Total: All usual residents,12508
15821,2021,E02005160,2021 super output areas - middle layer,152,British only identity,6904
15822,2021,E02005160,2021 super output areas - middle layer,152,English only identity,2036
15823,2021,E02005160,2021 super output areas - middle layer,152,English and British only identity,1830
15824,2021,E02005160,2021 super output areas - middle layer,152,Welsh only identity,36
15825,2021,E02005160,2021 super output areas - middle layer,152,Welsh and British only identity,21
15826,2021,E02005160,2021 super output areas - middle layer,152,Any other combination of only UK identities,139
15827,2021,E02005160,2021 super output areas - middle layer,152,Scottish only identity,41
15828,2021,E02005160,2021 super output areas - middle layer,152,Scottish and British only identity,19
15829,2021,E02005160,2021 super output areas - middle layer,152,Northern Irish only identity,16
15830,2021,E02005160,2021 super output areas - middle layer,152,Northern Irish and British only identity,10
15831,2021,E02005160,2021 super output areas - middle layer,152,Cornish only identity,2
15832,2021,E02005160,2021 super output areas - middle layer,152,Cornish and British only identity,0
15833,2021,E02005160,2021 super output areas - middle layer,152,Any other combination of only UK identities ,51
15834,2021,E02005160,2021 super output areas - middle layer,152,Irish only identity,68
15835,2021,E02005160,2021 super output areas - middle layer,152,Irish and at least one UK identity,21
15836,2021,E02005160,2021 super output areas - middle layer,152,Other identity only,1087
15837,2021,E02005160,2021 super output areas - middle layer,152,Other identity and at least one UK identity,366
15838,2021,E02005160,2021 super output areas - middle layer,152,Non-UK identity only,1155
15839,2021,E02005160,2021 super output areas - middle layer,152,UK identity and non-UK identity,387
15840,2021,E02005161,2021 super output areas - middle layer,152,Total: All usual residents,8604
15841,2021,E02005161,2021 super output areas - middle layer,152,British only identity,5022
15842,2021,E02005161,2021 super output areas - middle layer,152,English only identity,1276
15843,2021,E02005161,2021 super output areas - middle layer,152,English and British only identity,1250
15844,2021,E02005161,2021 super output areas - middle layer,152,Welsh only identity,23
15845,2021,E02005161,2021 super output areas - middle layer,152,Welsh and British only identity,9
15846,2021,E02005161,2021 super output areas - middle layer,152,Any other combination of only UK identities,104
15847,2021,E02005161,2021 super output areas - middle layer,152,Scottish only identity,45
15848,2021,E02005161,2021 super output areas - middle layer,152,Scottish and British only identity,25
15849,2021,E02005161,2021 super output areas - middle layer,152,Northern Irish only identity,3
15850,2021,E02005161,2021 super output areas - middle layer,152,Northern Irish and British only identity,4
15851,2021,E02005161,2021 super output areas - middle layer,152,Cornish only identity,2
15852,2021,E02005161,2021 super output areas - middle layer,152,Cornish and British only identity,0
15853,2021,E02005161,2021 super output areas - middle layer,152,Any other combination of only UK identities ,25
15854,2021,E02005161,2021 super output areas - middle layer,152,Irish only identity,23
15855,2021,E02005161,2021 super output areas - middle layer,152,Irish and at least one UK identity,7
15856,2021,E02005161,2021 super output areas - middle layer,152,Other identity only,622
15857,2021,E02005161,2021 super output areas - middle layer,152,Other identity and at least one UK identity,268
15858,2021,E02005161,2021 super output areas - middle layer,152,Non-UK identity only,645
15859,2021,E02005161,2021 super output areas - middle layer,152,UK identity and non-UK identity,275
15860,2021,E02006833,2021 super output areas - middle layer,152,Total: All usual residents,12404
15861,2021,E02006833,2021 super output areas - middle layer,152,British only identity,7342
15862,2021,E02006833,2021 super output areas - middle layer,152,English only identity,2351
15863,2021,E02006833,2021 super output areas - middle layer,152,English and British only identity,1980
15864,2021,E02006833,2021 super output areas - middle layer,152,Welsh only identity,39
15865,2021,E02006833,2021 super output areas - middle layer,152,Welsh and British only identity,12
15866,2021,E02006833,2021 super output areas - middle layer,152,Any other combination of only UK identities,109
15867,2021,E02006833,2021 super output areas - middle layer,152,Scottish only identity,39
15868,2021,E02006833,2021 super output areas - middle layer,152,Scottish and British only identity,25
15869,2021,E02006833,2021 super output areas - middle layer,152,Northern Irish only identity,10
15870,2021,E02006833,2021 super output areas - middle layer,152,Northern Irish and British only identity,5
15871,2021,E02006833,2021 super output areas - middle layer,152,Cornish only identity,3
15872,2021,E02006833,2021 super output areas - middle layer,152,Cornish and British only identity,1
15873,2021,E02006833,2021 super output areas - middle layer,152,Any other combination of only UK identities ,26
15874,2021,E02006833,2021 super output areas - middle layer,152,Irish only identity,50
15875,2021,E02006833,2021 super output areas - middle layer,152,Irish and at least one UK identity,18
15876,2021,E02006833,2021 super output areas - middle layer,152,Other identity only,357
15877,2021,E02006833,2021 super output areas - middle layer,152,Other identity and at least one UK identity,146
15878,2021,E02006833,2021 super output areas - middle layer,152,Non-UK identity only,407
15879,2021,E02006833,2021 super output areas - middle layer,152,UK identity and non-UK identity,164
15880,2021,E02005162,2021 super output areas - middle layer,152,Total: All usual residents,10512
15881,2021,E02005162,2021 super output areas - middle layer,152,British only identity,6078
15882,2021,E02005162,2021 super output areas - middle layer,152,English only identity,2116
15883,2021,E02005162,2021 super output areas - middle layer,152,English and British only identity,1748
15884,2021,E02005162,2021 super output areas - middle layer,152,Welsh only identity,23
15885,2021,E02005162,2021 super output areas - middle layer,152,Welsh and British only identity,20
15886,2021,E02005162,2021 super output areas - middle layer,152,Any other combination of only UK identities,70
15887,2021,E02005162,2021 super output areas - middle layer,152,Scottish only identity,28
15888,2021,E02005162,2021 super output areas - middle layer,152,Scottish and British only identity,8
15889,2021,E02005162,2021 super output areas - middle layer,152,Northern Irish only identity,13
15890,2021,E02005162,2021 super output areas - middle layer,152,Northern Irish and British only identity,5
15891,2021,E02005162,2021 super output areas - middle layer,152,Cornish only identity,0
15892,2021,E02005162,2021 super output areas - middle layer,152,Cornish and British only identity,0
15893,2021,E02005162,2021 super output areas - middle layer,152,Any other combination of only UK identities ,16
15894,2021,E02005162,2021 super output areas - middle layer,152,Irish only identity,25
15895,2021,E02005162,2021 super output areas - middle layer,152,Irish and at least one UK identity,16
15896,2021,E02005162,2021 super output areas - middle layer,152,Other identity only,313
15897,2021,E02005162,2021 super output areas - middle layer,152,Other identity and at least one UK identity,103
15898,2021,E02005162,2021 super output areas - middle layer,152,Non-UK identity only,338
15899,2021,E02005162,2021 super output areas - middle layer,152,UK identity and non-UK identity,119
15900,2021,E02005163,2021 super output areas - middle layer,152,Total: All usual residents,8079
15901,2021,E02005163,2021 super output areas - middle layer,152,British only identity,4880
15902,2021,E02005163,2021 super output areas - middle layer,152,English only identity,1162
15903,2021,E02005163,2021 super output areas - middle layer,152,English and British only identity,1296
15904,2021,E02005163,2021 super output areas - middle layer,152,Welsh only identity,25
15905,2021,E02005163,2021 super output areas - middle layer,152,Welsh and British only identity,11
15906,2021,E02005163,2021 super output areas - middle layer,152,Any other combination of only UK identities,91
15907,2021,E02005163,2021 super output areas - middle layer,152,Scottish only identity,31
15908,2021,E02005163,2021 super output areas - middle layer,152,Scottish and British only identity,14
15909,2021,E02005163,2021 super output areas - middle layer,152,Northern Irish only identity,18
15910,2021,E02005163,2021 super output areas - middle layer,152,Northern Irish and British only identity,10
15911,2021,E02005163,2021 super output areas - middle layer,152,Cornish only identity,2
15912,2021,E02005163,2021 super output areas - middle layer,152,Cornish and British only identity,0
15913,2021,E02005163,2021 super output areas - middle layer,152,Any other combination of only UK identities ,16
15914,2021,E02005163,2021 super output areas - middle layer,152,Irish only identity,30
15915,2021,E02005163,2021 super output areas - middle layer,152,Irish and at least one UK identity,20
15916,2021,E02005163,2021 super output areas - middle layer,152,Other identity only,401
15917,2021,E02005163,2021 super output areas - middle layer,152,Other identity and at least one UK identity,163
15918,2021,E02005163,2021 super output areas - middle layer,152,Non-UK identity only,431
15919,2021,E02005163,2021 super output areas - middle layer,152,UK identity and non-UK identity,183
15920,2021,E02005164,2021 super output areas - middle layer,152,Total: All usual residents,8926
15921,2021,E02005164,2021 super output areas - middle layer,152,British only identity,5155
15922,2021,E02005164,2021 super output areas - middle layer,152,English only identity,1381
15923,2021,E02005164,2021 super output areas - middle layer,152,English and British only identity,1368
15924,2021,E02005164,2021 super output areas - middle layer,152,Welsh only identity,16
15925,2021,E02005164,2021 super output areas - middle layer,152,Welsh and British only identity,18
15926,2021,E02005164,2021 super output areas - middle layer,152,Any other combination of only UK identities,70
15927,2021,E02005164,2021 super output areas - middle layer,152,Scottish only identity,20
15928,2021,E02005164,2021 super output areas - middle layer,152,Scottish and British only identity,19
15929,2021,E02005164,2021 super output areas - middle layer,152,Northern Irish only identity,13
15930,2021,E02005164,2021 super output areas - middle layer,152,Northern Irish and British only identity,2
15931,2021,E02005164,2021 super output areas - middle layer,152,Cornish only identity,1
15932,2021,E02005164,2021 super output areas - middle layer,152,Cornish and British only identity,0
15933,2021,E02005164,2021 super output areas - middle layer,152,Any other combination of only UK identities ,15
15934,2021,E02005164,2021 super output areas - middle layer,152,Irish only identity,23
15935,2021,E02005164,2021 super output areas - middle layer,152,Irish and at least one UK identity,21
15936,2021,E02005164,2021 super output areas - middle layer,152,Other identity only,659
15937,2021,E02005164,2021 super output areas - middle layer,152,Other identity and at least one UK identity,215
15938,2021,E02005164,2021 super output areas - middle layer,152,Non-UK identity only,682
15939,2021,E02005164,2021 super output areas - middle layer,152,UK identity and non-UK identity,236
15940,2021,E02005165,2021 super output areas - middle layer,152,Total: All usual residents,7518
15941,2021,E02005165,2021 super output areas - middle layer,152,British only identity,4424
15942,2021,E02005165,2021 super output areas - middle layer,152,English only identity,1268
15943,2021,E02005165,2021 super output areas - middle layer,152,English and British only identity,1206
15944,2021,E02005165,2021 super output areas - middle layer,152,Welsh only identity,13
15945,2021,E02005165,2021 super output areas - middle layer,152,Welsh and British only identity,16
15946,2021,E02005165,2021 super output areas - middle layer,152,Any other combination of only UK identities,88
15947,2021,E02005165,2021 super output areas - middle layer,152,Scottish only identity,29
15948,2021,E02005165,2021 super output areas - middle layer,152,Scottish and British only identity,14
15949,2021,E02005165,2021 super output areas - middle layer,152,Northern Irish only identity,14
15950,2021,E02005165,2021 super output areas - middle layer,152,Northern Irish and British only identity,7
15951,2021,E02005165,2021 super output areas - middle layer,152,Cornish only identity,1
15952,2021,E02005165,2021 super output areas - middle layer,152,Cornish and British only identity,2
15953,2021,E02005165,2021 super output areas - middle layer,152,Any other combination of only UK identities ,21
15954,2021,E02005165,2021 super output areas - middle layer,152,Irish only identity,16
15955,2021,E02005165,2021 super output areas - middle layer,152,Irish and at least one UK identity,3
15956,2021,E02005165,2021 super output areas - middle layer,152,Other identity only,341
15957,2021,E02005165,2021 super output areas - middle layer,152,Other identity and at least one UK identity,143
15958,2021,E02005165,2021 super output areas - middle layer,152,Non-UK identity only,357
15959,2021,E02005165,2021 super output areas - middle layer,152,UK identity and non-UK identity,146
15960,2021,E02005166,2021 super output areas - middle layer,152,Total: All usual residents,6914
15961,2021,E02005166,2021 super output areas - middle layer,152,British only identity,3866
15962,2021,E02005166,2021 super output areas - middle layer,152,English only identity,1103
15963,2021,E02005166,2021 super output areas - middle layer,152,English and British only identity,1024
15964,2021,E02005166,2021 super output areas - middle layer,152,Welsh only identity,8
15965,2021,E02005166,2021 super output areas - middle layer,152,Welsh and British only identity,3
15966,2021,E02005166,2021 super output areas - middle layer,152,Any other combination of only UK identities,38
15967,2021,E02005166,2021 super output areas - middle layer,152,Scottish only identity,22
15968,2021,E02005166,2021 super output areas - middle layer,152,Scottish and British only identity,5
15969,2021,E02005166,2021 super output areas - middle layer,152,Northern Irish only identity,2
15970,2021,E02005166,2021 super output areas - middle layer,152,Northern Irish and British only identity,3
15971,2021,E02005166,2021 super output areas - middle layer,152,Cornish only identity,1
15972,2021,E02005166,2021 super output areas - middle layer,152,Cornish and British only identity,0
15973,2021,E02005166,2021 super output areas - middle layer,152,Any other combination of only UK identities ,5
15974,2021,E02005166,2021 super output areas - middle layer,152,Irish only identity,22
15975,2021,E02005166,2021 super output areas - middle layer,152,Irish and at least one UK identity,2
15976,2021,E02005166,2021 super output areas - middle layer,152,Other identity only,715
15977,2021,E02005166,2021 super output areas - middle layer,152,Other identity and at least one UK identity,133
15978,2021,E02005166,2021 super output areas - middle layer,152,Non-UK identity only,737
15979,2021,E02005166,2021 super output areas - middle layer,152,UK identity and non-UK identity,135
15980,2021,E02005167,2021 super output areas - middle layer,152,Total: All usual residents,7669
15981,2021,E02005167,2021 super output areas - middle layer,152,British only identity,4747
15982,2021,E02005167,2021 super output areas - middle layer,152,English only identity,1130
15983,2021,E02005167,2021 super output areas - middle layer,152,English and British only identity,1173
15984,2021,E02005167,2021 super output areas - middle layer,152,Welsh only identity,26
15985,2021,E02005167,2021 super output areas - middle layer,152,Welsh and British only identity,12
15986,2021,E02005167,2021 super output areas - middle layer,152,Any other combination of only UK identities,105
15987,2021,E02005167,2021 super output areas - middle layer,152,Scottish only identity,31
15988,2021,E02005167,2021 super output areas - middle layer,152,Scottish and British only identity,28
15989,2021,E02005167,2021 super output areas - middle layer,152,Northern Irish only identity,9
15990,2021,E02005167,2021 super output areas - middle layer,152,Northern Irish and British only identity,9
15991,2021,E02005167,2021 super output areas - middle layer,152,Cornish only identity,0
15992,2021,E02005167,2021 super output areas - middle layer,152,Cornish and British only identity,1
15993,2021,E02005167,2021 super output areas - middle layer,152,Any other combination of only UK identities ,27
15994,2021,E02005167,2021 super output areas - middle layer,152,Irish only identity,40
15995,2021,E02005167,2021 super output areas - middle layer,152,Irish and at least one UK identity,21
15996,2021,E02005167,2021 super output areas - middle layer,152,Other identity only,283
15997,2021,E02005167,2021 super output areas - middle layer,152,Other identity and at least one UK identity,132
15998,2021,E02005167,2021 super output areas - middle layer,152,Non-UK identity only,323
15999,2021,E02005167,2021 super output areas - middle layer,152,UK identity and non-UK identity,153
16000,2021,E02005168,2021 super output areas - middle layer,152,Total: All usual residents,7572
16001,2021,E02005168,2021 super output areas - middle layer,152,British only identity,4463
16002,2021,E02005168,2021 super output areas - middle layer,152,English only identity,1015
16003,2021,E02005168,2021 super output areas - middle layer,152,English and British only identity,1090
16004,2021,E02005168,2021 super output areas - middle layer,152,Welsh only identity,29
16005,2021,E02005168,2021 super output areas - middle layer,152,Welsh and British only identity,22
16006,2021,E02005168,2021 super output areas - middle layer,152,Any other combination of only UK identities,101
16007,2021,E02005168,2021 super output areas - middle layer,152,Scottish only identity,34
16008,2021,E02005168,2021 super output areas - middle layer,152,Scottish and British only identity,20
16009,2021,E02005168,2021 super output areas - middle layer,152,Northern Irish only identity,12
16010,2021,E02005168,2021 super output areas - middle layer,152,Northern Irish and British only identity,3
16011,2021,E02005168,2021 super output areas - middle layer,152,Cornish only identity,1
16012,2021,E02005168,2021 super output areas - middle layer,152,Cornish and British only identity,0
16013,2021,E02005168,2021 super output areas - middle layer,152,Any other combination of only UK identities ,31
16014,2021,E02005168,2021 super output areas - middle layer,152,Irish only identity,47
16015,2021,E02005168,2021 super output areas - middle layer,152,Irish and at least one UK identity,8
16016,2021,E02005168,2021 super output areas - middle layer,152,Other identity only,600
16017,2021,E02005168,2021 super output areas - middle layer,152,Other identity and at least one UK identity,197
16018,2021,E02005168,2021 super output areas - middle layer,152,Non-UK identity only,647
16019,2021,E02005168,2021 super output areas - middle layer,152,UK identity and non-UK identity,205
16020,2021,E02005169,2021 super output areas - middle layer,152,Total: All usual residents,9093
16021,2021,E02005169,2021 super output areas - middle layer,152,British only identity,4800
16022,2021,E02005169,2021 super output areas - middle layer,152,English only identity,983
16023,2021,E02005169,2021 super output areas - middle layer,152,English and British only identity,1113
16024,2021,E02005169,2021 super output areas - middle layer,152,Welsh only identity,22
16025,2021,E02005169,2021 super output areas - middle layer,152,Welsh and British only identity,7
16026,2021,E02005169,2021 super output areas - middle layer,152,Any other combination of only UK identities,96
16027,2021,E02005169,2021 super output areas - middle layer,152,Scottish only identity,35
16028,2021,E02005169,2021 super output areas - middle layer,152,Scottish and British only identity,24
16029,2021,E02005169,2021 super output areas - middle layer,152,Northern Irish only identity,18
16030,2021,E02005169,2021 super output areas - middle layer,152,Northern Irish and British only identity,4
16031,2021,E02005169,2021 super output areas - middle layer,152,Cornish only identity,1
16032,2021,E02005169,2021 super output areas - middle layer,152,Cornish and British only identity,1
16033,2021,E02005169,2021 super output areas - middle layer,152,Any other combination of only UK identities ,13
16034,2021,E02005169,2021 super output areas - middle layer,152,Irish only identity,61
16035,2021,E02005169,2021 super output areas - middle layer,152,Irish and at least one UK identity,18
16036,2021,E02005169,2021 super output areas - middle layer,152,Other identity only,1633
16037,2021,E02005169,2021 super output areas - middle layer,152,Other identity and at least one UK identity,360
16038,2021,E02005169,2021 super output areas - middle layer,152,Non-UK identity only,1694
16039,2021,E02005169,2021 super output areas - middle layer,152,UK identity and non-UK identity,378
16040,2021,E02005170,2021 super output areas - middle layer,152,Total: All usual residents,9848
16041,2021,E02005170,2021 super output areas - middle layer,152,British only identity,5711
16042,2021,E02005170,2021 super output areas - middle layer,152,English only identity,1383
16043,2021,E02005170,2021 super output areas - middle layer,152,English and British only identity,1411
16044,2021,E02005170,2021 super output areas - middle layer,152,Welsh only identity,26
16045,2021,E02005170,2021 super output areas - middle layer,152,Welsh and British only identity,14
16046,2021,E02005170,2021 super output areas - middle layer,152,Any other combination of only UK identities,121
16047,2021,E02005170,2021 super output areas - middle layer,152,Scottish only identity,42
16048,2021,E02005170,2021 super output areas - middle layer,152,Scottish and British only identity,27
16049,2021,E02005170,2021 super output areas - middle layer,152,Northern Irish only identity,19
16050,2021,E02005170,2021 super output areas - middle layer,152,Northern Irish and British only identity,7
16051,2021,E02005170,2021 super output areas - middle layer,152,Cornish only identity,1
16052,2021,E02005170,2021 super output areas - middle layer,152,Cornish and British only identity,0
16053,2021,E02005170,2021 super output areas - middle layer,152,Any other combination of only UK identities ,25
16054,2021,E02005170,2021 super output areas - middle layer,152,Irish only identity,41
16055,2021,E02005170,2021 super output areas - middle layer,152,Irish and at least one UK identity,28
16056,2021,E02005170,2021 super output areas - middle layer,152,Other identity only,848
16057,2021,E02005170,2021 super output areas - middle layer,152,Other identity and at least one UK identity,265
16058,2021,E02005170,2021 super output areas - middle layer,152,Non-UK identity only,889
16059,2021,E02005170,2021 super output areas - middle layer,152,UK identity and non-UK identity,293
16060,2021,E02005171,2021 super output areas - middle layer,152,Total: All usual residents,6200
16061,2021,E02005171,2021 super output areas - middle layer,152,British only identity,3569
16062,2021,E02005171,2021 super output areas - middle layer,152,English only identity,982
16063,2021,E02005171,2021 super output areas - middle layer,152,English and British only identity,939
16064,2021,E02005171,2021 super output areas - middle layer,152,Welsh only identity,17
16065,2021,E02005171,2021 super output areas - middle layer,152,Welsh and British only identity,4
16066,2021,E02005171,2021 super output areas - middle layer,152,Any other combination of only UK identities,50
16067,2021,E02005171,2021 super output areas - middle layer,152,Scottish only identity,15
16068,2021,E02005171,2021 super output areas - middle layer,152,Scottish and British only identity,9
16069,2021,E02005171,2021 super output areas - middle layer,152,Northern Irish only identity,3
16070,2021,E02005171,2021 super output areas - middle layer,152,Northern Irish and British only identity,6
16071,2021,E02005171,2021 super output areas - middle layer,152,Cornish only identity,2
16072,2021,E02005171,2021 super output areas - middle layer,152,Cornish and British only identity,0
16073,2021,E02005171,2021 super output areas - middle layer,152,Any other combination of only UK identities ,15
16074,2021,E02005171,2021 super output areas - middle layer,152,Irish only identity,16
16075,2021,E02005171,2021 super output areas - middle layer,152,Irish and at least one UK identity,11
16076,2021,E02005171,2021 super output areas - middle layer,152,Other identity only,489
16077,2021,E02005171,2021 super output areas - middle layer,152,Other identity and at least one UK identity,123
16078,2021,E02005171,2021 super output areas - middle layer,152,Non-UK identity only,505
16079,2021,E02005171,2021 super output areas - middle layer,152,UK identity and non-UK identity,134
16080,2021,E02005172,2021 super output areas - middle layer,152,Total: All usual residents,8265
16081,2021,E02005172,2021 super output areas - middle layer,152,British only identity,4884
16082,2021,E02005172,2021 super output areas - middle layer,152,English only identity,1449
16083,2021,E02005172,2021 super output areas - middle layer,152,English and British only identity,1300
16084,2021,E02005172,2021 super output areas - middle layer,152,Welsh only identity,19
16085,2021,E02005172,2021 super output areas - middle layer,152,Welsh and British only identity,10
16086,2021,E02005172,2021 super output areas - middle layer,152,Any other combination of only UK identities,109
16087,2021,E02005172,2021 super output areas - middle layer,152,Scottish only identity,45
16088,2021,E02005172,2021 super output areas - middle layer,152,Scottish and British only identity,27
16089,2021,E02005172,2021 super output areas - middle layer,152,Northern Irish only identity,11
16090,2021,E02005172,2021 super output areas - middle layer,152,Northern Irish and British only identity,5
16091,2021,E02005172,2021 super output areas - middle layer,152,Cornish only identity,1
16092,2021,E02005172,2021 super output areas - middle layer,152,Cornish and British only identity,0
16093,2021,E02005172,2021 super output areas - middle layer,152,Any other combination of only UK identities ,20
16094,2021,E02005172,2021 super output areas - middle layer,152,Irish only identity,34
16095,2021,E02005172,2021 super output areas - middle layer,152,Irish and at least one UK identity,15
16096,2021,E02005172,2021 super output areas - middle layer,152,Other identity only,335
16097,2021,E02005172,2021 super output areas - middle layer,152,Other identity and at least one UK identity,110
16098,2021,E02005172,2021 super output areas - middle layer,152,Non-UK identity only,369
16099,2021,E02005172,2021 super output areas - middle layer,152,UK identity and non-UK identity,125
16100,2021,E02005173,2021 super output areas - middle layer,152,Total: All usual residents,8429
16101,2021,E02005173,2021 super output areas - middle layer,152,British only identity,4970
16102,2021,E02005173,2021 super output areas - middle layer,152,English only identity,1144
16103,2021,E02005173,2021 super output areas - middle layer,152,English and British only identity,1223
16104,2021,E02005173,2021 super output areas - middle layer,152,Welsh only identity,25
16105,2021,E02005173,2021 super output areas - middle layer,152,Welsh and British only identity,12
16106,2021,E02005173,2021 super output areas - middle layer,152,Any other combination of only UK identities,126
16107,2021,E02005173,2021 super output areas - middle layer,152,Scottish only identity,48
16108,2021,E02005173,2021 super output areas - middle layer,152,Scottish and British only identity,25
16109,2021,E02005173,2021 super output areas - middle layer,152,Northern Irish only identity,15
16110,2021,E02005173,2021 super output areas - middle layer,152,Northern Irish and British only identity,11
16111,2021,E02005173,2021 super output areas - middle layer,152,Cornish only identity,0
16112,2021,E02005173,2021 super output areas - middle layer,152,Cornish and British only identity,3
16113,2021,E02005173,2021 super output areas - middle layer,152,Any other combination of only UK identities ,24
16114,2021,E02005173,2021 super output areas - middle layer,152,Irish only identity,69
16115,2021,E02005173,2021 super output areas - middle layer,152,Irish and at least one UK identity,18
16116,2021,E02005173,2021 super output areas - middle layer,152,Other identity only,605
16117,2021,E02005173,2021 super output areas - middle layer,152,Other identity and at least one UK identity,237
16118,2021,E02005173,2021 super output areas - middle layer,152,Non-UK identity only,674
16119,2021,E02005173,2021 super output areas - middle layer,152,UK identity and non-UK identity,255
16120,2021,E02005174,2021 super output areas - middle layer,152,Total: All usual residents,7575
16121,2021,E02005174,2021 super output areas - middle layer,152,British only identity,4549
16122,2021,E02005174,2021 super output areas - middle layer,152,English only identity,1306
16123,2021,E02005174,2021 super output areas - middle layer,152,English and British only identity,1207
16124,2021,E02005174,2021 super output areas - middle layer,152,Welsh only identity,12
16125,2021,E02005174,2021 super output areas - middle layer,152,Welsh and British only identity,8
16126,2021,E02005174,2021 super output areas - middle layer,152,Any other combination of only UK identities,47
16127,2021,E02005174,2021 super output areas - middle layer,152,Scottish only identity,24
16128,2021,E02005174,2021 super output areas - middle layer,152,Scottish and British only identity,10
16129,2021,E02005174,2021 super output areas - middle layer,152,Northern Irish only identity,0
16130,2021,E02005174,2021 super output areas - middle layer,152,Northern Irish and British only identity,2
16131,2021,E02005174,2021 super output areas - middle layer,152,Cornish only identity,2
16132,2021,E02005174,2021 super output areas - middle layer,152,Cornish and British only identity,1
16133,2021,E02005174,2021 super output areas - middle layer,152,Any other combination of only UK identities ,8
16134,2021,E02005174,2021 super output areas - middle layer,152,Irish only identity,29
16135,2021,E02005174,2021 super output areas - middle layer,152,Irish and at least one UK identity,11
16136,2021,E02005174,2021 super output areas - middle layer,152,Other identity only,282
16137,2021,E02005174,2021 super output areas - middle layer,152,Other identity and at least one UK identity,124
16138,2021,E02005174,2021 super output areas - middle layer,152,Non-UK identity only,311
16139,2021,E02005174,2021 super output areas - middle layer,152,UK identity and non-UK identity,135
16140,2021,E02005175,2021 super output areas - middle layer,152,Total: All usual residents,8715
16141,2021,E02005175,2021 super output areas - middle layer,152,British only identity,5104
16142,2021,E02005175,2021 super output areas - middle layer,152,English only identity,1569
16143,2021,E02005175,2021 super output areas - middle layer,152,English and British only identity,1368
16144,2021,E02005175,2021 super output areas - middle layer,152,Welsh only identity,30
16145,2021,E02005175,2021 super output areas - middle layer,152,Welsh and British only identity,10
16146,2021,E02005175,2021 super output areas - middle layer,152,Any other combination of only UK identities,111
16147,2021,E02005175,2021 super output areas - middle layer,152,Scottish only identity,36
16148,2021,E02005175,2021 super output areas - middle layer,152,Scottish and British only identity,22
16149,2021,E02005175,2021 super output areas - middle layer,152,Northern Irish only identity,4
16150,2021,E02005175,2021 super output areas - middle layer,152,Northern Irish and British only identity,9
16151,2021,E02005175,2021 super output areas - middle layer,152,Cornish only identity,0
16152,2021,E02005175,2021 super output areas - middle layer,152,Cornish and British only identity,0
16153,2021,E02005175,2021 super output areas - middle layer,152,Any other combination of only UK identities ,40
16154,2021,E02005175,2021 super output areas - middle layer,152,Irish only identity,37
16155,2021,E02005175,2021 super output areas - middle layer,152,Irish and at least one UK identity,10
16156,2021,E02005175,2021 super output areas - middle layer,152,Other identity only,315
16157,2021,E02005175,2021 super output areas - middle layer,152,Other identity and at least one UK identity,161
16158,2021,E02005175,2021 super output areas - middle layer,152,Non-UK identity only,352
16159,2021,E02005175,2021 super output areas - middle layer,152,UK identity and non-UK identity,171
16160,2021,E02005921,2021 super output areas - middle layer,152,Total: All usual residents,6900
16161,2021,E02005921,2021 super output areas - middle layer,152,British only identity,3928
16162,2021,E02005921,2021 super output areas - middle layer,152,English only identity,1284
16163,2021,E02005921,2021 super output areas - middle layer,152,English and British only identity,1031
16164,2021,E02005921,2021 super output areas - middle layer,152,Welsh only identity,49
16165,2021,E02005921,2021 super output areas - middle layer,152,Welsh and British only identity,17
16166,2021,E02005921,2021 super output areas - middle layer,152,Any other combination of only UK identities,82
16167,2021,E02005921,2021 super output areas - middle layer,152,Scottish only identity,28
16168,2021,E02005921,2021 super output areas - middle layer,152,Scottish and British only identity,15
16169,2021,E02005921,2021 super output areas - middle layer,152,Northern Irish only identity,12
16170,2021,E02005921,2021 super output areas - middle layer,152,Northern Irish and British only identity,8
16171,2021,E02005921,2021 super output areas - middle layer,152,Cornish only identity,1
16172,2021,E02005921,2021 super output areas - middle layer,152,Cornish and British only identity,2
16173,2021,E02005921,2021 super output areas - middle layer,152,Any other combination of only UK identities ,16
16174,2021,E02005921,2021 super output areas - middle layer,152,Irish only identity,41
16175,2021,E02005921,2021 super output areas - middle layer,152,Irish and at least one UK identity,10
16176,2021,E02005921,2021 super output areas - middle layer,152,Other identity only,365
16177,2021,E02005921,2021 super output areas - middle layer,152,Other identity and at least one UK identity,93
16178,2021,E02005921,2021 super output areas - middle layer,152,Non-UK identity only,406
16179,2021,E02005921,2021 super output areas - middle layer,152,UK identity and non-UK identity,103
16180,2021,E02005922,2021 super output areas - middle layer,152,Total: All usual residents,8840
16181,2021,E02005922,2021 super output areas - middle layer,152,British only identity,4755
16182,2021,E02005922,2021 super output areas - middle layer,152,English only identity,1460
16183,2021,E02005922,2021 super output areas - middle layer,152,English and British only identity,1301
16184,2021,E02005922,2021 super output areas - middle layer,152,Welsh only identity,38
16185,2021,E02005922,2021 super output areas - middle layer,152,Welsh and British only identity,18
16186,2021,E02005922,2021 super output areas - middle layer,152,Any other combination of only UK identities,82
16187,2021,E02005922,2021 super output areas - middle layer,152,Scottish only identity,29
16188,2021,E02005922,2021 super output areas - middle layer,152,Scottish and British only identity,17
16189,2021,E02005922,2021 super output areas - middle layer,152,Northern Irish only identity,10
16190,2021,E02005922,2021 super output areas - middle layer,152,Northern Irish and British only identity,4
16191,2021,E02005922,2021 super output areas - middle layer,152,Cornish only identity,2
16192,2021,E02005922,2021 super output areas - middle layer,152,Cornish and British only identity,0
16193,2021,E02005922,2021 super output areas - middle layer,152,Any other combination of only UK identities ,20
16194,2021,E02005922,2021 super output areas - middle layer,152,Irish only identity,21
16195,2021,E02005922,2021 super output areas - middle layer,152,Irish and at least one UK identity,11
16196,2021,E02005922,2021 super output areas - middle layer,152,Other identity only,972
16197,2021,E02005922,2021 super output areas - middle layer,152,Other identity and at least one UK identity,182
16198,2021,E02005922,2021 super output areas - middle layer,152,Non-UK identity only,993
16199,2021,E02005922,2021 super output areas - middle layer,152,UK identity and non-UK identity,193
16200,2021,E02005923,2021 super output areas - middle layer,152,Total: All usual residents,6016
16201,2021,E02005923,2021 super output areas - middle layer,152,British only identity,3104
16202,2021,E02005923,2021 super output areas - middle layer,152,English only identity,944
16203,2021,E02005923,2021 super output areas - middle layer,152,English and British only identity,697
16204,2021,E02005923,2021 super output areas - middle layer,152,Welsh only identity,18
16205,2021,E02005923,2021 super output areas - middle layer,152,Welsh and British only identity,10
16206,2021,E02005923,2021 super output areas - middle layer,152,Any other combination of only UK identities,54
16207,2021,E02005923,2021 super output areas - middle layer,152,Scottish only identity,26
16208,2021,E02005923,2021 super output areas - middle layer,152,Scottish and British only identity,11
16209,2021,E02005923,2021 super output areas - middle layer,152,Northern Irish only identity,6
16210,2021,E02005923,2021 super output areas - middle layer,152,Northern Irish and British only identity,0
16211,2021,E02005923,2021 super output areas - middle layer,152,Cornish only identity,1
16212,2021,E02005923,2021 super output areas - middle layer,152,Cornish and British only identity,2
16213,2021,E02005923,2021 super output areas - middle layer,152,Any other combination of only UK identities ,8
16214,2021,E02005923,2021 super output areas - middle layer,152,Irish only identity,30
16215,2021,E02005923,2021 super output areas - middle layer,152,Irish and at least one UK identity,6
16216,2021,E02005923,2021 super output areas - middle layer,152,Other identity only,988
16217,2021,E02005923,2021 super output areas - middle layer,152,Other identity and at least one UK identity,165
16218,2021,E02005923,2021 super output areas - middle layer,152,Non-UK identity only,1018
16219,2021,E02005923,2021 super output areas - middle layer,152,UK identity and non-UK identity,171
16220,2021,E02005924,2021 super output areas - middle layer,152,Total: All usual residents,12599
16221,2021,E02005924,2021 super output areas - middle layer,152,British only identity,6035
16222,2021,E02005924,2021 super output areas - middle layer,152,English only identity,1555
16223,2021,E02005924,2021 super output areas - middle layer,152,English and British only identity,1442
16224,2021,E02005924,2021 super output areas - middle layer,152,Welsh only identity,44
16225,2021,E02005924,2021 super output areas - middle layer,152,Welsh and British only identity,22
16226,2021,E02005924,2021 super output areas - middle layer,152,Any other combination of only UK identities,119
16227,2021,E02005924,2021 super output areas - middle layer,152,Scottish only identity,52
16228,2021,E02005924,2021 super output areas - middle layer,152,Scottish and British only identity,18
16229,2021,E02005924,2021 super output areas - middle layer,152,Northern Irish only identity,12
16230,2021,E02005924,2021 super output areas - middle layer,152,Northern Irish and British only identity,6
16231,2021,E02005924,2021 super output areas - middle layer,152,Cornish only identity,3
16232,2021,E02005924,2021 super output areas - middle layer,152,Cornish and British only identity,0
16233,2021,E02005924,2021 super output areas - middle layer,152,Any other combination of only UK identities ,28
16234,2021,E02005924,2021 super output areas - middle layer,152,Irish only identity,46
16235,2021,E02005924,2021 super output areas - middle layer,152,Irish and at least one UK identity,10
16236,2021,E02005924,2021 super output areas - middle layer,152,Other identity only,2942
16237,2021,E02005924,2021 super output areas - middle layer,152,Other identity and at least one UK identity,384
16238,2021,E02005924,2021 super output areas - middle layer,152,Non-UK identity only,2988
16239,2021,E02005924,2021 super output areas - middle layer,152,UK identity and non-UK identity,394
16240,2021,E02005925,2021 super output areas - middle layer,152,Total: All usual residents,8886
16241,2021,E02005925,2021 super output areas - middle layer,152,British only identity,4822
16242,2021,E02005925,2021 super output areas - middle layer,152,English only identity,1464
16243,2021,E02005925,2021 super output areas - middle layer,152,English and British only identity,1212
16244,2021,E02005925,2021 super output areas - middle layer,152,Welsh only identity,24
16245,2021,E02005925,2021 super output areas - middle layer,152,Welsh and British only identity,7
16246,2021,E02005925,2021 super output areas - middle layer,152,Any other combination of only UK identities,79
16247,2021,E02005925,2021 super output areas - middle layer,152,Scottish only identity,44
16248,2021,E02005925,2021 super output areas - middle layer,152,Scottish and British only identity,13
16249,2021,E02005925,2021 super output areas - middle layer,152,Northern Irish only identity,10
16250,2021,E02005925,2021 super output areas - middle layer,152,Northern Irish and British only identity,0
16251,2021,E02005925,2021 super output areas - middle layer,152,Cornish only identity,1
16252,2021,E02005925,2021 super output areas - middle layer,152,Cornish and British only identity,0
16253,2021,E02005925,2021 super output areas - middle layer,152,Any other combination of only UK identities ,11
16254,2021,E02005925,2021 super output areas - middle layer,152,Irish only identity,32
16255,2021,E02005925,2021 super output areas - middle layer,152,Irish and at least one UK identity,8
16256,2021,E02005925,2021 super output areas - middle layer,152,Other identity only,1028
16257,2021,E02005925,2021 super output areas - middle layer,152,Other identity and at least one UK identity,210
16258,2021,E02005925,2021 super output areas - middle layer,152,Non-UK identity only,1060
16259,2021,E02005925,2021 super output areas - middle layer,152,UK identity and non-UK identity,218
16260,2021,E02005926,2021 super output areas - middle layer,152,Total: All usual residents,9023
16261,2021,E02005926,2021 super output areas - middle layer,152,British only identity,4660
16262,2021,E02005926,2021 super output areas - middle layer,152,English only identity,1798
16263,2021,E02005926,2021 super output areas - middle layer,152,English and British only identity,1380
16264,2021,E02005926,2021 super output areas - middle layer,152,Welsh only identity,36
16265,2021,E02005926,2021 super output areas - middle layer,152,Welsh and British only identity,20
16266,2021,E02005926,2021 super output areas - middle layer,152,Any other combination of only UK identities,117
16267,2021,E02005926,2021 super output areas - middle layer,152,Scottish only identity,47
16268,2021,E02005926,2021 super output areas - middle layer,152,Scottish and British only identity,13
16269,2021,E02005926,2021 super output areas - middle layer,152,Northern Irish only identity,19
16270,2021,E02005926,2021 super output areas - middle layer,152,Northern Irish and British only identity,5
16271,2021,E02005926,2021 super output areas - middle layer,152,Cornish only identity,0
16272,2021,E02005926,2021 super output areas - middle layer,152,Cornish and British only identity,0
16273,2021,E02005926,2021 super output areas - middle layer,152,Any other combination of only UK identities ,33
16274,2021,E02005926,2021 super output areas - middle layer,152,Irish only identity,57
16275,2021,E02005926,2021 super output areas - middle layer,152,Irish and at least one UK identity,15
16276,2021,E02005926,2021 super output areas - middle layer,152,Other identity only,751
16277,2021,E02005926,2021 super output areas - middle layer,152,Other identity and at least one UK identity,189
16278,2021,E02005926,2021 super output areas - middle layer,152,Non-UK identity only,808
16279,2021,E02005926,2021 super output areas - middle layer,152,UK identity and non-UK identity,204
16280,2021,E02005927,2021 super output areas - middle layer,152,Total: All usual residents,5648
16281,2021,E02005927,2021 super output areas - middle layer,152,British only identity,2900
16282,2021,E02005927,2021 super output areas - middle layer,152,English only identity,957
16283,2021,E02005927,2021 super output areas - middle layer,152,English and British only identity,761
16284,2021,E02005927,2021 super output areas - middle layer,152,Welsh only identity,15
16285,2021,E02005927,2021 super output areas - middle layer,152,Welsh and British only identity,10
16286,2021,E02005927,2021 super output areas - middle layer,152,Any other combination of only UK identities,82
16287,2021,E02005927,2021 super output areas - middle layer,152,Scottish only identity,36
16288,2021,E02005927,2021 super output areas - middle layer,152,Scottish and British only identity,14
16289,2021,E02005927,2021 super output areas - middle layer,152,Northern Irish only identity,13
16290,2021,E02005927,2021 super output areas - middle layer,152,Northern Irish and British only identity,4
16291,2021,E02005927,2021 super output areas - middle layer,152,Cornish only identity,0
16292,2021,E02005927,2021 super output areas - middle layer,152,Cornish and British only identity,0
16293,2021,E02005927,2021 super output areas - middle layer,152,Any other combination of only UK identities ,15
16294,2021,E02005927,2021 super output areas - middle layer,152,Irish only identity,16
16295,2021,E02005927,2021 super output areas - middle layer,152,Irish and at least one UK identity,3
16296,2021,E02005927,2021 super output areas - middle layer,152,Other identity only,728
16297,2021,E02005927,2021 super output areas - middle layer,152,Other identity and at least one UK identity,176
16298,2021,E02005927,2021 super output areas - middle layer,152,Non-UK identity only,744
16299,2021,E02005927,2021 super output areas - middle layer,152,UK identity and non-UK identity,179
16300,2021,E02005928,2021 super output areas - middle layer,152,Total: All usual residents,11105
16301,2021,E02005928,2021 super output areas - middle layer,152,British only identity,6600
16302,2021,E02005928,2021 super output areas - middle layer,152,English only identity,1817
16303,2021,E02005928,2021 super output areas - middle layer,152,English and British only identity,1713
16304,2021,E02005928,2021 super output areas - middle layer,152,Welsh only identity,75
16305,2021,E02005928,2021 super output areas - middle layer,152,Welsh and British only identity,22
16306,2021,E02005928,2021 super output areas - middle layer,152,Any other combination of only UK identities,138
16307,2021,E02005928,2021 super output areas - middle layer,152,Scottish only identity,63
16308,2021,E02005928,2021 super output areas - middle layer,152,Scottish and British only identity,24
16309,2021,E02005928,2021 super output areas - middle layer,152,Northern Irish only identity,12
16310,2021,E02005928,2021 super output areas - middle layer,152,Northern Irish and British only identity,4
16311,2021,E02005928,2021 super output areas - middle layer,152,Cornish only identity,3
16312,2021,E02005928,2021 super output areas - middle layer,152,Cornish and British only identity,1
16313,2021,E02005928,2021 super output areas - middle layer,152,Any other combination of only UK identities ,31
16314,2021,E02005928,2021 super output areas - middle layer,152,Irish only identity,47
16315,2021,E02005928,2021 super output areas - middle layer,152,Irish and at least one UK identity,8
16316,2021,E02005928,2021 super output areas - middle layer,152,Other identity only,516
16317,2021,E02005928,2021 super output areas - middle layer,152,Other identity and at least one UK identity,169
16318,2021,E02005928,2021 super output areas - middle layer,152,Non-UK identity only,563
16319,2021,E02005928,2021 super output areas - middle layer,152,UK identity and non-UK identity,177
16320,2021,E02005929,2021 super output areas - middle layer,152,Total: All usual residents,7341
16321,2021,E02005929,2021 super output areas - middle layer,152,British only identity,4390
16322,2021,E02005929,2021 super output areas - middle layer,152,English only identity,1339
16323,2021,E02005929,2021 super output areas - middle layer,152,English and British only identity,1036
16324,2021,E02005929,2021 super output areas - middle layer,152,Welsh only identity,49
16325,2021,E02005929,2021 super output areas - middle layer,152,Welsh and British only identity,20
16326,2021,E02005929,2021 super output areas - middle layer,152,Any other combination of only UK identities,105
16327,2021,E02005929,2021 super output areas - middle layer,152,Scottish only identity,44
16328,2021,E02005929,2021 super output areas - middle layer,152,Scottish and British only identity,22
16329,2021,E02005929,2021 super output areas - middle layer,152,Northern Irish only identity,12
16330,2021,E02005929,2021 super output areas - middle layer,152,Northern Irish and British only identity,6
16331,2021,E02005929,2021 super output areas - middle layer,152,Cornish only identity,2
16332,2021,E02005929,2021 super output areas - middle layer,152,Cornish and British only identity,0
16333,2021,E02005929,2021 super output areas - middle layer,152,Any other combination of only UK identities ,19
16334,2021,E02005929,2021 super output areas - middle layer,152,Irish only identity,20
16335,2021,E02005929,2021 super output areas - middle layer,152,Irish and at least one UK identity,14
16336,2021,E02005929,2021 super output areas - middle layer,152,Other identity only,267
16337,2021,E02005929,2021 super output areas - middle layer,152,Other identity and at least one UK identity,101
16338,2021,E02005929,2021 super output areas - middle layer,152,Non-UK identity only,287
16339,2021,E02005929,2021 super output areas - middle layer,152,UK identity and non-UK identity,115
16340,2021,E02005930,2021 super output areas - middle layer,152,Total: All usual residents,9464
16341,2021,E02005930,2021 super output areas - middle layer,152,British only identity,5585
16342,2021,E02005930,2021 super output areas - middle layer,152,English only identity,1436
16343,2021,E02005930,2021 super output areas - middle layer,152,English and British only identity,1491
16344,2021,E02005930,2021 super output areas - middle layer,152,Welsh only identity,44
16345,2021,E02005930,2021 super output areas - middle layer,152,Welsh and British only identity,29
16346,2021,E02005930,2021 super output areas - middle layer,152,Any other combination of only UK identities,135
16347,2021,E02005930,2021 super output areas - middle layer,152,Scottish only identity,46
16348,2021,E02005930,2021 super output areas - middle layer,152,Scottish and British only identity,23
16349,2021,E02005930,2021 super output areas - middle layer,152,Northern Irish only identity,9
16350,2021,E02005930,2021 super output areas - middle layer,152,Northern Irish and British only identity,10
16351,2021,E02005930,2021 super output areas - middle layer,152,Cornish only identity,0
16352,2021,E02005930,2021 super output areas - middle layer,152,Cornish and British only identity,0
16353,2021,E02005930,2021 super output areas - middle layer,152,Any other combination of only UK identities ,47
16354,2021,E02005930,2021 super output areas - middle layer,152,Irish only identity,34
16355,2021,E02005930,2021 super output areas - middle layer,152,Irish and at least one UK identity,15
16356,2021,E02005930,2021 super output areas - middle layer,152,Other identity only,504
16357,2021,E02005930,2021 super output areas - middle layer,152,Other identity and at least one UK identity,191
16358,2021,E02005930,2021 super output areas - middle layer,152,Non-UK identity only,538
16359,2021,E02005930,2021 super output areas - middle layer,152,UK identity and non-UK identity,206
16360,2021,E02005931,2021 super output areas - middle layer,152,Total: All usual residents,11255
16361,2021,E02005931,2021 super output areas - middle layer,152,British only identity,6430
16362,2021,E02005931,2021 super output areas - middle layer,152,English only identity,1662
16363,2021,E02005931,2021 super output areas - middle layer,152,English and British only identity,1669
16364,2021,E02005931,2021 super output areas - middle layer,152,Welsh only identity,45
16365,2021,E02005931,2021 super output areas - middle layer,152,Welsh and British only identity,30
16366,2021,E02005931,2021 super output areas - middle layer,152,Any other combination of only UK identities,156
16367,2021,E02005931,2021 super output areas - middle layer,152,Scottish only identity,55
16368,2021,E02005931,2021 super output areas - middle layer,152,Scottish and British only identity,43
16369,2021,E02005931,2021 super output areas - middle layer,152,Northern Irish only identity,18
16370,2021,E02005931,2021 super output areas - middle layer,152,Northern Irish and British only identity,10
16371,2021,E02005931,2021 super output areas - middle layer,152,Cornish only identity,3
16372,2021,E02005931,2021 super output areas - middle layer,152,Cornish and British only identity,0
16373,2021,E02005931,2021 super output areas - middle layer,152,Any other combination of only UK identities ,27
16374,2021,E02005931,2021 super output areas - middle layer,152,Irish only identity,48
16375,2021,E02005931,2021 super output areas - middle layer,152,Irish and at least one UK identity,11
16376,2021,E02005931,2021 super output areas - middle layer,152,Other identity only,985
16377,2021,E02005931,2021 super output areas - middle layer,152,Other identity and at least one UK identity,219
16378,2021,E02005931,2021 super output areas - middle layer,152,Non-UK identity only,1033
16379,2021,E02005931,2021 super output areas - middle layer,152,UK identity and non-UK identity,230
16380,2021,E02005932,2021 super output areas - middle layer,152,Total: All usual residents,6725
16381,2021,E02005932,2021 super output areas - middle layer,152,British only identity,3613
16382,2021,E02005932,2021 super output areas - middle layer,152,English only identity,1032
16383,2021,E02005932,2021 super output areas - middle layer,152,English and British only identity,927
16384,2021,E02005932,2021 super output areas - middle layer,152,Welsh only identity,42
16385,2021,E02005932,2021 super output areas - middle layer,152,Welsh and British only identity,21
16386,2021,E02005932,2021 super output areas - middle layer,152,Any other combination of only UK identities,87
16387,2021,E02005932,2021 super output areas - middle layer,152,Scottish only identity,40
16388,2021,E02005932,2021 super output areas - middle layer,152,Scottish and British only identity,19
16389,2021,E02005932,2021 super output areas - middle layer,152,Northern Irish only identity,8
16390,2021,E02005932,2021 super output areas - middle layer,152,Northern Irish and British only identity,2
16391,2021,E02005932,2021 super output areas - middle layer,152,Cornish only identity,2
16392,2021,E02005932,2021 super output areas - middle layer,152,Cornish and British only identity,0
16393,2021,E02005932,2021 super output areas - middle layer,152,Any other combination of only UK identities ,16
16394,2021,E02005932,2021 super output areas - middle layer,152,Irish only identity,30
16395,2021,E02005932,2021 super output areas - middle layer,152,Irish and at least one UK identity,8
16396,2021,E02005932,2021 super output areas - middle layer,152,Other identity only,823
16397,2021,E02005932,2021 super output areas - middle layer,152,Other identity and at least one UK identity,142
16398,2021,E02005932,2021 super output areas - middle layer,152,Non-UK identity only,853
16399,2021,E02005932,2021 super output areas - middle layer,152,UK identity and non-UK identity,150
16400,2021,E02005933,2021 super output areas - middle layer,152,Total: All usual residents,7714
16401,2021,E02005933,2021 super output areas - middle layer,152,British only identity,4106
16402,2021,E02005933,2021 super output areas - middle layer,152,English only identity,1319
16403,2021,E02005933,2021 super output areas - middle layer,152,English and British only identity,1038
16404,2021,E02005933,2021 super output areas - middle layer,152,Welsh only identity,34
16405,2021,E02005933,2021 super output areas - middle layer,152,Welsh and British only identity,17
16406,2021,E02005933,2021 super output areas - middle layer,152,Any other combination of only UK identities,89
16407,2021,E02005933,2021 super output areas - middle layer,152,Scottish only identity,43
16408,2021,E02005933,2021 super output areas - middle layer,152,Scottish and British only identity,23
16409,2021,E02005933,2021 super output areas - middle layer,152,Northern Irish only identity,8
16410,2021,E02005933,2021 super output areas - middle layer,152,Northern Irish and British only identity,2
16411,2021,E02005933,2021 super output areas - middle layer,152,Cornish only identity,0
16412,2021,E02005933,2021 super output areas - middle layer,152,Cornish and British only identity,0
16413,2021,E02005933,2021 super output areas - middle layer,152,Any other combination of only UK identities ,13
16414,2021,E02005933,2021 super output areas - middle layer,152,Irish only identity,30
16415,2021,E02005933,2021 super output areas - middle layer,152,Irish and at least one UK identity,6
16416,2021,E02005933,2021 super output areas - middle layer,152,Other identity only,943
16417,2021,E02005933,2021 super output areas - middle layer,152,Other identity and at least one UK identity,132
16418,2021,E02005933,2021 super output areas - middle layer,152,Non-UK identity only,973
16419,2021,E02005933,2021 super output areas - middle layer,152,UK identity and non-UK identity,138
16420,2021,E02005934,2021 super output areas - middle layer,152,Total: All usual residents,8847
16421,2021,E02005934,2021 super output areas - middle layer,152,British only identity,4806
16422,2021,E02005934,2021 super output areas - middle layer,152,English only identity,1625
16423,2021,E02005934,2021 super output areas - middle layer,152,English and British only identity,1213
16424,2021,E02005934,2021 super output areas - middle layer,152,Welsh only identity,38
16425,2021,E02005934,2021 super output areas - middle layer,152,Welsh and British only identity,12
16426,2021,E02005934,2021 super output areas - middle layer,152,Any other combination of only UK identities,125
16427,2021,E02005934,2021 super output areas - middle layer,152,Scottish only identity,58
16428,2021,E02005934,2021 super output areas - middle layer,152,Scottish and British only identity,17
16429,2021,E02005934,2021 super output areas - middle layer,152,Northern Irish only identity,15
16430,2021,E02005934,2021 super output areas - middle layer,152,Northern Irish and British only identity,9
16431,2021,E02005934,2021 super output areas - middle layer,152,Cornish only identity,3
16432,2021,E02005934,2021 super output areas - middle layer,152,Cornish and British only identity,0
16433,2021,E02005934,2021 super output areas - middle layer,152,Any other combination of only UK identities ,23
16434,2021,E02005934,2021 super output areas - middle layer,152,Irish only identity,37
16435,2021,E02005934,2021 super output areas - middle layer,152,Irish and at least one UK identity,4
16436,2021,E02005934,2021 super output areas - middle layer,152,Other identity only,832
16437,2021,E02005934,2021 super output areas - middle layer,152,Other identity and at least one UK identity,155
16438,2021,E02005934,2021 super output areas - middle layer,152,Non-UK identity only,869
16439,2021,E02005934,2021 super output areas - middle layer,152,UK identity and non-UK identity,159
16440,2021,E02005935,2021 super output areas - middle layer,152,Total: All usual residents,8583
16441,2021,E02005935,2021 super output areas - middle layer,152,British only identity,4616
16442,2021,E02005935,2021 super output areas - middle layer,152,English only identity,1078
16443,2021,E02005935,2021 super output areas - middle layer,152,English and British only identity,1202
16444,2021,E02005935,2021 super output areas - middle layer,152,Welsh only identity,44
16445,2021,E02005935,2021 super output areas - middle layer,152,Welsh and British only identity,36
16446,2021,E02005935,2021 super output areas - middle layer,152,Any other combination of only UK identities,101
16447,2021,E02005935,2021 super output areas - middle layer,152,Scottish only identity,46
16448,2021,E02005935,2021 super output areas - middle layer,152,Scottish and British only identity,22
16449,2021,E02005935,2021 super output areas - middle layer,152,Northern Irish only identity,10
16450,2021,E02005935,2021 super output areas - middle layer,152,Northern Irish and British only identity,3
16451,2021,E02005935,2021 super output areas - middle layer,152,Cornish only identity,1
16452,2021,E02005935,2021 super output areas - middle layer,152,Cornish and British only identity,1
16453,2021,E02005935,2021 super output areas - middle layer,152,Any other combination of only UK identities ,18
16454,2021,E02005935,2021 super output areas - middle layer,152,Irish only identity,59
16455,2021,E02005935,2021 super output areas - middle layer,152,Irish and at least one UK identity,11
16456,2021,E02005935,2021 super output areas - middle layer,152,Other identity only,1230
16457,2021,E02005935,2021 super output areas - middle layer,152,Other identity and at least one UK identity,206
16458,2021,E02005935,2021 super output areas - middle layer,152,Non-UK identity only,1289
16459,2021,E02005935,2021 super output areas - middle layer,152,UK identity and non-UK identity,217
16460,2021,E02005936,2021 super output areas - middle layer,152,Total: All usual residents,13063
16461,2021,E02005936,2021 super output areas - middle layer,152,British only identity,7671
16462,2021,E02005936,2021 super output areas - middle layer,152,English only identity,1868
16463,2021,E02005936,2021 super output areas - middle layer,152,English and British only identity,1867
16464,2021,E02005936,2021 super output areas - middle layer,152,Welsh only identity,68
16465,2021,E02005936,2021 super output areas - middle layer,152,Welsh and British only identity,37
16466,2021,E02005936,2021 super output areas - middle layer,152,Any other combination of only UK identities,220
16467,2021,E02005936,2021 super output areas - middle layer,152,Scottish only identity,73
16468,2021,E02005936,2021 super output areas - middle layer,152,Scottish and British only identity,36
16469,2021,E02005936,2021 super output areas - middle layer,152,Northern Irish only identity,37
16470,2021,E02005936,2021 super output areas - middle layer,152,Northern Irish and British only identity,21
16471,2021,E02005936,2021 super output areas - middle layer,152,Cornish only identity,6
16472,2021,E02005936,2021 super output areas - middle layer,152,Cornish and British only identity,0
16473,2021,E02005936,2021 super output areas - middle layer,152,Any other combination of only UK identities ,47
16474,2021,E02005936,2021 super output areas - middle layer,152,Irish only identity,66
16475,2021,E02005936,2021 super output areas - middle layer,152,Irish and at least one UK identity,18
16476,2021,E02005936,2021 super output areas - middle layer,152,Other identity only,895
16477,2021,E02005936,2021 super output areas - middle layer,152,Other identity and at least one UK identity,353
16478,2021,E02005936,2021 super output areas - middle layer,152,Non-UK identity only,961
16479,2021,E02005936,2021 super output areas - middle layer,152,UK identity and non-UK identity,371
16480,2021,E02005937,2021 super output areas - middle layer,152,Total: All usual residents,6540
16481,2021,E02005937,2021 super output areas - middle layer,152,British only identity,3384
16482,2021,E02005937,2021 super output areas - middle layer,152,English only identity,1153
16483,2021,E02005937,2021 super output areas - middle layer,152,English and British only identity,870
16484,2021,E02005937,2021 super output areas - middle layer,152,Welsh only identity,27
16485,2021,E02005937,2021 super output areas - middle layer,152,Welsh and British only identity,15
16486,2021,E02005937,2021 super output areas - middle layer,152,Any other combination of only UK identities,86
16487,2021,E02005937,2021 super output areas - middle layer,152,Scottish only identity,34
16488,2021,E02005937,2021 super output areas - middle layer,152,Scottish and British only identity,27
16489,2021,E02005937,2021 super output areas - middle layer,152,Northern Irish only identity,8
16490,2021,E02005937,2021 super output areas - middle layer,152,Northern Irish and British only identity,1
16491,2021,E02005937,2021 super output areas - middle layer,152,Cornish only identity,2
16492,2021,E02005937,2021 super output areas - middle layer,152,Cornish and British only identity,0
16493,2021,E02005937,2021 super output areas - middle layer,152,Any other combination of only UK identities ,14
16494,2021,E02005937,2021 super output areas - middle layer,152,Irish only identity,30
16495,2021,E02005937,2021 super output areas - middle layer,152,Irish and at least one UK identity,17
16496,2021,E02005937,2021 super output areas - middle layer,152,Other identity only,783
16497,2021,E02005937,2021 super output areas - middle layer,152,Other identity and at least one UK identity,175
16498,2021,E02005937,2021 super output areas - middle layer,152,Non-UK identity only,813
16499,2021,E02005937,2021 super output areas - middle layer,152,UK identity and non-UK identity,192
16500,2021,E02005938,2021 super output areas - middle layer,152,Total: All usual residents,5686
16501,2021,E02005938,2021 super output areas - middle layer,152,British only identity,2962
16502,2021,E02005938,2021 super output areas - middle layer,152,English only identity,944
16503,2021,E02005938,2021 super output areas - middle layer,152,English and British only identity,806
16504,2021,E02005938,2021 super output areas - middle layer,152,Welsh only identity,20
16505,2021,E02005938,2021 super output areas - middle layer,152,Welsh and British only identity,11
16506,2021,E02005938,2021 super output areas - middle layer,152,Any other combination of only UK identities,43
16507,2021,E02005938,2021 super output areas - middle layer,152,Scottish only identity,13
16508,2021,E02005938,2021 super output areas - middle layer,152,Scottish and British only identity,8
16509,2021,E02005938,2021 super output areas - middle layer,152,Northern Irish only identity,4
16510,2021,E02005938,2021 super output areas - middle layer,152,Northern Irish and British only identity,2
16511,2021,E02005938,2021 super output areas - middle layer,152,Cornish only identity,1
16512,2021,E02005938,2021 super output areas - middle layer,152,Cornish and British only identity,0
16513,2021,E02005938,2021 super output areas - middle layer,152,Any other combination of only UK identities ,15
16514,2021,E02005938,2021 super output areas - middle layer,152,Irish only identity,23
16515,2021,E02005938,2021 super output areas - middle layer,152,Irish and at least one UK identity,4
16516,2021,E02005938,2021 super output areas - middle layer,152,Other identity only,709
16517,2021,E02005938,2021 super output areas - middle layer,152,Other identity and at least one UK identity,164
16518,2021,E02005938,2021 super output areas - middle layer,152,Non-UK identity only,732
16519,2021,E02005938,2021 super output areas - middle layer,152,UK identity and non-UK identity,168
16520,2021,E02005939,2021 super output areas - middle layer,152,Total: All usual residents,6782
16521,2021,E02005939,2021 super output areas - middle layer,152,British only identity,3554
16522,2021,E02005939,2021 super output areas - middle layer,152,English only identity,1145
16523,2021,E02005939,2021 super output areas - middle layer,152,English and British only identity,1044
16524,2021,E02005939,2021 super output areas - middle layer,152,Welsh only identity,21
16525,2021,E02005939,2021 super output areas - middle layer,152,Welsh and British only identity,23
16526,2021,E02005939,2021 super output areas - middle layer,152,Any other combination of only UK identities,70
16527,2021,E02005939,2021 super output areas - middle layer,152,Scottish only identity,27
16528,2021,E02005939,2021 super output areas - middle layer,152,Scottish and British only identity,15
16529,2021,E02005939,2021 super output areas - middle layer,152,Northern Irish only identity,1
16530,2021,E02005939,2021 super output areas - middle layer,152,Northern Irish and British only identity,7
16531,2021,E02005939,2021 super output areas - middle layer,152,Cornish only identity,2
16532,2021,E02005939,2021 super output areas - middle layer,152,Cornish and British only identity,0
16533,2021,E02005939,2021 super output areas - middle layer,152,Any other combination of only UK identities ,18
16534,2021,E02005939,2021 super output areas - middle layer,152,Irish only identity,29
16535,2021,E02005939,2021 super output areas - middle layer,152,Irish and at least one UK identity,6
16536,2021,E02005939,2021 super output areas - middle layer,152,Other identity only,720
16537,2021,E02005939,2021 super output areas - middle layer,152,Other identity and at least one UK identity,170
16538,2021,E02005939,2021 super output areas - middle layer,152,Non-UK identity only,749
16539,2021,E02005939,2021 super output areas - middle layer,152,UK identity and non-UK identity,176
16540,2021,E02005940,2021 super output areas - middle layer,152,Total: All usual residents,6154
16541,2021,E02005940,2021 super output areas - middle layer,152,British only identity,3315
16542,2021,E02005940,2021 super output areas - middle layer,152,English only identity,541
16543,2021,E02005940,2021 super output areas - middle layer,152,English and British only identity,681
16544,2021,E02005940,2021 super output areas - middle layer,152,Welsh only identity,28
16545,2021,E02005940,2021 super output areas - middle layer,152,Welsh and British only identity,11
16546,2021,E02005940,2021 super output areas - middle layer,152,Any other combination of only UK identities,113
16547,2021,E02005940,2021 super output areas - middle layer,152,Scottish only identity,40
16548,2021,E02005940,2021 super output areas - middle layer,152,Scottish and British only identity,24
16549,2021,E02005940,2021 super output areas - middle layer,152,Northern Irish only identity,13
16550,2021,E02005940,2021 super output areas - middle layer,152,Northern Irish and British only identity,10
16551,2021,E02005940,2021 super output areas - middle layer,152,Cornish only identity,2
16552,2021,E02005940,2021 super output areas - middle layer,152,Cornish and British only identity,0
16553,2021,E02005940,2021 super output areas - middle layer,152,Any other combination of only UK identities ,24
16554,2021,E02005940,2021 super output areas - middle layer,152,Irish only identity,58
16555,2021,E02005940,2021 super output areas - middle layer,152,Irish and at least one UK identity,19
16556,2021,E02005940,2021 super output areas - middle layer,152,Other identity only,995
16557,2021,E02005940,2021 super output areas - middle layer,152,Other identity and at least one UK identity,393
16558,2021,E02005940,2021 super output areas - middle layer,152,Non-UK identity only,1053
16559,2021,E02005940,2021 super output areas - middle layer,152,UK identity and non-UK identity,412
16560,2021,E02005941,2021 super output areas - middle layer,152,Total: All usual residents,7083
16561,2021,E02005941,2021 super output areas - middle layer,152,British only identity,3602
16562,2021,E02005941,2021 super output areas - middle layer,152,English only identity,620
16563,2021,E02005941,2021 super output areas - middle layer,152,English and British only identity,696
16564,2021,E02005941,2021 super output areas - middle layer,152,Welsh only identity,27
16565,2021,E02005941,2021 super output areas - middle layer,152,Welsh and British only identity,14
16566,2021,E02005941,2021 super output areas - middle layer,152,Any other combination of only UK identities,115
16567,2021,E02005941,2021 super output areas - middle layer,152,Scottish only identity,33
16568,2021,E02005941,2021 super output areas - middle layer,152,Scottish and British only identity,25
16569,2021,E02005941,2021 super output areas - middle layer,152,Northern Irish only identity,5
16570,2021,E02005941,2021 super output areas - middle layer,152,Northern Irish and British only identity,5
16571,2021,E02005941,2021 super output areas - middle layer,152,Cornish only identity,0
16572,2021,E02005941,2021 super output areas - middle layer,152,Cornish and British only identity,0
16573,2021,E02005941,2021 super output areas - middle layer,152,Any other combination of only UK identities ,47
16574,2021,E02005941,2021 super output areas - middle layer,152,Irish only identity,58
16575,2021,E02005941,2021 super output areas - middle layer,152,Irish and at least one UK identity,26
16576,2021,E02005941,2021 super output areas - middle layer,152,Other identity only,1448
16577,2021,E02005941,2021 super output areas - middle layer,152,Other identity and at least one UK identity,477
16578,2021,E02005941,2021 super output areas - middle layer,152,Non-UK identity only,1506
16579,2021,E02005941,2021 super output areas - middle layer,152,UK identity and non-UK identity,503
16580,2021,E02005942,2021 super output areas - middle layer,152,Total: All usual residents,6249
16581,2021,E02005942,2021 super output areas - middle layer,152,British only identity,2925
16582,2021,E02005942,2021 super output areas - middle layer,152,English only identity,391
16583,2021,E02005942,2021 super output areas - middle layer,152,English and British only identity,566
16584,2021,E02005942,2021 super output areas - middle layer,152,Welsh only identity,40
16585,2021,E02005942,2021 super output areas - middle layer,152,Welsh and British only identity,23
16586,2021,E02005942,2021 super output areas - middle layer,152,Any other combination of only UK identities,119
16587,2021,E02005942,2021 super output areas - middle layer,152,Scottish only identity,38
16588,2021,E02005942,2021 super output areas - middle layer,152,Scottish and British only identity,27
16589,2021,E02005942,2021 super output areas - middle layer,152,Northern Irish only identity,12
16590,2021,E02005942,2021 super output areas - middle layer,152,Northern Irish and British only identity,5
16591,2021,E02005942,2021 super output areas - middle layer,152,Cornish only identity,2
16592,2021,E02005942,2021 super output areas - middle layer,152,Cornish and British only identity,0
16593,2021,E02005942,2021 super output areas - middle layer,152,Any other combination of only UK identities ,35
16594,2021,E02005942,2021 super output areas - middle layer,152,Irish only identity,63
16595,2021,E02005942,2021 super output areas - middle layer,152,Irish and at least one UK identity,35
16596,2021,E02005942,2021 super output areas - middle layer,152,Other identity only,1594
16597,2021,E02005942,2021 super output areas - middle layer,152,Other identity and at least one UK identity,493
16598,2021,E02005942,2021 super output areas - middle layer,152,Non-UK identity only,1657
16599,2021,E02005942,2021 super output areas - middle layer,152,UK identity and non-UK identity,528
16600,2021,E02005943,2021 super output areas - middle layer,152,Total: All usual residents,7331
16601,2021,E02005943,2021 super output areas - middle layer,152,British only identity,3504
16602,2021,E02005943,2021 super output areas - middle layer,152,English only identity,698
16603,2021,E02005943,2021 super output areas - middle layer,152,English and British only identity,722
16604,2021,E02005943,2021 super output areas - middle layer,152,Welsh only identity,26
16605,2021,E02005943,2021 super output areas - middle layer,152,Welsh and British only identity,19
16606,2021,E02005943,2021 super output areas - middle layer,152,Any other combination of only UK identities,79
16607,2021,E02005943,2021 super output areas - middle layer,152,Scottish only identity,29
16608,2021,E02005943,2021 super output areas - middle layer,152,Scottish and British only identity,20
16609,2021,E02005943,2021 super output areas - middle layer,152,Northern Irish only identity,6
16610,2021,E02005943,2021 super output areas - middle layer,152,Northern Irish and British only identity,5
16611,2021,E02005943,2021 super output areas - middle layer,152,Cornish only identity,1
16612,2021,E02005943,2021 super output areas - middle layer,152,Cornish and British only identity,0
16613,2021,E02005943,2021 super output areas - middle layer,152,Any other combination of only UK identities ,18
16614,2021,E02005943,2021 super output areas - middle layer,152,Irish only identity,60
16615,2021,E02005943,2021 super output areas - middle layer,152,Irish and at least one UK identity,11
16616,2021,E02005943,2021 super output areas - middle layer,152,Other identity only,1766
16617,2021,E02005943,2021 super output areas - middle layer,152,Other identity and at least one UK identity,446
16618,2021,E02005943,2021 super output areas - middle layer,152,Non-UK identity only,1826
16619,2021,E02005943,2021 super output areas - middle layer,152,UK identity and non-UK identity,457
16620,2021,E02005944,2021 super output areas - middle layer,152,Total: All usual residents,8393
16621,2021,E02005944,2021 super output areas - middle layer,152,British only identity,4439
16622,2021,E02005944,2021 super output areas - middle layer,152,English only identity,850
16623,2021,E02005944,2021 super output areas - middle layer,152,English and British only identity,801
16624,2021,E02005944,2021 super output areas - middle layer,152,Welsh only identity,12
16625,2021,E02005944,2021 super output areas - middle layer,152,Welsh and British only identity,10
16626,2021,E02005944,2021 super output areas - middle layer,152,Any other combination of only UK identities,79
16627,2021,E02005944,2021 super output areas - middle layer,152,Scottish only identity,28
16628,2021,E02005944,2021 super output areas - middle layer,152,Scottish and British only identity,15
16629,2021,E02005944,2021 super output areas - middle layer,152,Northern Irish only identity,12
16630,2021,E02005944,2021 super output areas - middle layer,152,Northern Irish and British only identity,9
16631,2021,E02005944,2021 super output areas - middle layer,152,Cornish only identity,1
16632,2021,E02005944,2021 super output areas - middle layer,152,Cornish and British only identity,0
16633,2021,E02005944,2021 super output areas - middle layer,152,Any other combination of only UK identities ,14
16634,2021,E02005944,2021 super output areas - middle layer,152,Irish only identity,36
16635,2021,E02005944,2021 super output areas - middle layer,152,Irish and at least one UK identity,11
16636,2021,E02005944,2021 super output areas - middle layer,152,Other identity only,1838
16637,2021,E02005944,2021 super output areas - middle layer,152,Other identity and at least one UK identity,317
16638,2021,E02005944,2021 super output areas - middle layer,152,Non-UK identity only,1874
16639,2021,E02005944,2021 super output areas - middle layer,152,UK identity and non-UK identity,328
16640,2021,E02005945,2021 super output areas - middle layer,152,Total: All usual residents,11114
16641,2021,E02005945,2021 super output areas - middle layer,152,British only identity,5333
16642,2021,E02005945,2021 super output areas - middle layer,152,English only identity,870
16643,2021,E02005945,2021 super output areas - middle layer,152,English and British only identity,1272
16644,2021,E02005945,2021 super output areas - middle layer,152,Welsh only identity,55
16645,2021,E02005945,2021 super output areas - middle layer,152,Welsh and British only identity,25
16646,2021,E02005945,2021 super output areas - middle layer,152,Any other combination of only UK identities,168
16647,2021,E02005945,2021 super output areas - middle layer,152,Scottish only identity,59
16648,2021,E02005945,2021 super output areas - middle layer,152,Scottish and British only identity,38
16649,2021,E02005945,2021 super output areas - middle layer,152,Northern Irish only identity,11
16650,2021,E02005945,2021 super output areas - middle layer,152,Northern Irish and British only identity,11
16651,2021,E02005945,2021 super output areas - middle layer,152,Cornish only identity,1
16652,2021,E02005945,2021 super output areas - middle layer,152,Cornish and British only identity,1
16653,2021,E02005945,2021 super output areas - middle layer,152,Any other combination of only UK identities ,47
16654,2021,E02005945,2021 super output areas - middle layer,152,Irish only identity,92
16655,2021,E02005945,2021 super output areas - middle layer,152,Irish and at least one UK identity,32
16656,2021,E02005945,2021 super output areas - middle layer,152,Other identity only,2663
16657,2021,E02005945,2021 super output areas - middle layer,152,Other identity and at least one UK identity,604
16658,2021,E02005945,2021 super output areas - middle layer,152,Non-UK identity only,2755
16659,2021,E02005945,2021 super output areas - middle layer,152,UK identity and non-UK identity,636
16660,2021,E02005946,2021 super output areas - middle layer,152,Total: All usual residents,8464
16661,2021,E02005946,2021 super output areas - middle layer,152,British only identity,4405
16662,2021,E02005946,2021 super output areas - middle layer,152,English only identity,994
16663,2021,E02005946,2021 super output areas - middle layer,152,English and British only identity,877
16664,2021,E02005946,2021 super output areas - middle layer,152,Welsh only identity,32
16665,2021,E02005946,2021 super output areas - middle layer,152,Welsh and British only identity,18
16666,2021,E02005946,2021 super output areas - middle layer,152,Any other combination of only UK identities,135
16667,2021,E02005946,2021 super output areas - middle layer,152,Scottish only identity,49
16668,2021,E02005946,2021 super output areas - middle layer,152,Scottish and British only identity,25
16669,2021,E02005946,2021 super output areas - middle layer,152,Northern Irish only identity,20
16670,2021,E02005946,2021 super output areas - middle layer,152,Northern Irish and British only identity,8
16671,2021,E02005946,2021 super output areas - middle layer,152,Cornish only identity,1
16672,2021,E02005946,2021 super output areas - middle layer,152,Cornish and British only identity,0
16673,2021,E02005946,2021 super output areas - middle layer,152,Any other combination of only UK identities ,32
16674,2021,E02005946,2021 super output areas - middle layer,152,Irish only identity,68
16675,2021,E02005946,2021 super output areas - middle layer,152,Irish and at least one UK identity,20
16676,2021,E02005946,2021 super output areas - middle layer,152,Other identity only,1470
16677,2021,E02005946,2021 super output areas - middle layer,152,Other identity and at least one UK identity,445
16678,2021,E02005946,2021 super output areas - middle layer,152,Non-UK identity only,1538
16679,2021,E02005946,2021 super output areas - middle layer,152,UK identity and non-UK identity,465
16680,2021,E02005947,2021 super output areas - middle layer,152,Total: All usual residents,18475
16681,2021,E02005947,2021 super output areas - middle layer,152,British only identity,6542
16682,2021,E02005947,2021 super output areas - middle layer,152,English only identity,781
16683,2021,E02005947,2021 super output areas - middle layer,152,English and British only identity,3169
16684,2021,E02005947,2021 super output areas - middle layer,152,Welsh only identity,182
16685,2021,E02005947,2021 super output areas - middle layer,152,Welsh and British only identity,96
16686,2021,E02005947,2021 super output areas - middle layer,152,Any other combination of only UK identities,510
16687,2021,E02005947,2021 super output areas - middle layer,152,Scottish only identity,98
16688,2021,E02005947,2021 super output areas - middle layer,152,Scottish and British only identity,110
16689,2021,E02005947,2021 super output areas - middle layer,152,Northern Irish only identity,36
16690,2021,E02005947,2021 super output areas - middle layer,152,Northern Irish and British only identity,25
16691,2021,E02005947,2021 super output areas - middle layer,152,Cornish only identity,6
16692,2021,E02005947,2021 super output areas - middle layer,152,Cornish and British only identity,2
16693,2021,E02005947,2021 super output areas - middle layer,152,Any other combination of only UK identities ,233
16694,2021,E02005947,2021 super output areas - middle layer,152,Irish only identity,139
16695,2021,E02005947,2021 super output areas - middle layer,152,Irish and at least one UK identity,150
16696,2021,E02005947,2021 super output areas - middle layer,152,Other identity only,5393
16697,2021,E02005947,2021 super output areas - middle layer,152,Other identity and at least one UK identity,1513
16698,2021,E02005947,2021 super output areas - middle layer,152,Non-UK identity only,5532
16699,2021,E02005947,2021 super output areas - middle layer,152,UK identity and non-UK identity,1663
16700,2021,E02005948,2021 super output areas - middle layer,152,Total: All usual residents,6618
16701,2021,E02005948,2021 super output areas - middle layer,152,British only identity,2957
16702,2021,E02005948,2021 super output areas - middle layer,152,English only identity,441
16703,2021,E02005948,2021 super output areas - middle layer,152,English and British only identity,721
16704,2021,E02005948,2021 super output areas - middle layer,152,Welsh only identity,37
16705,2021,E02005948,2021 super output areas - middle layer,152,Welsh and British only identity,14
16706,2021,E02005948,2021 super output areas - middle layer,152,Any other combination of only UK identities,149
16707,2021,E02005948,2021 super output areas - middle layer,152,Scottish only identity,49
16708,2021,E02005948,2021 super output areas - middle layer,152,Scottish and British only identity,28
16709,2021,E02005948,2021 super output areas - middle layer,152,Northern Irish only identity,16
16710,2021,E02005948,2021 super output areas - middle layer,152,Northern Irish and British only identity,13
16711,2021,E02005948,2021 super output areas - middle layer,152,Cornish only identity,1
16712,2021,E02005948,2021 super output areas - middle layer,152,Cornish and British only identity,0
16713,2021,E02005948,2021 super output areas - middle layer,152,Any other combination of only UK identities ,42
16714,2021,E02005948,2021 super output areas - middle layer,152,Irish only identity,72
16715,2021,E02005948,2021 super output areas - middle layer,152,Irish and at least one UK identity,27
16716,2021,E02005948,2021 super output areas - middle layer,152,Other identity only,1736
16717,2021,E02005948,2021 super output areas - middle layer,152,Other identity and at least one UK identity,464
16718,2021,E02005948,2021 super output areas - middle layer,152,Non-UK identity only,1808
16719,2021,E02005948,2021 super output areas - middle layer,152,UK identity and non-UK identity,491
16720,2021,E02005949,2021 super output areas - middle layer,152,Total: All usual residents,7623
16721,2021,E02005949,2021 super output areas - middle layer,152,British only identity,3975
16722,2021,E02005949,2021 super output areas - middle layer,152,English only identity,754
16723,2021,E02005949,2021 super output areas - middle layer,152,English and British only identity,767
16724,2021,E02005949,2021 super output areas - middle layer,152,Welsh only identity,33
16725,2021,E02005949,2021 super output areas - middle layer,152,Welsh and British only identity,14
16726,2021,E02005949,2021 super output areas - middle layer,152,Any other combination of only UK identities,74
16727,2021,E02005949,2021 super output areas - middle layer,152,Scottish only identity,21
16728,2021,E02005949,2021 super output areas - middle layer,152,Scottish and British only identity,11
16729,2021,E02005949,2021 super output areas - middle layer,152,Northern Irish only identity,16
16730,2021,E02005949,2021 super output areas - middle layer,152,Northern Irish and British only identity,1
16731,2021,E02005949,2021 super output areas - middle layer,152,Cornish only identity,0
16732,2021,E02005949,2021 super output areas - middle layer,152,Cornish and British only identity,4
16733,2021,E02005949,2021 super output areas - middle layer,152,Any other combination of only UK identities ,21
16734,2021,E02005949,2021 super output areas - middle layer,152,Irish only identity,26
16735,2021,E02005949,2021 super output areas - middle layer,152,Irish and at least one UK identity,20
16736,2021,E02005949,2021 super output areas - middle layer,152,Other identity only,1676
16737,2021,E02005949,2021 super output areas - middle layer,152,Other identity and at least one UK identity,284
16738,2021,E02005949,2021 super output areas - middle layer,152,Non-UK identity only,1702
16739,2021,E02005949,2021 super output areas - middle layer,152,UK identity and non-UK identity,304
16740,2021,E02005950,2021 super output areas - middle layer,152,Total: All usual residents,11139
16741,2021,E02005950,2021 super output areas - middle layer,152,British only identity,5214
16742,2021,E02005950,2021 super output areas - middle layer,152,English only identity,800
16743,2021,E02005950,2021 super output areas - middle layer,152,English and British only identity,1362
16744,2021,E02005950,2021 super output areas - middle layer,152,Welsh only identity,71
16745,2021,E02005950,2021 super output areas - middle layer,152,Welsh and British only identity,45
16746,2021,E02005950,2021 super output areas - middle layer,152,Any other combination of only UK identities,206
16747,2021,E02005950,2021 super output areas - middle layer,152,Scottish only identity,63
16748,2021,E02005950,2021 super output areas - middle layer,152,Scottish and British only identity,45
16749,2021,E02005950,2021 super output areas - middle layer,152,Northern Irish only identity,19
16750,2021,E02005950,2021 super output areas - middle layer,152,Northern Irish and British only identity,11
16751,2021,E02005950,2021 super output areas - middle layer,152,Cornish only identity,0
16752,2021,E02005950,2021 super output areas - middle layer,152,Cornish and British only identity,1
16753,2021,E02005950,2021 super output areas - middle layer,152,Any other combination of only UK identities ,67
16754,2021,E02005950,2021 super output areas - middle layer,152,Irish only identity,78
16755,2021,E02005950,2021 super output areas - middle layer,152,Irish and at least one UK identity,43
16756,2021,E02005950,2021 super output areas - middle layer,152,Other identity only,2681
16757,2021,E02005950,2021 super output areas - middle layer,152,Other identity and at least one UK identity,639
16758,2021,E02005950,2021 super output areas - middle layer,152,Non-UK identity only,2759
16759,2021,E02005950,2021 super output areas - middle layer,152,UK identity and non-UK identity,682
16760,2021,E02005951,2021 super output areas - middle layer,152,Total: All usual residents,5577
16761,2021,E02005951,2021 super output areas - middle layer,152,British only identity,2818
16762,2021,E02005951,2021 super output areas - middle layer,152,English only identity,374
16763,2021,E02005951,2021 super output areas - middle layer,152,English and British only identity,539
16764,2021,E02005951,2021 super output areas - middle layer,152,Welsh only identity,25
16765,2021,E02005951,2021 super output areas - middle layer,152,Welsh and British only identity,12
16766,2021,E02005951,2021 super output areas - middle layer,152,Any other combination of only UK identities,109
16767,2021,E02005951,2021 super output areas - middle layer,152,Scottish only identity,27
16768,2021,E02005951,2021 super output areas - middle layer,152,Scottish and British only identity,28
16769,2021,E02005951,2021 super output areas - middle layer,152,Northern Irish only identity,11
16770,2021,E02005951,2021 super output areas - middle layer,152,Northern Irish and British only identity,7
16771,2021,E02005951,2021 super output areas - middle layer,152,Cornish only identity,5
16772,2021,E02005951,2021 super output areas - middle layer,152,Cornish and British only identity,0
16773,2021,E02005951,2021 super output areas - middle layer,152,Any other combination of only UK identities ,31
16774,2021,E02005951,2021 super output areas - middle layer,152,Irish only identity,59
16775,2021,E02005951,2021 super output areas - middle layer,152,Irish and at least one UK identity,20
16776,2021,E02005951,2021 super output areas - middle layer,152,Other identity only,1243
16777,2021,E02005951,2021 super output areas - middle layer,152,Other identity and at least one UK identity,378
16778,2021,E02005951,2021 super output areas - middle layer,152,Non-UK identity only,1302
16779,2021,E02005951,2021 super output areas - middle layer,152,UK identity and non-UK identity,398
16780,2021,E02005953,2021 super output areas - middle layer,152,Total: All usual residents,6016
16781,2021,E02005953,2021 super output areas - middle layer,152,British only identity,3101
16782,2021,E02005953,2021 super output areas - middle layer,152,English only identity,453
16783,2021,E02005953,2021 super output areas - middle layer,152,English and British only identity,608
16784,2021,E02005953,2021 super output areas - middle layer,152,Welsh only identity,51
16785,2021,E02005953,2021 super output areas - middle layer,152,Welsh and British only identity,11
16786,2021,E02005953,2021 super output areas - middle layer,152,Any other combination of only UK identities,105
16787,2021,E02005953,2021 super output areas - middle layer,152,Scottish only identity,29
16788,2021,E02005953,2021 super output areas - middle layer,152,Scottish and British only identity,24
16789,2021,E02005953,2021 super output areas - middle layer,152,Northern Irish only identity,8
16790,2021,E02005953,2021 super output areas - middle layer,152,Northern Irish and British only identity,17
16791,2021,E02005953,2021 super output areas - middle layer,152,Cornish only identity,2
16792,2021,E02005953,2021 super output areas - middle layer,152,Cornish and British only identity,0
16793,2021,E02005953,2021 super output areas - middle layer,152,Any other combination of only UK identities ,25
16794,2021,E02005953,2021 super output areas - middle layer,152,Irish only identity,67
16795,2021,E02005953,2021 super output areas - middle layer,152,Irish and at least one UK identity,23
16796,2021,E02005953,2021 super output areas - middle layer,152,Other identity only,1240
16797,2021,E02005953,2021 super output areas - middle layer,152,Other identity and at least one UK identity,357
16798,2021,E02005953,2021 super output areas - middle layer,152,Non-UK identity only,1307
16799,2021,E02005953,2021 super output areas - middle layer,152,UK identity and non-UK identity,380
16800,2021,E02005954,2021 super output areas - middle layer,152,Total: All usual residents,10486
16801,2021,E02005954,2021 super output areas - middle layer,152,British only identity,5234
16802,2021,E02005954,2021 super output areas - middle layer,152,English only identity,918
16803,2021,E02005954,2021 super output areas - middle layer,152,English and British only identity,820
16804,2021,E02005954,2021 super output areas - middle layer,152,Welsh only identity,29
16805,2021,E02005954,2021 super output areas - middle layer,152,Welsh and British only identity,16
16806,2021,E02005954,2021 super output areas - middle layer,152,Any other combination of only UK identities,112
16807,2021,E02005954,2021 super output areas - middle layer,152,Scottish only identity,35
16808,2021,E02005954,2021 super output areas - middle layer,152,Scottish and British only identity,24
16809,2021,E02005954,2021 super output areas - middle layer,152,Northern Irish only identity,17
16810,2021,E02005954,2021 super output areas - middle layer,152,Northern Irish and British only identity,2
16811,2021,E02005954,2021 super output areas - middle layer,152,Cornish only identity,4
16812,2021,E02005954,2021 super output areas - middle layer,152,Cornish and British only identity,0
16813,2021,E02005954,2021 super output areas - middle layer,152,Any other combination of only UK identities ,30
16814,2021,E02005954,2021 super output areas - middle layer,152,Irish only identity,114
16815,2021,E02005954,2021 super output areas - middle layer,152,Irish and at least one UK identity,21
16816,2021,E02005954,2021 super output areas - middle layer,152,Other identity only,2768
16817,2021,E02005954,2021 super output areas - middle layer,152,Other identity and at least one UK identity,454
16818,2021,E02005954,2021 super output areas - middle layer,152,Non-UK identity only,2882
16819,2021,E02005954,2021 super output areas - middle layer,152,UK identity and non-UK identity,475
16820,2021,E02005955,2021 super output areas - middle layer,152,Total: All usual residents,11232
16821,2021,E02005955,2021 super output areas - middle layer,152,British only identity,5942
16822,2021,E02005955,2021 super output areas - middle layer,152,English only identity,1371
16823,2021,E02005955,2021 super output areas - middle layer,152,English and British only identity,1028
16824,2021,E02005955,2021 super output areas - middle layer,152,Welsh only identity,52
16825,2021,E02005955,2021 super output areas - middle layer,152,Welsh and British only identity,12
16826,2021,E02005955,2021 super output areas - middle layer,152,Any other combination of only UK identities,102
16827,2021,E02005955,2021 super output areas - middle layer,152,Scottish only identity,48
16828,2021,E02005955,2021 super output areas - middle layer,152,Scottish and British only identity,12
16829,2021,E02005955,2021 super output areas - middle layer,152,Northern Irish only identity,13
16830,2021,E02005955,2021 super output areas - middle layer,152,Northern Irish and British only identity,6
16831,2021,E02005955,2021 super output areas - middle layer,152,Cornish only identity,2
16832,2021,E02005955,2021 super output areas - middle layer,152,Cornish and British only identity,0
16833,2021,E02005955,2021 super output areas - middle layer,152,Any other combination of only UK identities ,21
16834,2021,E02005955,2021 super output areas - middle layer,152,Irish only identity,92
16835,2021,E02005955,2021 super output areas - middle layer,152,Irish and at least one UK identity,14
16836,2021,E02005955,2021 super output areas - middle layer,152,Other identity only,2277
16837,2021,E02005955,2021 super output areas - middle layer,152,Other identity and at least one UK identity,342
16838,2021,E02005955,2021 super output areas - middle layer,152,Non-UK identity only,2369
16839,2021,E02005955,2021 super output areas - middle layer,152,UK identity and non-UK identity,356
16840,2021,E02005956,2021 super output areas - middle layer,152,Total: All usual residents,6557
16841,2021,E02005956,2021 super output areas - middle layer,152,British only identity,3554
16842,2021,E02005956,2021 super output areas - middle layer,152,English only identity,868
16843,2021,E02005956,2021 super output areas - middle layer,152,English and British only identity,618
16844,2021,E02005956,2021 super output areas - middle layer,152,Welsh only identity,10
16845,2021,E02005956,2021 super output areas - middle layer,152,Welsh and British only identity,4
16846,2021,E02005956,2021 super output areas - middle layer,152,Any other combination of only UK identities,35
16847,2021,E02005956,2021 super output areas - middle layer,152,Scottish only identity,6
16848,2021,E02005956,2021 super output areas - middle layer,152,Scottish and British only identity,3
16849,2021,E02005956,2021 super output areas - middle layer,152,Northern Irish only identity,16
16850,2021,E02005956,2021 super output areas - middle layer,152,Northern Irish and British only identity,3
16851,2021,E02005956,2021 super output areas - middle layer,152,Cornish only identity,0
16852,2021,E02005956,2021 super output areas - middle layer,152,Cornish and British only identity,0
16853,2021,E02005956,2021 super output areas - middle layer,152,Any other combination of only UK identities ,7
16854,2021,E02005956,2021 super output areas - middle layer,152,Irish only identity,39
16855,2021,E02005956,2021 super output areas - middle layer,152,Irish and at least one UK identity,7
16856,2021,E02005956,2021 super output areas - middle layer,152,Other identity only,1245
16857,2021,E02005956,2021 super output areas - middle layer,152,Other identity and at least one UK identity,177
16858,2021,E02005956,2021 super output areas - middle layer,152,Non-UK identity only,1284
16859,2021,E02005956,2021 super output areas - middle layer,152,UK identity and non-UK identity,184
16860,2021,E02005957,2021 super output areas - middle layer,152,Total: All usual residents,6911
16861,2021,E02005957,2021 super output areas - middle layer,152,British only identity,3846
16862,2021,E02005957,2021 super output areas - middle layer,152,English only identity,832
16863,2021,E02005957,2021 super output areas - middle layer,152,English and British only identity,848
16864,2021,E02005957,2021 super output areas - middle layer,152,Welsh only identity,13
16865,2021,E02005957,2021 super output areas - middle layer,152,Welsh and British only identity,7
16866,2021,E02005957,2021 super output areas - middle layer,152,Any other combination of only UK identities,82
16867,2021,E02005957,2021 super output areas - middle layer,152,Scottish only identity,35
16868,2021,E02005957,2021 super output areas - middle layer,152,Scottish and British only identity,10
16869,2021,E02005957,2021 super output areas - middle layer,152,Northern Irish only identity,9
16870,2021,E02005957,2021 super output areas - middle layer,152,Northern Irish and British only identity,9
16871,2021,E02005957,2021 super output areas - middle layer,152,Cornish only identity,1
16872,2021,E02005957,2021 super output areas - middle layer,152,Cornish and British only identity,0
16873,2021,E02005957,2021 super output areas - middle layer,152,Any other combination of only UK identities ,18
16874,2021,E02005957,2021 super output areas - middle layer,152,Irish only identity,30
16875,2021,E02005957,2021 super output areas - middle layer,152,Irish and at least one UK identity,11
16876,2021,E02005957,2021 super output areas - middle layer,152,Other identity only,1024
16877,2021,E02005957,2021 super output areas - middle layer,152,Other identity and at least one UK identity,218
16878,2021,E02005957,2021 super output areas - middle layer,152,Non-UK identity only,1054
16879,2021,E02005957,2021 super output areas - middle layer,152,UK identity and non-UK identity,229
16880,2021,E02007021,2021 super output areas - middle layer,152,Total: All usual residents,8442
16881,2021,E02007021,2021 super output areas - middle layer,152,British only identity,4331
16882,2021,E02007021,2021 super output areas - middle layer,152,English only identity,782
16883,2021,E02007021,2021 super output areas - middle layer,152,English and British only identity,805
16884,2021,E02007021,2021 super output areas - middle layer,152,Welsh only identity,37
16885,2021,E02007021,2021 super output areas - middle layer,152,Welsh and British only identity,8
16886,2021,E02007021,2021 super output areas - middle layer,152,Any other combination of only UK identities,90
16887,2021,E02007021,2021 super output areas - middle layer,152,Scottish only identity,36
16888,2021,E02007021,2021 super output areas - middle layer,152,Scottish and British only identity,11
16889,2021,E02007021,2021 super output areas - middle layer,152,Northern Irish only identity,10
16890,2021,E02007021,2021 super output areas - middle layer,152,Northern Irish and British only identity,8
16891,2021,E02007021,2021 super output areas - middle layer,152,Cornish only identity,2
16892,2021,E02007021,2021 super output areas - middle layer,152,Cornish and British only identity,3
16893,2021,E02007021,2021 super output areas - middle layer,152,Any other combination of only UK identities ,20
16894,2021,E02007021,2021 super output areas - middle layer,152,Irish only identity,79
16895,2021,E02007021,2021 super output areas - middle layer,152,Irish and at least one UK identity,20
16896,2021,E02007021,2021 super output areas - middle layer,152,Other identity only,1966
16897,2021,E02007021,2021 super output areas - middle layer,152,Other identity and at least one UK identity,324
16898,2021,E02007021,2021 super output areas - middle layer,152,Non-UK identity only,2045
16899,2021,E02007021,2021 super output areas - middle layer,152,UK identity and non-UK identity,344
16900,2021,E02007116,2021 super output areas - middle layer,152,Total: All usual residents,8180
16901,2021,E02007116,2021 super output areas - middle layer,152,British only identity,4286
16902,2021,E02007116,2021 super output areas - middle layer,152,English only identity,475
16903,2021,E02007116,2021 super output areas - middle layer,152,English and British only identity,645
16904,2021,E02007116,2021 super output areas - middle layer,152,Welsh only identity,29
16905,2021,E02007116,2021 super output areas - middle layer,152,Welsh and British only identity,17
16906,2021,E02007116,2021 super output areas - middle layer,152,Any other combination of only UK identities,95
16907,2021,E02007116,2021 super output areas - middle layer,152,Scottish only identity,38
16908,2021,E02007116,2021 super output areas - middle layer,152,Scottish and British only identity,19
16909,2021,E02007116,2021 super output areas - middle layer,152,Northern Irish only identity,13
16910,2021,E02007116,2021 super output areas - middle layer,152,Northern Irish and British only identity,3
16911,2021,E02007116,2021 super output areas - middle layer,152,Cornish only identity,0
16912,2021,E02007116,2021 super output areas - middle layer,152,Cornish and British only identity,0
16913,2021,E02007116,2021 super output areas - middle layer,152,Any other combination of only UK identities ,22
16914,2021,E02007116,2021 super output areas - middle layer,152,Irish only identity,94
16915,2021,E02007116,2021 super output areas - middle layer,152,Irish and at least one UK identity,32
16916,2021,E02007116,2021 super output areas - middle layer,152,Other identity only,2035
16917,2021,E02007116,2021 super output areas - middle layer,152,Other identity and at least one UK identity,472
16918,2021,E02007116,2021 super output areas - middle layer,152,Non-UK identity only,2129
16919,2021,E02007116,2021 super output areas - middle layer,152,UK identity and non-UK identity,504
16920,2021,E02005958,2021 super output areas - middle layer,152,Total: All usual residents,5378
16921,2021,E02005958,2021 super output areas - middle layer,152,British only identity,2957
16922,2021,E02005958,2021 super output areas - middle layer,152,English only identity,1001
16923,2021,E02005958,2021 super output areas - middle layer,152,English and British only identity,947
16924,2021,E02005958,2021 super output areas - middle layer,152,Welsh only identity,32
16925,2021,E02005958,2021 super output areas - middle layer,152,Welsh and British only identity,20
16926,2021,E02005958,2021 super output areas - middle layer,152,Any other combination of only UK identities,67
16927,2021,E02005958,2021 super output areas - middle layer,152,Scottish only identity,27
16928,2021,E02005958,2021 super output areas - middle layer,152,Scottish and British only identity,18
16929,2021,E02005958,2021 super output areas - middle layer,152,Northern Irish only identity,6
16930,2021,E02005958,2021 super output areas - middle layer,152,Northern Irish and British only identity,1
16931,2021,E02005958,2021 super output areas - middle layer,152,Cornish only identity,0
16932,2021,E02005958,2021 super output areas - middle layer,152,Cornish and British only identity,1
16933,2021,E02005958,2021 super output areas - middle layer,152,Any other combination of only UK identities ,14
16934,2021,E02005958,2021 super output areas - middle layer,152,Irish only identity,16
16935,2021,E02005958,2021 super output areas - middle layer,152,Irish and at least one UK identity,8
16936,2021,E02005958,2021 super output areas - middle layer,152,Other identity only,210
16937,2021,E02005958,2021 super output areas - middle layer,152,Other identity and at least one UK identity,120
16938,2021,E02005958,2021 super output areas - middle layer,152,Non-UK identity only,226
16939,2021,E02005958,2021 super output areas - middle layer,152,UK identity and non-UK identity,128
16940,2021,E02005959,2021 super output areas - middle layer,152,Total: All usual residents,5895
16941,2021,E02005959,2021 super output areas - middle layer,152,British only identity,3298
16942,2021,E02005959,2021 super output areas - middle layer,152,English only identity,1010
16943,2021,E02005959,2021 super output areas - middle layer,152,English and British only identity,835
16944,2021,E02005959,2021 super output areas - middle layer,152,Welsh only identity,22
16945,2021,E02005959,2021 super output areas - middle layer,152,Welsh and British only identity,7
16946,2021,E02005959,2021 super output areas - middle layer,152,Any other combination of only UK identities,70
16947,2021,E02005959,2021 super output areas - middle layer,152,Scottish only identity,30
16948,2021,E02005959,2021 super output areas - middle layer,152,Scottish and British only identity,17
16949,2021,E02005959,2021 super output areas - middle layer,152,Northern Irish only identity,4
16950,2021,E02005959,2021 super output areas - middle layer,152,Northern Irish and British only identity,1
16951,2021,E02005959,2021 super output areas - middle layer,152,Cornish only identity,0
16952,2021,E02005959,2021 super output areas - middle layer,152,Cornish and British only identity,0
16953,2021,E02005959,2021 super output areas - middle layer,152,Any other combination of only UK identities ,18
16954,2021,E02005959,2021 super output areas - middle layer,152,Irish only identity,44
16955,2021,E02005959,2021 super output areas - middle layer,152,Irish and at least one UK identity,11
16956,2021,E02005959,2021 super output areas - middle layer,152,Other identity only,417
16957,2021,E02005959,2021 super output areas - middle layer,152,Other identity and at least one UK identity,181
16958,2021,E02005959,2021 super output areas - middle layer,152,Non-UK identity only,461
16959,2021,E02005959,2021 super output areas - middle layer,152,UK identity and non-UK identity,192
16960,2021,E02005960,2021 super output areas - middle layer,152,Total: All usual residents,7892
16961,2021,E02005960,2021 super output areas - middle layer,152,British only identity,4618
16962,2021,E02005960,2021 super output areas - middle layer,152,English only identity,1348
16963,2021,E02005960,2021 super output areas - middle layer,152,English and British only identity,1254
16964,2021,E02005960,2021 super output areas - middle layer,152,Welsh only identity,46
16965,2021,E02005960,2021 super output areas - middle layer,152,Welsh and British only identity,15
16966,2021,E02005960,2021 super output areas - middle layer,152,Any other combination of only UK identities,92
16967,2021,E02005960,2021 super output areas - middle layer,152,Scottish only identity,35
16968,2021,E02005960,2021 super output areas - middle layer,152,Scottish and British only identity,20
16969,2021,E02005960,2021 super output areas - middle layer,152,Northern Irish only identity,11
16970,2021,E02005960,2021 super output areas - middle layer,152,Northern Irish and British only identity,4
16971,2021,E02005960,2021 super output areas - middle layer,152,Cornish only identity,2
16972,2021,E02005960,2021 super output areas - middle layer,152,Cornish and British only identity,0
16973,2021,E02005960,2021 super output areas - middle layer,152,Any other combination of only UK identities ,20
16974,2021,E02005960,2021 super output areas - middle layer,152,Irish only identity,45
16975,2021,E02005960,2021 super output areas - middle layer,152,Irish and at least one UK identity,9
16976,2021,E02005960,2021 super output areas - middle layer,152,Other identity only,325
16977,2021,E02005960,2021 super output areas - middle layer,152,Other identity and at least one UK identity,140
16978,2021,E02005960,2021 super output areas - middle layer,152,Non-UK identity only,370
16979,2021,E02005960,2021 super output areas - middle layer,152,UK identity and non-UK identity,149
16980,2021,E02005961,2021 super output areas - middle layer,152,Total: All usual residents,6738
16981,2021,E02005961,2021 super output areas - middle layer,152,British only identity,3804
16982,2021,E02005961,2021 super output areas - middle layer,152,English only identity,1225
16983,2021,E02005961,2021 super output areas - middle layer,152,English and British only identity,1003
16984,2021,E02005961,2021 super output areas - middle layer,152,Welsh only identity,31
16985,2021,E02005961,2021 super output areas - middle layer,152,Welsh and British only identity,20
16986,2021,E02005961,2021 super output areas - middle layer,152,Any other combination of only UK identities,81
16987,2021,E02005961,2021 super output areas - middle layer,152,Scottish only identity,23
16988,2021,E02005961,2021 super output areas - middle layer,152,Scottish and British only identity,23
16989,2021,E02005961,2021 super output areas - middle layer,152,Northern Irish only identity,4
16990,2021,E02005961,2021 super output areas - middle layer,152,Northern Irish and British only identity,10
16991,2021,E02005961,2021 super output areas - middle layer,152,Cornish only identity,0
16992,2021,E02005961,2021 super output areas - middle layer,152,Cornish and British only identity,1
16993,2021,E02005961,2021 super output areas - middle layer,152,Any other combination of only UK identities ,20
16994,2021,E02005961,2021 super output areas - middle layer,152,Irish only identity,50
16995,2021,E02005961,2021 super output areas - middle layer,152,Irish and at least one UK identity,13
16996,2021,E02005961,2021 super output areas - middle layer,152,Other identity only,368
16997,2021,E02005961,2021 super output areas - middle layer,152,Other identity and at least one UK identity,143
16998,2021,E02005961,2021 super output areas - middle layer,152,Non-UK identity only,418
16999,2021,E02005961,2021 super output areas - middle layer,152,UK identity and non-UK identity,156
17000,2021,E02005962,2021 super output areas - middle layer,152,Total: All usual residents,10169
17001,2021,E02005962,2021 super output areas - middle layer,152,British only identity,5674
17002,2021,E02005962,2021 super output areas - middle layer,152,English only identity,2000
17003,2021,E02005962,2021 super output areas - middle layer,152,English and British only identity,1742
17004,2021,E02005962,2021 super output areas - middle layer,152,Welsh only identity,43
17005,2021,E02005962,2021 super output areas - middle layer,152,Welsh and British only identity,25
17006,2021,E02005962,2021 super output areas - middle layer,152,Any other combination of only UK identities,112
17007,2021,E02005962,2021 super output areas - middle layer,152,Scottish only identity,46
17008,2021,E02005962,2021 super output areas - middle layer,152,Scottish and British only identity,22
17009,2021,E02005962,2021 super output areas - middle layer,152,Northern Irish only identity,11
17010,2021,E02005962,2021 super output areas - middle layer,152,Northern Irish and British only identity,8
17011,2021,E02005962,2021 super output areas - middle layer,152,Cornish only identity,0
17012,2021,E02005962,2021 super output areas - middle layer,152,Cornish and British only identity,0
17013,2021,E02005962,2021 super output areas - middle layer,152,Any other combination of only UK identities ,25
17014,2021,E02005962,2021 super output areas - middle layer,152,Irish only identity,53
17015,2021,E02005962,2021 super output areas - middle layer,152,Irish and at least one UK identity,6
17016,2021,E02005962,2021 super output areas - middle layer,152,Other identity only,356
17017,2021,E02005962,2021 super output areas - middle layer,152,Other identity and at least one UK identity,158
17018,2021,E02005962,2021 super output areas - middle layer,152,Non-UK identity only,409
17019,2021,E02005962,2021 super output areas - middle layer,152,UK identity and non-UK identity,164
17020,2021,E02005963,2021 super output areas - middle layer,152,Total: All usual residents,8035
17021,2021,E02005963,2021 super output areas - middle layer,152,British only identity,4439
17022,2021,E02005963,2021 super output areas - middle layer,152,English only identity,1411
17023,2021,E02005963,2021 super output areas - middle layer,152,English and British only identity,1164
17024,2021,E02005963,2021 super output areas - middle layer,152,Welsh only identity,36
17025,2021,E02005963,2021 super output areas - middle layer,152,Welsh and British only identity,14
17026,2021,E02005963,2021 super output areas - middle layer,152,Any other combination of only UK identities,99
17027,2021,E02005963,2021 super output areas - middle layer,152,Scottish only identity,41
17028,2021,E02005963,2021 super output areas - middle layer,152,Scottish and British only identity,22
17029,2021,E02005963,2021 super output areas - middle layer,152,Northern Irish only identity,12
17030,2021,E02005963,2021 super output areas - middle layer,152,Northern Irish and British only identity,4
17031,2021,E02005963,2021 super output areas - middle layer,152,Cornish only identity,2
17032,2021,E02005963,2021 super output areas - middle layer,152,Cornish and British only identity,0
17033,2021,E02005963,2021 super output areas - middle layer,152,Any other combination of only UK identities ,18
17034,2021,E02005963,2021 super output areas - middle layer,152,Irish only identity,64
17035,2021,E02005963,2021 super output areas - middle layer,152,Irish and at least one UK identity,18
17036,2021,E02005963,2021 super output areas - middle layer,152,Other identity only,576
17037,2021,E02005963,2021 super output areas - middle layer,152,Other identity and at least one UK identity,214
17038,2021,E02005963,2021 super output areas - middle layer,152,Non-UK identity only,640
17039,2021,E02005963,2021 super output areas - middle layer,152,UK identity and non-UK identity,232
17040,2021,E02005964,2021 super output areas - middle layer,152,Total: All usual residents,7299
17041,2021,E02005964,2021 super output areas - middle layer,152,British only identity,4180
17042,2021,E02005964,2021 super output areas - middle layer,152,English only identity,1291
17043,2021,E02005964,2021 super output areas - middle layer,152,English and British only identity,1204
17044,2021,E02005964,2021 super output areas - middle layer,152,Welsh only identity,42
17045,2021,E02005964,2021 super output areas - middle layer,152,Welsh and British only identity,25
17046,2021,E02005964,2021 super output areas - middle layer,152,Any other combination of only UK identities,112
17047,2021,E02005964,2021 super output areas - middle layer,152,Scottish only identity,48
17048,2021,E02005964,2021 super output areas - middle layer,152,Scottish and British only identity,26
17049,2021,E02005964,2021 super output areas - middle layer,152,Northern Irish only identity,9
17050,2021,E02005964,2021 super output areas - middle layer,152,Northern Irish and British only identity,3
17051,2021,E02005964,2021 super output areas - middle layer,152,Cornish only identity,3
17052,2021,E02005964,2021 super output areas - middle layer,152,Cornish and British only identity,0
17053,2021,E02005964,2021 super output areas - middle layer,152,Any other combination of only UK identities ,23
17054,2021,E02005964,2021 super output areas - middle layer,152,Irish only identity,37
17055,2021,E02005964,2021 super output areas - middle layer,152,Irish and at least one UK identity,9
17056,2021,E02005964,2021 super output areas - middle layer,152,Other identity only,297
17057,2021,E02005964,2021 super output areas - middle layer,152,Other identity and at least one UK identity,102
17058,2021,E02005964,2021 super output areas - middle layer,152,Non-UK identity only,334
17059,2021,E02005964,2021 super output areas - middle layer,152,UK identity and non-UK identity,111
17060,2021,E02005965,2021 super output areas - middle layer,152,Total: All usual residents,5521
17061,2021,E02005965,2021 super output areas - middle layer,152,British only identity,3304
17062,2021,E02005965,2021 super output areas - middle layer,152,English only identity,902
17063,2021,E02005965,2021 super output areas - middle layer,152,English and British only identity,812
17064,2021,E02005965,2021 super output areas - middle layer,152,Welsh only identity,30
17065,2021,E02005965,2021 super output areas - middle layer,152,Welsh and British only identity,19
17066,2021,E02005965,2021 super output areas - middle layer,152,Any other combination of only UK identities,80
17067,2021,E02005965,2021 super output areas - middle layer,152,Scottish only identity,24
17068,2021,E02005965,2021 super output areas - middle layer,152,Scottish and British only identity,21
17069,2021,E02005965,2021 super output areas - middle layer,152,Northern Irish only identity,15
17070,2021,E02005965,2021 super output areas - middle layer,152,Northern Irish and British only identity,6
17071,2021,E02005965,2021 super output areas - middle layer,152,Cornish only identity,0
17072,2021,E02005965,2021 super output areas - middle layer,152,Cornish and British only identity,0
17073,2021,E02005965,2021 super output areas - middle layer,152,Any other combination of only UK identities ,14
17074,2021,E02005965,2021 super output areas - middle layer,152,Irish only identity,37
17075,2021,E02005965,2021 super output areas - middle layer,152,Irish and at least one UK identity,10
17076,2021,E02005965,2021 super output areas - middle layer,152,Other identity only,242
17077,2021,E02005965,2021 super output areas - middle layer,152,Other identity and at least one UK identity,85
17078,2021,E02005965,2021 super output areas - middle layer,152,Non-UK identity only,279
17079,2021,E02005965,2021 super output areas - middle layer,152,UK identity and non-UK identity,95
17080,2021,E02005966,2021 super output areas - middle layer,152,Total: All usual residents,8116
17081,2021,E02005966,2021 super output areas - middle layer,152,British only identity,4494
17082,2021,E02005966,2021 super output areas - middle layer,152,English only identity,1025
17083,2021,E02005966,2021 super output areas - middle layer,152,English and British only identity,1289
17084,2021,E02005966,2021 super output areas - middle layer,152,Welsh only identity,36
17085,2021,E02005966,2021 super output areas - middle layer,152,Welsh and British only identity,22
17086,2021,E02005966,2021 super output areas - middle layer,152,Any other combination of only UK identities,127
17087,2021,E02005966,2021 super output areas - middle layer,152,Scottish only identity,54
17088,2021,E02005966,2021 super output areas - middle layer,152,Scottish and British only identity,37
17089,2021,E02005966,2021 super output areas - middle layer,152,Northern Irish only identity,4
17090,2021,E02005966,2021 super output areas - middle layer,152,Northern Irish and British only identity,2
17091,2021,E02005966,2021 super output areas - middle layer,152,Cornish only identity,2
17092,2021,E02005966,2021 super output areas - middle layer,152,Cornish and British only identity,0
17093,2021,E02005966,2021 super output areas - middle layer,152,Any other combination of only UK identities ,28
17094,2021,E02005966,2021 super output areas - middle layer,152,Irish only identity,22
17095,2021,E02005966,2021 super output areas - middle layer,152,Irish and at least one UK identity,6
17096,2021,E02005966,2021 super output areas - middle layer,152,Other identity only,839
17097,2021,E02005966,2021 super output areas - middle layer,152,Other identity and at least one UK identity,256
17098,2021,E02005966,2021 super output areas - middle layer,152,Non-UK identity only,861
17099,2021,E02005966,2021 super output areas - middle layer,152,UK identity and non-UK identity,262
17100,2021,E02005967,2021 super output areas - middle layer,152,Total: All usual residents,9538
17101,2021,E02005967,2021 super output areas - middle layer,152,British only identity,5153
17102,2021,E02005967,2021 super output areas - middle layer,152,English only identity,1263
17103,2021,E02005967,2021 super output areas - middle layer,152,English and British only identity,1511
17104,2021,E02005967,2021 super output areas - middle layer,152,Welsh only identity,67
17105,2021,E02005967,2021 super output areas - middle layer,152,Welsh and British only identity,26
17106,2021,E02005967,2021 super output areas - middle layer,152,Any other combination of only UK identities,113
17107,2021,E02005967,2021 super output areas - middle layer,152,Scottish only identity,52
17108,2021,E02005967,2021 super output areas - middle layer,152,Scottish and British only identity,15
17109,2021,E02005967,2021 super output areas - middle layer,152,Northern Irish only identity,14
17110,2021,E02005967,2021 super output areas - middle layer,152,Northern Irish and British only identity,10
17111,2021,E02005967,2021 super output areas - middle layer,152,Cornish only identity,3
17112,2021,E02005967,2021 super output areas - middle layer,152,Cornish and British only identity,0
17113,2021,E02005967,2021 super output areas - middle layer,152,Any other combination of only UK identities ,19
17114,2021,E02005967,2021 super output areas - middle layer,152,Irish only identity,41
17115,2021,E02005967,2021 super output areas - middle layer,152,Irish and at least one UK identity,5
17116,2021,E02005967,2021 super output areas - middle layer,152,Other identity only,1037
17117,2021,E02005967,2021 super output areas - middle layer,152,Other identity and at least one UK identity,322
17118,2021,E02005967,2021 super output areas - middle layer,152,Non-UK identity only,1078
17119,2021,E02005967,2021 super output areas - middle layer,152,UK identity and non-UK identity,327
17120,2021,E02005968,2021 super output areas - middle layer,152,Total: All usual residents,8011
17121,2021,E02005968,2021 super output areas - middle layer,152,British only identity,4506
17122,2021,E02005968,2021 super output areas - middle layer,152,English only identity,1158
17123,2021,E02005968,2021 super output areas - middle layer,152,English and British only identity,1149
17124,2021,E02005968,2021 super output areas - middle layer,152,Welsh only identity,112
17125,2021,E02005968,2021 super output areas - middle layer,152,Welsh and British only identity,45
17126,2021,E02005968,2021 super output areas - middle layer,152,Any other combination of only UK identities,160
17127,2021,E02005968,2021 super output areas - middle layer,152,Scottish only identity,60
17128,2021,E02005968,2021 super output areas - middle layer,152,Scottish and British only identity,44
17129,2021,E02005968,2021 super output areas - middle layer,152,Northern Irish only identity,15
17130,2021,E02005968,2021 super output areas - middle layer,152,Northern Irish and British only identity,15
17131,2021,E02005968,2021 super output areas - middle layer,152,Cornish only identity,2
17132,2021,E02005968,2021 super output areas - middle layer,152,Cornish and British only identity,0
17133,2021,E02005968,2021 super output areas - middle layer,152,Any other combination of only UK identities ,24
17134,2021,E02005968,2021 super output areas - middle layer,152,Irish only identity,34
17135,2021,E02005968,2021 super output areas - middle layer,152,Irish and at least one UK identity,14
17136,2021,E02005968,2021 super output areas - middle layer,152,Other identity only,671
17137,2021,E02005968,2021 super output areas - middle layer,152,Other identity and at least one UK identity,162
17138,2021,E02005968,2021 super output areas - middle layer,152,Non-UK identity only,705
17139,2021,E02005968,2021 super output areas - middle layer,152,UK identity and non-UK identity,176
17140,2021,E02005969,2021 super output areas - middle layer,152,Total: All usual residents,9697
17141,2021,E02005969,2021 super output areas - middle layer,152,British only identity,5807
17142,2021,E02005969,2021 super output areas - middle layer,152,English only identity,1387
17143,2021,E02005969,2021 super output areas - middle layer,152,English and British only identity,1468
17144,2021,E02005969,2021 super output areas - middle layer,152,Welsh only identity,78
17145,2021,E02005969,2021 super output areas - middle layer,152,Welsh and British only identity,27
17146,2021,E02005969,2021 super output areas - middle layer,152,Any other combination of only UK identities,127
17147,2021,E02005969,2021 super output areas - middle layer,152,Scottish only identity,53
17148,2021,E02005969,2021 super output areas - middle layer,152,Scottish and British only identity,26
17149,2021,E02005969,2021 super output areas - middle layer,152,Northern Irish only identity,14
17150,2021,E02005969,2021 super output areas - middle layer,152,Northern Irish and British only identity,5
17151,2021,E02005969,2021 super output areas - middle layer,152,Cornish only identity,3
17152,2021,E02005969,2021 super output areas - middle layer,152,Cornish and British only identity,0
17153,2021,E02005969,2021 super output areas - middle layer,152,Any other combination of only UK identities ,26
17154,2021,E02005969,2021 super output areas - middle layer,152,Irish only identity,32
17155,2021,E02005969,2021 super output areas - middle layer,152,Irish and at least one UK identity,9
17156,2021,E02005969,2021 super output areas - middle layer,152,Other identity only,528
17157,2021,E02005969,2021 super output areas - middle layer,152,Other identity and at least one UK identity,234
17158,2021,E02005969,2021 super output areas - middle layer,152,Non-UK identity only,560
17159,2021,E02005969,2021 super output areas - middle layer,152,UK identity and non-UK identity,243
17160,2021,E02005970,2021 super output areas - middle layer,152,Total: All usual residents,5513
17161,2021,E02005970,2021 super output areas - middle layer,152,British only identity,2715
17162,2021,E02005970,2021 super output areas - middle layer,152,English only identity,802
17163,2021,E02005970,2021 super output areas - middle layer,152,English and British only identity,932
17164,2021,E02005970,2021 super output areas - middle layer,152,Welsh only identity,38
17165,2021,E02005970,2021 super output areas - middle layer,152,Welsh and British only identity,17
17166,2021,E02005970,2021 super output areas - middle layer,152,Any other combination of only UK identities,77
17167,2021,E02005970,2021 super output areas - middle layer,152,Scottish only identity,27
17168,2021,E02005970,2021 super output areas - middle layer,152,Scottish and British only identity,15
17169,2021,E02005970,2021 super output areas - middle layer,152,Northern Irish only identity,3
17170,2021,E02005970,2021 super output areas - middle layer,152,Northern Irish and British only identity,0
17171,2021,E02005970,2021 super output areas - middle layer,152,Cornish only identity,1
17172,2021,E02005970,2021 super output areas - middle layer,152,Cornish and British only identity,3
17173,2021,E02005970,2021 super output areas - middle layer,152,Any other combination of only UK identities ,28
17174,2021,E02005970,2021 super output areas - middle layer,152,Irish only identity,12
17175,2021,E02005970,2021 super output areas - middle layer,152,Irish and at least one UK identity,6
17176,2021,E02005970,2021 super output areas - middle layer,152,Other identity only,748
17177,2021,E02005970,2021 super output areas - middle layer,152,Other identity and at least one UK identity,166
17178,2021,E02005970,2021 super output areas - middle layer,152,Non-UK identity only,760
17179,2021,E02005970,2021 super output areas - middle layer,152,UK identity and non-UK identity,172
17180,2021,E02005971,2021 super output areas - middle layer,152,Total: All usual residents,6356
17181,2021,E02005971,2021 super output areas - middle layer,152,British only identity,3440
17182,2021,E02005971,2021 super output areas - middle layer,152,English only identity,1084
17183,2021,E02005971,2021 super output areas - middle layer,152,English and British only identity,1088
17184,2021,E02005971,2021 super output areas - middle layer,152,Welsh only identity,35
17185,2021,E02005971,2021 super output areas - middle layer,152,Welsh and British only identity,10
17186,2021,E02005971,2021 super output areas - middle layer,152,Any other combination of only UK identities,79
17187,2021,E02005971,2021 super output areas - middle layer,152,Scottish only identity,31
17188,2021,E02005971,2021 super output areas - middle layer,152,Scottish and British only identity,20
17189,2021,E02005971,2021 super output areas - middle layer,152,Northern Irish only identity,6
17190,2021,E02005971,2021 super output areas - middle layer,152,Northern Irish and British only identity,8
17191,2021,E02005971,2021 super output areas - middle layer,152,Cornish only identity,1
17192,2021,E02005971,2021 super output areas - middle layer,152,Cornish and British only identity,1
17193,2021,E02005971,2021 super output areas - middle layer,152,Any other combination of only UK identities ,12
17194,2021,E02005971,2021 super output areas - middle layer,152,Irish only identity,32
17195,2021,E02005971,2021 super output areas - middle layer,152,Irish and at least one UK identity,8
17196,2021,E02005971,2021 super output areas - middle layer,152,Other identity only,450
17197,2021,E02005971,2021 super output areas - middle layer,152,Other identity and at least one UK identity,130
17198,2021,E02005971,2021 super output areas - middle layer,152,Non-UK identity only,482
17199,2021,E02005971,2021 super output areas - middle layer,152,UK identity and non-UK identity,138
17200,2021,E02005972,2021 super output areas - middle layer,152,Total: All usual residents,12012
17201,2021,E02005972,2021 super output areas - middle layer,152,British only identity,7024
17202,2021,E02005972,2021 super output areas - middle layer,152,English only identity,1620
17203,2021,E02005972,2021 super output areas - middle layer,152,English and British only identity,2037
17204,2021,E02005972,2021 super output areas - middle layer,152,Welsh only identity,74
17205,2021,E02005972,2021 super output areas - middle layer,152,Welsh and British only identity,34
17206,2021,E02005972,2021 super output areas - middle layer,152,Any other combination of only UK identities,135
17207,2021,E02005972,2021 super output areas - middle layer,152,Scottish only identity,51
17208,2021,E02005972,2021 super output areas - middle layer,152,Scottish and British only identity,35
17209,2021,E02005972,2021 super output areas - middle layer,152,Northern Irish only identity,15
17210,2021,E02005972,2021 super output areas - middle layer,152,Northern Irish and British only identity,5
17211,2021,E02005972,2021 super output areas - middle layer,152,Cornish only identity,4
17212,2021,E02005972,2021 super output areas - middle layer,152,Cornish and British only identity,0
17213,2021,E02005972,2021 super output areas - middle layer,152,Any other combination of only UK identities ,25
17214,2021,E02005972,2021 super output areas - middle layer,152,Irish only identity,64
17215,2021,E02005972,2021 super output areas - middle layer,152,Irish and at least one UK identity,10
17216,2021,E02005972,2021 super output areas - middle layer,152,Other identity only,693
17217,2021,E02005972,2021 super output areas - middle layer,152,Other identity and at least one UK identity,321
17218,2021,E02005972,2021 super output areas - middle layer,152,Non-UK identity only,757
17219,2021,E02005972,2021 super output areas - middle layer,152,UK identity and non-UK identity,331
17220,2021,E02005973,2021 super output areas - middle layer,152,Total: All usual residents,5911
17221,2021,E02005973,2021 super output areas - middle layer,152,British only identity,3408
17222,2021,E02005973,2021 super output areas - middle layer,152,English only identity,867
17223,2021,E02005973,2021 super output areas - middle layer,152,English and British only identity,757
17224,2021,E02005973,2021 super output areas - middle layer,152,Welsh only identity,35
17225,2021,E02005973,2021 super output areas - middle layer,152,Welsh and British only identity,19
17226,2021,E02005973,2021 super output areas - middle layer,152,Any other combination of only UK identities,69
17227,2021,E02005973,2021 super output areas - middle layer,152,Scottish only identity,24
17228,2021,E02005973,2021 super output areas - middle layer,152,Scottish and British only identity,14
17229,2021,E02005973,2021 super output areas - middle layer,152,Northern Irish only identity,8
17230,2021,E02005973,2021 super output areas - middle layer,152,Northern Irish and British only identity,3
17231,2021,E02005973,2021 super output areas - middle layer,152,Cornish only identity,0
17232,2021,E02005973,2021 super output areas - middle layer,152,Cornish and British only identity,1
17233,2021,E02005973,2021 super output areas - middle layer,152,Any other combination of only UK identities ,19
17234,2021,E02005973,2021 super output areas - middle layer,152,Irish only identity,33
17235,2021,E02005973,2021 super output areas - middle layer,152,Irish and at least one UK identity,7
17236,2021,E02005973,2021 super output areas - middle layer,152,Other identity only,526
17237,2021,E02005973,2021 super output areas - middle layer,152,Other identity and at least one UK identity,190
17238,2021,E02005973,2021 super output areas - middle layer,152,Non-UK identity only,559
17239,2021,E02005973,2021 super output areas - middle layer,152,UK identity and non-UK identity,197
17240,2021,E02005974,2021 super output areas - middle layer,152,Total: All usual residents,6272
17241,2021,E02005974,2021 super output areas - middle layer,152,British only identity,3599
17242,2021,E02005974,2021 super output areas - middle layer,152,English only identity,876
17243,2021,E02005974,2021 super output areas - middle layer,152,English and British only identity,827
17244,2021,E02005974,2021 super output areas - middle layer,152,Welsh only identity,27
17245,2021,E02005974,2021 super output areas - middle layer,152,Welsh and British only identity,26
17246,2021,E02005974,2021 super output areas - middle layer,152,Any other combination of only UK identities,126
17247,2021,E02005974,2021 super output areas - middle layer,152,Scottish only identity,48
17248,2021,E02005974,2021 super output areas - middle layer,152,Scottish and British only identity,40
17249,2021,E02005974,2021 super output areas - middle layer,152,Northern Irish only identity,11
17250,2021,E02005974,2021 super output areas - middle layer,152,Northern Irish and British only identity,8
17251,2021,E02005974,2021 super output areas - middle layer,152,Cornish only identity,0
17252,2021,E02005974,2021 super output areas - middle layer,152,Cornish and British only identity,1
17253,2021,E02005974,2021 super output areas - middle layer,152,Any other combination of only UK identities ,18
17254,2021,E02005974,2021 super output areas - middle layer,152,Irish only identity,55
17255,2021,E02005974,2021 super output areas - middle layer,152,Irish and at least one UK identity,12
17256,2021,E02005974,2021 super output areas - middle layer,152,Other identity only,561
17257,2021,E02005974,2021 super output areas - middle layer,152,Other identity and at least one UK identity,163
17258,2021,E02005974,2021 super output areas - middle layer,152,Non-UK identity only,616
17259,2021,E02005974,2021 super output areas - middle layer,152,UK identity and non-UK identity,175
17260,2021,E02005975,2021 super output areas - middle layer,152,Total: All usual residents,8230
17261,2021,E02005975,2021 super output areas - middle layer,152,British only identity,4966
17262,2021,E02005975,2021 super output areas - middle layer,152,English only identity,1299
17263,2021,E02005975,2021 super output areas - middle layer,152,English and British only identity,1162
17264,2021,E02005975,2021 super output areas - middle layer,152,Welsh only identity,37
17265,2021,E02005975,2021 super output areas - middle layer,152,Welsh and British only identity,31
17266,2021,E02005975,2021 super output areas - middle layer,152,Any other combination of only UK identities,125
17267,2021,E02005975,2021 super output areas - middle layer,152,Scottish only identity,42
17268,2021,E02005975,2021 super output areas - middle layer,152,Scottish and British only identity,30
17269,2021,E02005975,2021 super output areas - middle layer,152,Northern Irish only identity,8
17270,2021,E02005975,2021 super output areas - middle layer,152,Northern Irish and British only identity,11
17271,2021,E02005975,2021 super output areas - middle layer,152,Cornish only identity,1
17272,2021,E02005975,2021 super output areas - middle layer,152,Cornish and British only identity,0
17273,2021,E02005975,2021 super output areas - middle layer,152,Any other combination of only UK identities ,33
17274,2021,E02005975,2021 super output areas - middle layer,152,Irish only identity,28
17275,2021,E02005975,2021 super output areas - middle layer,152,Irish and at least one UK identity,19
17276,2021,E02005975,2021 super output areas - middle layer,152,Other identity only,388
17277,2021,E02005975,2021 super output areas - middle layer,152,Other identity and at least one UK identity,175
17278,2021,E02005975,2021 super output areas - middle layer,152,Non-UK identity only,416
17279,2021,E02005975,2021 super output areas - middle layer,152,UK identity and non-UK identity,194
17280,2021,E02005976,2021 super output areas - middle layer,152,Total: All usual residents,6337
17281,2021,E02005976,2021 super output areas - middle layer,152,British only identity,3931
17282,2021,E02005976,2021 super output areas - middle layer,152,English only identity,795
17283,2021,E02005976,2021 super output areas - middle layer,152,English and British only identity,970
17284,2021,E02005976,2021 super output areas - middle layer,152,Welsh only identity,42
17285,2021,E02005976,2021 super output areas - middle layer,152,Welsh and British only identity,19
17286,2021,E02005976,2021 super output areas - middle layer,152,Any other combination of only UK identities,96
17287,2021,E02005976,2021 super output areas - middle layer,152,Scottish only identity,43
17288,2021,E02005976,2021 super output areas - middle layer,152,Scottish and British only identity,20
17289,2021,E02005976,2021 super output areas - middle layer,152,Northern Irish only identity,3
17290,2021,E02005976,2021 super output areas - middle layer,152,Northern Irish and British only identity,6
17291,2021,E02005976,2021 super output areas - middle layer,152,Cornish only identity,1
17292,2021,E02005976,2021 super output areas - middle layer,152,Cornish and British only identity,2
17293,2021,E02005976,2021 super output areas - middle layer,152,Any other combination of only UK identities ,21
17294,2021,E02005976,2021 super output areas - middle layer,152,Irish only identity,36
17295,2021,E02005976,2021 super output areas - middle layer,152,Irish and at least one UK identity,14
17296,2021,E02005976,2021 super output areas - middle layer,152,Other identity only,312
17297,2021,E02005976,2021 super output areas - middle layer,152,Other identity and at least one UK identity,122
17298,2021,E02005976,2021 super output areas - middle layer,152,Non-UK identity only,348
17299,2021,E02005976,2021 super output areas - middle layer,152,UK identity and non-UK identity,136
17300,2021,E02005977,2021 super output areas - middle layer,152,Total: All usual residents,6162
17301,2021,E02005977,2021 super output areas - middle layer,152,British only identity,3650
17302,2021,E02005977,2021 super output areas - middle layer,152,English only identity,981
17303,2021,E02005977,2021 super output areas - middle layer,152,English and British only identity,979
17304,2021,E02005977,2021 super output areas - middle layer,152,Welsh only identity,40
17305,2021,E02005977,2021 super output areas - middle layer,152,Welsh and British only identity,22
17306,2021,E02005977,2021 super output areas - middle layer,152,Any other combination of only UK identities,78
17307,2021,E02005977,2021 super output areas - middle layer,152,Scottish only identity,22
17308,2021,E02005977,2021 super output areas - middle layer,152,Scottish and British only identity,20
17309,2021,E02005977,2021 super output areas - middle layer,152,Northern Irish only identity,10
17310,2021,E02005977,2021 super output areas - middle layer,152,Northern Irish and British only identity,3
17311,2021,E02005977,2021 super output areas - middle layer,152,Cornish only identity,0
17312,2021,E02005977,2021 super output areas - middle layer,152,Cornish and British only identity,0
17313,2021,E02005977,2021 super output areas - middle layer,152,Any other combination of only UK identities ,23
17314,2021,E02005977,2021 super output areas - middle layer,152,Irish only identity,33
17315,2021,E02005977,2021 super output areas - middle layer,152,Irish and at least one UK identity,3
17316,2021,E02005977,2021 super output areas - middle layer,152,Other identity only,259
17317,2021,E02005977,2021 super output areas - middle layer,152,Other identity and at least one UK identity,117
17318,2021,E02005977,2021 super output areas - middle layer,152,Non-UK identity only,292
17319,2021,E02005977,2021 super output areas - middle layer,152,UK identity and non-UK identity,120
17320,2021,E02005978,2021 super output areas - middle layer,152,Total: All usual residents,7599
17321,2021,E02005978,2021 super output areas - middle layer,152,British only identity,4297
17322,2021,E02005978,2021 super output areas - middle layer,152,English only identity,925
17323,2021,E02005978,2021 super output areas - middle layer,152,English and British only identity,1013
17324,2021,E02005978,2021 super output areas - middle layer,152,Welsh only identity,42
17325,2021,E02005978,2021 super output areas - middle layer,152,Welsh and British only identity,33
17326,2021,E02005978,2021 super output areas - middle layer,152,Any other combination of only UK identities,128
17327,2021,E02005978,2021 super output areas - middle layer,152,Scottish only identity,50
17328,2021,E02005978,2021 super output areas - middle layer,152,Scottish and British only identity,23
17329,2021,E02005978,2021 super output areas - middle layer,152,Northern Irish only identity,12
17330,2021,E02005978,2021 super output areas - middle layer,152,Northern Irish and British only identity,12
17331,2021,E02005978,2021 super output areas - middle layer,152,Cornish only identity,2
17332,2021,E02005978,2021 super output areas - middle layer,152,Cornish and British only identity,2
17333,2021,E02005978,2021 super output areas - middle layer,152,Any other combination of only UK identities ,27
17334,2021,E02005978,2021 super output areas - middle layer,152,Irish only identity,47
17335,2021,E02005978,2021 super output areas - middle layer,152,Irish and at least one UK identity,17
17336,2021,E02005978,2021 super output areas - middle layer,152,Other identity only,823
17337,2021,E02005978,2021 super output areas - middle layer,152,Other identity and at least one UK identity,274
17338,2021,E02005978,2021 super output areas - middle layer,152,Non-UK identity only,870
17339,2021,E02005978,2021 super output areas - middle layer,152,UK identity and non-UK identity,291
17340,2021,E02005979,2021 super output areas - middle layer,152,Total: All usual residents,10269
17341,2021,E02005979,2021 super output areas - middle layer,152,British only identity,5186
17342,2021,E02005979,2021 super output areas - middle layer,152,English only identity,1366
17343,2021,E02005979,2021 super output areas - middle layer,152,English and British only identity,1478
17344,2021,E02005979,2021 super output areas - middle layer,152,Welsh only identity,51
17345,2021,E02005979,2021 super output areas - middle layer,152,Welsh and British only identity,21
17346,2021,E02005979,2021 super output areas - middle layer,152,Any other combination of only UK identities,159
17347,2021,E02005979,2021 super output areas - middle layer,152,Scottish only identity,73
17348,2021,E02005979,2021 super output areas - middle layer,152,Scottish and British only identity,35
17349,2021,E02005979,2021 super output areas - middle layer,152,Northern Irish only identity,11
17350,2021,E02005979,2021 super output areas - middle layer,152,Northern Irish and British only identity,1
17351,2021,E02005979,2021 super output areas - middle layer,152,Cornish only identity,6
17352,2021,E02005979,2021 super output areas - middle layer,152,Cornish and British only identity,0
17353,2021,E02005979,2021 super output areas - middle layer,152,Any other combination of only UK identities ,33
17354,2021,E02005979,2021 super output areas - middle layer,152,Irish only identity,69
17355,2021,E02005979,2021 super output areas - middle layer,152,Irish and at least one UK identity,27
17356,2021,E02005979,2021 super output areas - middle layer,152,Other identity only,1442
17357,2021,E02005979,2021 super output areas - middle layer,152,Other identity and at least one UK identity,470
17358,2021,E02005979,2021 super output areas - middle layer,152,Non-UK identity only,1511
17359,2021,E02005979,2021 super output areas - middle layer,152,UK identity and non-UK identity,497
17360,2021,E02005980,2021 super output areas - middle layer,152,Total: All usual residents,11764
17361,2021,E02005980,2021 super output areas - middle layer,152,British only identity,6472
17362,2021,E02005980,2021 super output areas - middle layer,152,English only identity,1757
17363,2021,E02005980,2021 super output areas - middle layer,152,English and British only identity,1710
17364,2021,E02005980,2021 super output areas - middle layer,152,Welsh only identity,81
17365,2021,E02005980,2021 super output areas - middle layer,152,Welsh and British only identity,52
17366,2021,E02005980,2021 super output areas - middle layer,152,Any other combination of only UK identities,228
17367,2021,E02005980,2021 super output areas - middle layer,152,Scottish only identity,72
17368,2021,E02005980,2021 super output areas - middle layer,152,Scottish and British only identity,48
17369,2021,E02005980,2021 super output areas - middle layer,152,Northern Irish only identity,14
17370,2021,E02005980,2021 super output areas - middle layer,152,Northern Irish and British only identity,16
17371,2021,E02005980,2021 super output areas - middle layer,152,Cornish only identity,3
17372,2021,E02005980,2021 super output areas - middle layer,152,Cornish and British only identity,1
17373,2021,E02005980,2021 super output areas - middle layer,152,Any other combination of only UK identities ,74
17374,2021,E02005980,2021 super output areas - middle layer,152,Irish only identity,69
17375,2021,E02005980,2021 super output areas - middle layer,152,Irish and at least one UK identity,25
17376,2021,E02005980,2021 super output areas - middle layer,152,Other identity only,1072
17377,2021,E02005980,2021 super output areas - middle layer,152,Other identity and at least one UK identity,298
17378,2021,E02005980,2021 super output areas - middle layer,152,Non-UK identity only,1141
17379,2021,E02005980,2021 super output areas - middle layer,152,UK identity and non-UK identity,323
17380,2021,E02005981,2021 super output areas - middle layer,152,Total: All usual residents,8552
17381,2021,E02005981,2021 super output areas - middle layer,152,British only identity,4544
17382,2021,E02005981,2021 super output areas - middle layer,152,English only identity,1399
17383,2021,E02005981,2021 super output areas - middle layer,152,English and British only identity,1421
17384,2021,E02005981,2021 super output areas - middle layer,152,Welsh only identity,52
17385,2021,E02005981,2021 super output areas - middle layer,152,Welsh and British only identity,25
17386,2021,E02005981,2021 super output areas - middle layer,152,Any other combination of only UK identities,122
17387,2021,E02005981,2021 super output areas - middle layer,152,Scottish only identity,51
17388,2021,E02005981,2021 super output areas - middle layer,152,Scottish and British only identity,24
17389,2021,E02005981,2021 super output areas - middle layer,152,Northern Irish only identity,14
17390,2021,E02005981,2021 super output areas - middle layer,152,Northern Irish and British only identity,4
17391,2021,E02005981,2021 super output areas - middle layer,152,Cornish only identity,2
17392,2021,E02005981,2021 super output areas - middle layer,152,Cornish and British only identity,0
17393,2021,E02005981,2021 super output areas - middle layer,152,Any other combination of only UK identities ,27
17394,2021,E02005981,2021 super output areas - middle layer,152,Irish only identity,47
17395,2021,E02005981,2021 super output areas - middle layer,152,Irish and at least one UK identity,8
17396,2021,E02005981,2021 super output areas - middle layer,152,Other identity only,673
17397,2021,E02005981,2021 super output areas - middle layer,152,Other identity and at least one UK identity,261
17398,2021,E02005981,2021 super output areas - middle layer,152,Non-UK identity only,720
17399,2021,E02005981,2021 super output areas - middle layer,152,UK identity and non-UK identity,269
17400,2021,E02005982,2021 super output areas - middle layer,152,Total: All usual residents,5740
17401,2021,E02005982,2021 super output areas - middle layer,152,British only identity,3116
17402,2021,E02005982,2021 super output areas - middle layer,152,English only identity,892
17403,2021,E02005982,2021 super output areas - middle layer,152,English and British only identity,861
17404,2021,E02005982,2021 super output areas - middle layer,152,Welsh only identity,38
17405,2021,E02005982,2021 super output areas - middle layer,152,Welsh and British only identity,12
17406,2021,E02005982,2021 super output areas - middle layer,152,Any other combination of only UK identities,91
17407,2021,E02005982,2021 super output areas - middle layer,152,Scottish only identity,32
17408,2021,E02005982,2021 super output areas - middle layer,152,Scottish and British only identity,24
17409,2021,E02005982,2021 super output areas - middle layer,152,Northern Irish only identity,11
17410,2021,E02005982,2021 super output areas - middle layer,152,Northern Irish and British only identity,1
17411,2021,E02005982,2021 super output areas - middle layer,152,Cornish only identity,1
17412,2021,E02005982,2021 super output areas - middle layer,152,Cornish and British only identity,0
17413,2021,E02005982,2021 super output areas - middle layer,152,Any other combination of only UK identities ,22
17414,2021,E02005982,2021 super output areas - middle layer,152,Irish only identity,34
17415,2021,E02005982,2021 super output areas - middle layer,152,Irish and at least one UK identity,11
17416,2021,E02005982,2021 super output areas - middle layer,152,Other identity only,527
17417,2021,E02005982,2021 super output areas - middle layer,152,Other identity and at least one UK identity,158
17418,2021,E02005982,2021 super output areas - middle layer,152,Non-UK identity only,561
17419,2021,E02005982,2021 super output areas - middle layer,152,UK identity and non-UK identity,169
17420,2021,E02005983,2021 super output areas - middle layer,152,Total: All usual residents,10975
17421,2021,E02005983,2021 super output areas - middle layer,152,British only identity,5732
17422,2021,E02005983,2021 super output areas - middle layer,152,English only identity,1556
17423,2021,E02005983,2021 super output areas - middle layer,152,English and British only identity,1506
17424,2021,E02005983,2021 super output areas - middle layer,152,Welsh only identity,77
17425,2021,E02005983,2021 super output areas - middle layer,152,Welsh and British only identity,35
17426,2021,E02005983,2021 super output areas - middle layer,152,Any other combination of only UK identities,203
17427,2021,E02005983,2021 super output areas - middle layer,152,Scottish only identity,79
17428,2021,E02005983,2021 super output areas - middle layer,152,Scottish and British only identity,49
17429,2021,E02005983,2021 super output areas - middle layer,152,Northern Irish only identity,13
17430,2021,E02005983,2021 super output areas - middle layer,152,Northern Irish and British only identity,5
17431,2021,E02005983,2021 super output areas - middle layer,152,Cornish only identity,3
17432,2021,E02005983,2021 super output areas - middle layer,152,Cornish and British only identity,0
17433,2021,E02005983,2021 super output areas - middle layer,152,Any other combination of only UK identities ,54
17434,2021,E02005983,2021 super output areas - middle layer,152,Irish only identity,56
17435,2021,E02005983,2021 super output areas - middle layer,152,Irish and at least one UK identity,16
17436,2021,E02005983,2021 super output areas - middle layer,152,Other identity only,1370
17437,2021,E02005983,2021 super output areas - middle layer,152,Other identity and at least one UK identity,424
17438,2021,E02005983,2021 super output areas - middle layer,152,Non-UK identity only,1426
17439,2021,E02005983,2021 super output areas - middle layer,152,UK identity and non-UK identity,440
17440,2021,E02005984,2021 super output areas - middle layer,152,Total: All usual residents,9151
17441,2021,E02005984,2021 super output areas - middle layer,152,British only identity,5310
17442,2021,E02005984,2021 super output areas - middle layer,152,English only identity,1471
17443,2021,E02005984,2021 super output areas - middle layer,152,English and British only identity,1501
17444,2021,E02005984,2021 super output areas - middle layer,152,Welsh only identity,63
17445,2021,E02005984,2021 super output areas - middle layer,152,Welsh and British only identity,43
17446,2021,E02005984,2021 super output areas - middle layer,152,Any other combination of only UK identities,145
17447,2021,E02005984,2021 super output areas - middle layer,152,Scottish only identity,46
17448,2021,E02005984,2021 super output areas - middle layer,152,Scottish and British only identity,30
17449,2021,E02005984,2021 super output areas - middle layer,152,Northern Irish only identity,11
17450,2021,E02005984,2021 super output areas - middle layer,152,Northern Irish and British only identity,12
17451,2021,E02005984,2021 super output areas - middle layer,152,Cornish only identity,1
17452,2021,E02005984,2021 super output areas - middle layer,152,Cornish and British only identity,0
17453,2021,E02005984,2021 super output areas - middle layer,152,Any other combination of only UK identities ,45
17454,2021,E02005984,2021 super output areas - middle layer,152,Irish only identity,30
17455,2021,E02005984,2021 super output areas - middle layer,152,Irish and at least one UK identity,14
17456,2021,E02005984,2021 super output areas - middle layer,152,Other identity only,417
17457,2021,E02005984,2021 super output areas - middle layer,152,Other identity and at least one UK identity,157
17458,2021,E02005984,2021 super output areas - middle layer,152,Non-UK identity only,447
17459,2021,E02005984,2021 super output areas - middle layer,152,UK identity and non-UK identity,171
17460,2021,E02005985,2021 super output areas - middle layer,152,Total: All usual residents,7904
17461,2021,E02005985,2021 super output areas - middle layer,152,British only identity,4246
17462,2021,E02005985,2021 super output areas - middle layer,152,English only identity,1404
17463,2021,E02005985,2021 super output areas - middle layer,152,English and British only identity,1198
17464,2021,E02005985,2021 super output areas - middle layer,152,Welsh only identity,43
17465,2021,E02005985,2021 super output areas - middle layer,152,Welsh and British only identity,25
17466,2021,E02005985,2021 super output areas - middle layer,152,Any other combination of only UK identities,91
17467,2021,E02005985,2021 super output areas - middle layer,152,Scottish only identity,34
17468,2021,E02005985,2021 super output areas - middle layer,152,Scottish and British only identity,29
17469,2021,E02005985,2021 super output areas - middle layer,152,Northern Irish only identity,8
17470,2021,E02005985,2021 super output areas - middle layer,152,Northern Irish and British only identity,5
17471,2021,E02005985,2021 super output areas - middle layer,152,Cornish only identity,1
17472,2021,E02005985,2021 super output areas - middle layer,152,Cornish and British only identity,0
17473,2021,E02005985,2021 super output areas - middle layer,152,Any other combination of only UK identities ,14
17474,2021,E02005985,2021 super output areas - middle layer,152,Irish only identity,33
17475,2021,E02005985,2021 super output areas - middle layer,152,Irish and at least one UK identity,6
17476,2021,E02005985,2021 super output areas - middle layer,152,Other identity only,662
17477,2021,E02005985,2021 super output areas - middle layer,152,Other identity and at least one UK identity,196
17478,2021,E02005985,2021 super output areas - middle layer,152,Non-UK identity only,695
17479,2021,E02005985,2021 super output areas - middle layer,152,UK identity and non-UK identity,202
17480,2021,E02005986,2021 super output areas - middle layer,152,Total: All usual residents,9690
17481,2021,E02005986,2021 super output areas - middle layer,152,British only identity,5469
17482,2021,E02005986,2021 super output areas - middle layer,152,English only identity,1706
17483,2021,E02005986,2021 super output areas - middle layer,152,English and British only identity,1588
17484,2021,E02005986,2021 super output areas - middle layer,152,Welsh only identity,67
17485,2021,E02005986,2021 super output areas - middle layer,152,Welsh and British only identity,44
17486,2021,E02005986,2021 super output areas - middle layer,152,Any other combination of only UK identities,140
17487,2021,E02005986,2021 super output areas - middle layer,152,Scottish only identity,58
17488,2021,E02005986,2021 super output areas - middle layer,152,Scottish and British only identity,33
17489,2021,E02005986,2021 super output areas - middle layer,152,Northern Irish only identity,13
17490,2021,E02005986,2021 super output areas - middle layer,152,Northern Irish and British only identity,6
17491,2021,E02005986,2021 super output areas - middle layer,152,Cornish only identity,4
17492,2021,E02005986,2021 super output areas - middle layer,152,Cornish and British only identity,0
17493,2021,E02005986,2021 super output areas - middle layer,152,Any other combination of only UK identities ,26
17494,2021,E02005986,2021 super output areas - middle layer,152,Irish only identity,33
17495,2021,E02005986,2021 super output areas - middle layer,152,Irish and at least one UK identity,8
17496,2021,E02005986,2021 super output areas - middle layer,152,Other identity only,471
17497,2021,E02005986,2021 super output areas - middle layer,152,Other identity and at least one UK identity,164
17498,2021,E02005986,2021 super output areas - middle layer,152,Non-UK identity only,504
17499,2021,E02005986,2021 super output areas - middle layer,152,UK identity and non-UK identity,172
17500,2021,E02005987,2021 super output areas - middle layer,152,Total: All usual residents,10299
17501,2021,E02005987,2021 super output areas - middle layer,152,British only identity,5986
17502,2021,E02005987,2021 super output areas - middle layer,152,English only identity,1529
17503,2021,E02005987,2021 super output areas - middle layer,152,English and British only identity,1686
17504,2021,E02005987,2021 super output areas - middle layer,152,Welsh only identity,54
17505,2021,E02005987,2021 super output areas - middle layer,152,Welsh and British only identity,35
17506,2021,E02005987,2021 super output areas - middle layer,152,Any other combination of only UK identities,146
17507,2021,E02005987,2021 super output areas - middle layer,152,Scottish only identity,56
17508,2021,E02005987,2021 super output areas - middle layer,152,Scottish and British only identity,39
17509,2021,E02005987,2021 super output areas - middle layer,152,Northern Irish only identity,10
17510,2021,E02005987,2021 super output areas - middle layer,152,Northern Irish and British only identity,12
17511,2021,E02005987,2021 super output areas - middle layer,152,Cornish only identity,3
17512,2021,E02005987,2021 super output areas - middle layer,152,Cornish and British only identity,1
17513,2021,E02005987,2021 super output areas - middle layer,152,Any other combination of only UK identities ,25
17514,2021,E02005987,2021 super output areas - middle layer,152,Irish only identity,47
17515,2021,E02005987,2021 super output areas - middle layer,152,Irish and at least one UK identity,31
17516,2021,E02005987,2021 super output areas - middle layer,152,Other identity only,541
17517,2021,E02005987,2021 super output areas - middle layer,152,Other identity and at least one UK identity,244
17518,2021,E02005987,2021 super output areas - middle layer,152,Non-UK identity only,588
17519,2021,E02005987,2021 super output areas - middle layer,152,UK identity and non-UK identity,275
17520,2021,E02005988,2021 super output areas - middle layer,152,Total: All usual residents,9128
17521,2021,E02005988,2021 super output areas - middle layer,152,British only identity,5174
17522,2021,E02005988,2021 super output areas - middle layer,152,English only identity,1624
17523,2021,E02005988,2021 super output areas - middle layer,152,English and British only identity,1492
17524,2021,E02005988,2021 super output areas - middle layer,152,Welsh only identity,59
17525,2021,E02005988,2021 super output areas - middle layer,152,Welsh and British only identity,26
17526,2021,E02005988,2021 super output areas - middle layer,152,Any other combination of only UK identities,129
17527,2021,E02005988,2021 super output areas - middle layer,152,Scottish only identity,46
17528,2021,E02005988,2021 super output areas - middle layer,152,Scottish and British only identity,31
17529,2021,E02005988,2021 super output areas - middle layer,152,Northern Irish only identity,11
17530,2021,E02005988,2021 super output areas - middle layer,152,Northern Irish and British only identity,6
17531,2021,E02005988,2021 super output areas - middle layer,152,Cornish only identity,3
17532,2021,E02005988,2021 super output areas - middle layer,152,Cornish and British only identity,0
17533,2021,E02005988,2021 super output areas - middle layer,152,Any other combination of only UK identities ,32
17534,2021,E02005988,2021 super output areas - middle layer,152,Irish only identity,30
17535,2021,E02005988,2021 super output areas - middle layer,152,Irish and at least one UK identity,11
17536,2021,E02005988,2021 super output areas - middle layer,152,Other identity only,446
17537,2021,E02005988,2021 super output areas - middle layer,152,Other identity and at least one UK identity,137
17538,2021,E02005988,2021 super output areas - middle layer,152,Non-UK identity only,476
17539,2021,E02005988,2021 super output areas - middle layer,152,UK identity and non-UK identity,148
17540,2021,E02005991,2021 super output areas - middle layer,152,Total: All usual residents,10064
17541,2021,E02005991,2021 super output areas - middle layer,152,British only identity,5787
17542,2021,E02005991,2021 super output areas - middle layer,152,English only identity,1669
17543,2021,E02005991,2021 super output areas - middle layer,152,English and British only identity,1577
17544,2021,E02005991,2021 super output areas - middle layer,152,Welsh only identity,54
17545,2021,E02005991,2021 super output areas - middle layer,152,Welsh and British only identity,48
17546,2021,E02005991,2021 super output areas - middle layer,152,Any other combination of only UK identities,171
17547,2021,E02005991,2021 super output areas - middle layer,152,Scottish only identity,74
17548,2021,E02005991,2021 super output areas - middle layer,152,Scottish and British only identity,42
17549,2021,E02005991,2021 super output areas - middle layer,152,Northern Irish only identity,4
17550,2021,E02005991,2021 super output areas - middle layer,152,Northern Irish and British only identity,9
17551,2021,E02005991,2021 super output areas - middle layer,152,Cornish only identity,3
17552,2021,E02005991,2021 super output areas - middle layer,152,Cornish and British only identity,0
17553,2021,E02005991,2021 super output areas - middle layer,152,Any other combination of only UK identities ,39
17554,2021,E02005991,2021 super output areas - middle layer,152,Irish only identity,31
17555,2021,E02005991,2021 super output areas - middle layer,152,Irish and at least one UK identity,13
17556,2021,E02005991,2021 super output areas - middle layer,152,Other identity only,542
17557,2021,E02005991,2021 super output areas - middle layer,152,Other identity and at least one UK identity,172
17558,2021,E02005991,2021 super output areas - middle layer,152,Non-UK identity only,573
17559,2021,E02005991,2021 super output areas - middle layer,152,UK identity and non-UK identity,185
17560,2021,E02005992,2021 super output areas - middle layer,152,Total: All usual residents,13912
17561,2021,E02005992,2021 super output areas - middle layer,152,British only identity,8112
17562,2021,E02005992,2021 super output areas - middle layer,152,English only identity,1903
17563,2021,E02005992,2021 super output areas - middle layer,152,English and British only identity,2216
17564,2021,E02005992,2021 super output areas - middle layer,152,Welsh only identity,90
17565,2021,E02005992,2021 super output areas - middle layer,152,Welsh and British only identity,54
17566,2021,E02005992,2021 super output areas - middle layer,152,Any other combination of only UK identities,208
17567,2021,E02005992,2021 super output areas - middle layer,152,Scottish only identity,68
17568,2021,E02005992,2021 super output areas - middle layer,152,Scottish and British only identity,47
17569,2021,E02005992,2021 super output areas - middle layer,152,Northern Irish only identity,25
17570,2021,E02005992,2021 super output areas - middle layer,152,Northern Irish and British only identity,16
17571,2021,E02005992,2021 super output areas - middle layer,152,Cornish only identity,8
17572,2021,E02005992,2021 super output areas - middle layer,152,Cornish and British only identity,0
17573,2021,E02005992,2021 super output areas - middle layer,152,Any other combination of only UK identities ,44
17574,2021,E02005992,2021 super output areas - middle layer,152,Irish only identity,72
17575,2021,E02005992,2021 super output areas - middle layer,152,Irish and at least one UK identity,19
17576,2021,E02005992,2021 super output areas - middle layer,152,Other identity only,857
17577,2021,E02005992,2021 super output areas - middle layer,152,Other identity and at least one UK identity,381
17578,2021,E02005992,2021 super output areas - middle layer,152,Non-UK identity only,929
17579,2021,E02005992,2021 super output areas - middle layer,152,UK identity and non-UK identity,400
17580,2021,E02006886,2021 super output areas - middle layer,152,Total: All usual residents,13853
17581,2021,E02006886,2021 super output areas - middle layer,152,British only identity,8131
17582,2021,E02006886,2021 super output areas - middle layer,152,English only identity,2194
17583,2021,E02006886,2021 super output areas - middle layer,152,English and British only identity,2193
17584,2021,E02006886,2021 super output areas - middle layer,152,Welsh only identity,109
17585,2021,E02006886,2021 super output areas - middle layer,152,Welsh and British only identity,50
17586,2021,E02006886,2021 super output areas - middle layer,152,Any other combination of only UK identities,230
17587,2021,E02006886,2021 super output areas - middle layer,152,Scottish only identity,89
17588,2021,E02006886,2021 super output areas - middle layer,152,Scottish and British only identity,54
17589,2021,E02006886,2021 super output areas - middle layer,152,Northern Irish only identity,16
17590,2021,E02006886,2021 super output areas - middle layer,152,Northern Irish and British only identity,8
17591,2021,E02006886,2021 super output areas - middle layer,152,Cornish only identity,9
17592,2021,E02006886,2021 super output areas - middle layer,152,Cornish and British only identity,0
17593,2021,E02006886,2021 super output areas - middle layer,152,Any other combination of only UK identities ,54
17594,2021,E02006886,2021 super output areas - middle layer,152,Irish only identity,54
17595,2021,E02006886,2021 super output areas - middle layer,152,Irish and at least one UK identity,15
17596,2021,E02006886,2021 super output areas - middle layer,152,Other identity only,633
17597,2021,E02006886,2021 super output areas - middle layer,152,Other identity and at least one UK identity,244
17598,2021,E02006886,2021 super output areas - middle layer,152,Non-UK identity only,687
17599,2021,E02006886,2021 super output areas - middle layer,152,UK identity and non-UK identity,259
17600,2021,E02005993,2021 super output areas - middle layer,152,Total: All usual residents,7253
17601,2021,E02005993,2021 super output areas - middle layer,152,British only identity,4029
17602,2021,E02005993,2021 super output areas - middle layer,152,English only identity,1317
17603,2021,E02005993,2021 super output areas - middle layer,152,English and British only identity,1125
17604,2021,E02005993,2021 super output areas - middle layer,152,Welsh only identity,37
17605,2021,E02005993,2021 super output areas - middle layer,152,Welsh and British only identity,20
17606,2021,E02005993,2021 super output areas - middle layer,152,Any other combination of only UK identities,85
17607,2021,E02005993,2021 super output areas - middle layer,152,Scottish only identity,39
17608,2021,E02005993,2021 super output areas - middle layer,152,Scottish and British only identity,16
17609,2021,E02005993,2021 super output areas - middle layer,152,Northern Irish only identity,7
17610,2021,E02005993,2021 super output areas - middle layer,152,Northern Irish and British only identity,5
17611,2021,E02005993,2021 super output areas - middle layer,152,Cornish only identity,2
17612,2021,E02005993,2021 super output areas - middle layer,152,Cornish and British only identity,0
17613,2021,E02005993,2021 super output areas - middle layer,152,Any other combination of only UK identities ,16
17614,2021,E02005993,2021 super output areas - middle layer,152,Irish only identity,34
17615,2021,E02005993,2021 super output areas - middle layer,152,Irish and at least one UK identity,5
17616,2021,E02005993,2021 super output areas - middle layer,152,Other identity only,471
17617,2021,E02005993,2021 super output areas - middle layer,152,Other identity and at least one UK identity,130
17618,2021,E02005993,2021 super output areas - middle layer,152,Non-UK identity only,505
17619,2021,E02005993,2021 super output areas - middle layer,152,UK identity and non-UK identity,135
17620,2021,E02005994,2021 super output areas - middle layer,152,Total: All usual residents,6269
17621,2021,E02005994,2021 super output areas - middle layer,152,British only identity,3608
17622,2021,E02005994,2021 super output areas - middle layer,152,English only identity,1095
17623,2021,E02005994,2021 super output areas - middle layer,152,English and British only identity,968
17624,2021,E02005994,2021 super output areas - middle layer,152,Welsh only identity,34
17625,2021,E02005994,2021 super output areas - middle layer,152,Welsh and British only identity,13
17626,2021,E02005994,2021 super output areas - middle layer,152,Any other combination of only UK identities,105
17627,2021,E02005994,2021 super output areas - middle layer,152,Scottish only identity,33
17628,2021,E02005994,2021 super output areas - middle layer,152,Scottish and British only identity,19
17629,2021,E02005994,2021 super output areas - middle layer,152,Northern Irish only identity,17
17630,2021,E02005994,2021 super output areas - middle layer,152,Northern Irish and British only identity,7
17631,2021,E02005994,2021 super output areas - middle layer,152,Cornish only identity,0
17632,2021,E02005994,2021 super output areas - middle layer,152,Cornish and British only identity,1
17633,2021,E02005994,2021 super output areas - middle layer,152,Any other combination of only UK identities ,28
17634,2021,E02005994,2021 super output areas - middle layer,152,Irish only identity,23
17635,2021,E02005994,2021 super output areas - middle layer,152,Irish and at least one UK identity,6
17636,2021,E02005994,2021 super output areas - middle layer,152,Other identity only,292
17637,2021,E02005994,2021 super output areas - middle layer,152,Other identity and at least one UK identity,125
17638,2021,E02005994,2021 super output areas - middle layer,152,Non-UK identity only,315
17639,2021,E02005994,2021 super output areas - middle layer,152,UK identity and non-UK identity,131
17640,2021,E02005995,2021 super output areas - middle layer,152,Total: All usual residents,6372
17641,2021,E02005995,2021 super output areas - middle layer,152,British only identity,3894
17642,2021,E02005995,2021 super output areas - middle layer,152,English only identity,1049
17643,2021,E02005995,2021 super output areas - middle layer,152,English and British only identity,923
17644,2021,E02005995,2021 super output areas - middle layer,152,Welsh only identity,29
17645,2021,E02005995,2021 super output areas - middle layer,152,Welsh and British only identity,17
17646,2021,E02005995,2021 super output areas - middle layer,152,Any other combination of only UK identities,71
17647,2021,E02005995,2021 super output areas - middle layer,152,Scottish only identity,26
17648,2021,E02005995,2021 super output areas - middle layer,152,Scottish and British only identity,14
17649,2021,E02005995,2021 super output areas - middle layer,152,Northern Irish only identity,10
17650,2021,E02005995,2021 super output areas - middle layer,152,Northern Irish and British only identity,2
17651,2021,E02005995,2021 super output areas - middle layer,152,Cornish only identity,2
17652,2021,E02005995,2021 super output areas - middle layer,152,Cornish and British only identity,0
17653,2021,E02005995,2021 super output areas - middle layer,152,Any other combination of only UK identities ,17
17654,2021,E02005995,2021 super output areas - middle layer,152,Irish only identity,25
17655,2021,E02005995,2021 super output areas - middle layer,152,Irish and at least one UK identity,10
17656,2021,E02005995,2021 super output areas - middle layer,152,Other identity only,263
17657,2021,E02005995,2021 super output areas - middle layer,152,Other identity and at least one UK identity,91
17658,2021,E02005995,2021 super output areas - middle layer,152,Non-UK identity only,288
17659,2021,E02005995,2021 super output areas - middle layer,152,UK identity and non-UK identity,101
17660,2021,E02005996,2021 super output areas - middle layer,152,Total: All usual residents,8936
17661,2021,E02005996,2021 super output areas - middle layer,152,British only identity,5212
17662,2021,E02005996,2021 super output areas - middle layer,152,English only identity,1315
17663,2021,E02005996,2021 super output areas - middle layer,152,English and British only identity,1307
17664,2021,E02005996,2021 super output areas - middle layer,152,Welsh only identity,62
17665,2021,E02005996,2021 super output areas - middle layer,152,Welsh and British only identity,38
17666,2021,E02005996,2021 super output areas - middle layer,152,Any other combination of only UK identities,136
17667,2021,E02005996,2021 super output areas - middle layer,152,Scottish only identity,47
17668,2021,E02005996,2021 super output areas - middle layer,152,Scottish and British only identity,22
17669,2021,E02005996,2021 super output areas - middle layer,152,Northern Irish only identity,17
17670,2021,E02005996,2021 super output areas - middle layer,152,Northern Irish and British only identity,10
17671,2021,E02005996,2021 super output areas - middle layer,152,Cornish only identity,5
17672,2021,E02005996,2021 super output areas - middle layer,152,Cornish and British only identity,0
17673,2021,E02005996,2021 super output areas - middle layer,152,Any other combination of only UK identities ,35
17674,2021,E02005996,2021 super output areas - middle layer,152,Irish only identity,42
17675,2021,E02005996,2021 super output areas - middle layer,152,Irish and at least one UK identity,23
17676,2021,E02005996,2021 super output areas - middle layer,152,Other identity only,531
17677,2021,E02005996,2021 super output areas - middle layer,152,Other identity and at least one UK identity,270
17678,2021,E02005996,2021 super output areas - middle layer,152,Non-UK identity only,573
17679,2021,E02005996,2021 super output areas - middle layer,152,UK identity and non-UK identity,293
17680,2021,E02005997,2021 super output areas - middle layer,152,Total: All usual residents,5955
17681,2021,E02005997,2021 super output areas - middle layer,152,British only identity,3439
17682,2021,E02005997,2021 super output areas - middle layer,152,English only identity,1063
17683,2021,E02005997,2021 super output areas - middle layer,152,English and British only identity,904
17684,2021,E02005997,2021 super output areas - middle layer,152,Welsh only identity,29
17685,2021,E02005997,2021 super output areas - middle layer,152,Welsh and British only identity,13
17686,2021,E02005997,2021 super output areas - middle layer,152,Any other combination of only UK identities,100
17687,2021,E02005997,2021 super output areas - middle layer,152,Scottish only identity,30
17688,2021,E02005997,2021 super output areas - middle layer,152,Scottish and British only identity,19
17689,2021,E02005997,2021 super output areas - middle layer,152,Northern Irish only identity,15
17690,2021,E02005997,2021 super output areas - middle layer,152,Northern Irish and British only identity,7
17691,2021,E02005997,2021 super output areas - middle layer,152,Cornish only identity,0
17692,2021,E02005997,2021 super output areas - middle layer,152,Cornish and British only identity,2
17693,2021,E02005997,2021 super output areas - middle layer,152,Any other combination of only UK identities ,27
17694,2021,E02005997,2021 super output areas - middle layer,152,Irish only identity,25
17695,2021,E02005997,2021 super output areas - middle layer,152,Irish and at least one UK identity,8
17696,2021,E02005997,2021 super output areas - middle layer,152,Other identity only,244
17697,2021,E02005997,2021 super output areas - middle layer,152,Other identity and at least one UK identity,130
17698,2021,E02005997,2021 super output areas - middle layer,152,Non-UK identity only,269
17699,2021,E02005997,2021 super output areas - middle layer,152,UK identity and non-UK identity,138
17700,2021,E02005998,2021 super output areas - middle layer,152,Total: All usual residents,7030
17701,2021,E02005998,2021 super output areas - middle layer,152,British only identity,4056
17702,2021,E02005998,2021 super output areas - middle layer,152,English only identity,1124
17703,2021,E02005998,2021 super output areas - middle layer,152,English and British only identity,1145
17704,2021,E02005998,2021 super output areas - middle layer,152,Welsh only identity,37
17705,2021,E02005998,2021 super output areas - middle layer,152,Welsh and British only identity,25
17706,2021,E02005998,2021 super output areas - middle layer,152,Any other combination of only UK identities,103
17707,2021,E02005998,2021 super output areas - middle layer,152,Scottish only identity,34
17708,2021,E02005998,2021 super output areas - middle layer,152,Scottish and British only identity,26
17709,2021,E02005998,2021 super output areas - middle layer,152,Northern Irish only identity,10
17710,2021,E02005998,2021 super output areas - middle layer,152,Northern Irish and British only identity,5
17711,2021,E02005998,2021 super output areas - middle layer,152,Cornish only identity,3
17712,2021,E02005998,2021 super output areas - middle layer,152,Cornish and British only identity,0
17713,2021,E02005998,2021 super output areas - middle layer,152,Any other combination of only UK identities ,25
17714,2021,E02005998,2021 super output areas - middle layer,152,Irish only identity,40
17715,2021,E02005998,2021 super output areas - middle layer,152,Irish and at least one UK identity,10
17716,2021,E02005998,2021 super output areas - middle layer,152,Other identity only,315
17717,2021,E02005998,2021 super output areas - middle layer,152,Other identity and at least one UK identity,175
17718,2021,E02005998,2021 super output areas - middle layer,152,Non-UK identity only,355
17719,2021,E02005998,2021 super output areas - middle layer,152,UK identity and non-UK identity,185
17720,2021,E02005999,2021 super output areas - middle layer,152,Total: All usual residents,6546
17721,2021,E02005999,2021 super output areas - middle layer,152,British only identity,3736
17722,2021,E02005999,2021 super output areas - middle layer,152,English only identity,1301
17723,2021,E02005999,2021 super output areas - middle layer,152,English and British only identity,1034
17724,2021,E02005999,2021 super output areas - middle layer,152,Welsh only identity,41
17725,2021,E02005999,2021 super output areas - middle layer,152,Welsh and British only identity,17
17726,2021,E02005999,2021 super output areas - middle layer,152,Any other combination of only UK identities,75
17727,2021,E02005999,2021 super output areas - middle layer,152,Scottish only identity,32
17728,2021,E02005999,2021 super output areas - middle layer,152,Scottish and British only identity,16
17729,2021,E02005999,2021 super output areas - middle layer,152,Northern Irish only identity,10
17730,2021,E02005999,2021 super output areas - middle layer,152,Northern Irish and British only identity,2
17731,2021,E02005999,2021 super output areas - middle layer,152,Cornish only identity,0
17732,2021,E02005999,2021 super output areas - middle layer,152,Cornish and British only identity,0
17733,2021,E02005999,2021 super output areas - middle layer,152,Any other combination of only UK identities ,15
17734,2021,E02005999,2021 super output areas - middle layer,152,Irish only identity,26
17735,2021,E02005999,2021 super output areas - middle layer,152,Irish and at least one UK identity,13
17736,2021,E02005999,2021 super output areas - middle layer,152,Other identity only,221
17737,2021,E02005999,2021 super output areas - middle layer,152,Other identity and at least one UK identity,82
17738,2021,E02005999,2021 super output areas - middle layer,152,Non-UK identity only,247
17739,2021,E02005999,2021 super output areas - middle layer,152,UK identity and non-UK identity,95
17740,2021,E02006000,2021 super output areas - middle layer,152,Total: All usual residents,11772
17741,2021,E02006000,2021 super output areas - middle layer,152,British only identity,6829
17742,2021,E02006000,2021 super output areas - middle layer,152,English only identity,1905
17743,2021,E02006000,2021 super output areas - middle layer,152,English and British only identity,1828
17744,2021,E02006000,2021 super output areas - middle layer,152,Welsh only identity,70
17745,2021,E02006000,2021 super output areas - middle layer,152,Welsh and British only identity,31
17746,2021,E02006000,2021 super output areas - middle layer,152,Any other combination of only UK identities,152
17747,2021,E02006000,2021 super output areas - middle layer,152,Scottish only identity,65
17748,2021,E02006000,2021 super output areas - middle layer,152,Scottish and British only identity,41
17749,2021,E02006000,2021 super output areas - middle layer,152,Northern Irish only identity,18
17750,2021,E02006000,2021 super output areas - middle layer,152,Northern Irish and British only identity,5
17751,2021,E02006000,2021 super output areas - middle layer,152,Cornish only identity,2
17752,2021,E02006000,2021 super output areas - middle layer,152,Cornish and British only identity,0
17753,2021,E02006000,2021 super output areas - middle layer,152,Any other combination of only UK identities ,21
17754,2021,E02006000,2021 super output areas - middle layer,152,Irish only identity,52
17755,2021,E02006000,2021 super output areas - middle layer,152,Irish and at least one UK identity,26
17756,2021,E02006000,2021 super output areas - middle layer,152,Other identity only,657
17757,2021,E02006000,2021 super output areas - middle layer,152,Other identity and at least one UK identity,222
17758,2021,E02006000,2021 super output areas - middle layer,152,Non-UK identity only,709
17759,2021,E02006000,2021 super output areas - middle layer,152,UK identity and non-UK identity,248
17760,2021,E02006001,2021 super output areas - middle layer,152,Total: All usual residents,7087
17761,2021,E02006001,2021 super output areas - middle layer,152,British only identity,3943
17762,2021,E02006001,2021 super output areas - middle layer,152,English only identity,1142
17763,2021,E02006001,2021 super output areas - middle layer,152,English and British only identity,1189
17764,2021,E02006001,2021 super output areas - middle layer,152,Welsh only identity,41
17765,2021,E02006001,2021 super output areas - middle layer,152,Welsh and British only identity,19
17766,2021,E02006001,2021 super output areas - middle layer,152,Any other combination of only UK identities,80
17767,2021,E02006001,2021 super output areas - middle layer,152,Scottish only identity,27
17768,2021,E02006001,2021 super output areas - middle layer,152,Scottish and British only identity,28
17769,2021,E02006001,2021 super output areas - middle layer,152,Northern Irish only identity,6
17770,2021,E02006001,2021 super output areas - middle layer,152,Northern Irish and British only identity,3
17771,2021,E02006001,2021 super output areas - middle layer,152,Cornish only identity,0
17772,2021,E02006001,2021 super output areas - middle layer,152,Cornish and British only identity,0
17773,2021,E02006001,2021 super output areas - middle layer,152,Any other combination of only UK identities ,16
17774,2021,E02006001,2021 super output areas - middle layer,152,Irish only identity,27
17775,2021,E02006001,2021 super output areas - middle layer,152,Irish and at least one UK identity,11
17776,2021,E02006001,2021 super output areas - middle layer,152,Other identity only,476
17777,2021,E02006001,2021 super output areas - middle layer,152,Other identity and at least one UK identity,159
17778,2021,E02006001,2021 super output areas - middle layer,152,Non-UK identity only,503
17779,2021,E02006001,2021 super output areas - middle layer,152,UK identity and non-UK identity,170
17780,2021,E02006002,2021 super output areas - middle layer,152,Total: All usual residents,10769
17781,2021,E02006002,2021 super output areas - middle layer,152,British only identity,5710
17782,2021,E02006002,2021 super output areas - middle layer,152,English only identity,1996
17783,2021,E02006002,2021 super output areas - middle layer,152,English and British only identity,1691
17784,2021,E02006002,2021 super output areas - middle layer,152,Welsh only identity,55
17785,2021,E02006002,2021 super output areas - middle layer,152,Welsh and British only identity,22
17786,2021,E02006002,2021 super output areas - middle layer,152,Any other combination of only UK identities,127
17787,2021,E02006002,2021 super output areas - middle layer,152,Scottish only identity,65
17788,2021,E02006002,2021 super output areas - middle layer,152,Scottish and British only identity,27
17789,2021,E02006002,2021 super output areas - middle layer,152,Northern Irish only identity,12
17790,2021,E02006002,2021 super output areas - middle layer,152,Northern Irish and British only identity,3
17791,2021,E02006002,2021 super output areas - middle layer,152,Cornish only identity,2
17792,2021,E02006002,2021 super output areas - middle layer,152,Cornish and British only identity,0
17793,2021,E02006002,2021 super output areas - middle layer,152,Any other combination of only UK identities ,18
17794,2021,E02006002,2021 super output areas - middle layer,152,Irish only identity,44
17795,2021,E02006002,2021 super output areas - middle layer,152,Irish and at least one UK identity,10
17796,2021,E02006002,2021 super output areas - middle layer,152,Other identity only,898
17797,2021,E02006002,2021 super output areas - middle layer,152,Other identity and at least one UK identity,216
17798,2021,E02006002,2021 super output areas - middle layer,152,Non-UK identity only,942
17799,2021,E02006002,2021 super output areas - middle layer,152,UK identity and non-UK identity,226
17800,2021,E02006003,2021 super output areas - middle layer,152,Total: All usual residents,5927
17801,2021,E02006003,2021 super output areas - middle layer,152,British only identity,3138
17802,2021,E02006003,2021 super output areas - middle layer,152,English only identity,1194
17803,2021,E02006003,2021 super output areas - middle layer,152,English and British only identity,946
17804,2021,E02006003,2021 super output areas - middle layer,152,Welsh only identity,30
17805,2021,E02006003,2021 super output areas - middle layer,152,Welsh and British only identity,16
17806,2021,E02006003,2021 super output areas - middle layer,152,Any other combination of only UK identities,79
17807,2021,E02006003,2021 super output areas - middle layer,152,Scottish only identity,26
17808,2021,E02006003,2021 super output areas - middle layer,152,Scottish and British only identity,18
17809,2021,E02006003,2021 super output areas - middle layer,152,Northern Irish only identity,5
17810,2021,E02006003,2021 super output areas - middle layer,152,Northern Irish and British only identity,2
17811,2021,E02006003,2021 super output areas - middle layer,152,Cornish only identity,1
17812,2021,E02006003,2021 super output areas - middle layer,152,Cornish and British only identity,1
17813,2021,E02006003,2021 super output areas - middle layer,152,Any other combination of only UK identities ,26
17814,2021,E02006003,2021 super output areas - middle layer,152,Irish only identity,35
17815,2021,E02006003,2021 super output areas - middle layer,152,Irish and at least one UK identity,11
17816,2021,E02006003,2021 super output areas - middle layer,152,Other identity only,334
17817,2021,E02006003,2021 super output areas - middle layer,152,Other identity and at least one UK identity,144
17818,2021,E02006003,2021 super output areas - middle layer,152,Non-UK identity only,369
17819,2021,E02006003,2021 super output areas - middle layer,152,UK identity and non-UK identity,155
17820,2021,E02006004,2021 super output areas - middle layer,152,Total: All usual residents,7335
17821,2021,E02006004,2021 super output areas - middle layer,152,British only identity,4385
17822,2021,E02006004,2021 super output areas - middle layer,152,English only identity,1183
17823,2021,E02006004,2021 super output areas - middle layer,152,English and British only identity,1096
17824,2021,E02006004,2021 super output areas - middle layer,152,Welsh only identity,80
17825,2021,E02006004,2021 super output areas - middle layer,152,Welsh and British only identity,51
17826,2021,E02006004,2021 super output areas - middle layer,152,Any other combination of only UK identities,123
17827,2021,E02006004,2021 super output areas - middle layer,152,Scottish only identity,43
17828,2021,E02006004,2021 super output areas - middle layer,152,Scottish and British only identity,33
17829,2021,E02006004,2021 super output areas - middle layer,152,Northern Irish only identity,12
17830,2021,E02006004,2021 super output areas - middle layer,152,Northern Irish and British only identity,10
17831,2021,E02006004,2021 super output areas - middle layer,152,Cornish only identity,2
17832,2021,E02006004,2021 super output areas - middle layer,152,Cornish and British only identity,0
17833,2021,E02006004,2021 super output areas - middle layer,152,Any other combination of only UK identities ,23
17834,2021,E02006004,2021 super output areas - middle layer,152,Irish only identity,32
17835,2021,E02006004,2021 super output areas - middle layer,152,Irish and at least one UK identity,9
17836,2021,E02006004,2021 super output areas - middle layer,152,Other identity only,262
17837,2021,E02006004,2021 super output areas - middle layer,152,Other identity and at least one UK identity,114
17838,2021,E02006004,2021 super output areas - middle layer,152,Non-UK identity only,294
17839,2021,E02006004,2021 super output areas - middle layer,152,UK identity and non-UK identity,123
17840,2021,E02006005,2021 super output areas - middle layer,152,Total: All usual residents,10031
17841,2021,E02006005,2021 super output areas - middle layer,152,British only identity,5848
17842,2021,E02006005,2021 super output areas - middle layer,152,English only identity,1549
17843,2021,E02006005,2021 super output areas - middle layer,152,English and British only identity,1624
17844,2021,E02006005,2021 super output areas - middle layer,152,Welsh only identity,102
17845,2021,E02006005,2021 super output areas - middle layer,152,Welsh and British only identity,41
17846,2021,E02006005,2021 super output areas - middle layer,152,Any other combination of only UK identities,196
17847,2021,E02006005,2021 super output areas - middle layer,152,Scottish only identity,89
17848,2021,E02006005,2021 super output areas - middle layer,152,Scottish and British only identity,48
17849,2021,E02006005,2021 super output areas - middle layer,152,Northern Irish only identity,17
17850,2021,E02006005,2021 super output areas - middle layer,152,Northern Irish and British only identity,11
17851,2021,E02006005,2021 super output areas - middle layer,152,Cornish only identity,2
17852,2021,E02006005,2021 super output areas - middle layer,152,Cornish and British only identity,3
17853,2021,E02006005,2021 super output areas - middle layer,152,Any other combination of only UK identities ,26
17854,2021,E02006005,2021 super output areas - middle layer,152,Irish only identity,23
17855,2021,E02006005,2021 super output areas - middle layer,152,Irish and at least one UK identity,6
17856,2021,E02006005,2021 super output areas - middle layer,152,Other identity only,508
17857,2021,E02006005,2021 super output areas - middle layer,152,Other identity and at least one UK identity,134
17858,2021,E02006005,2021 super output areas - middle layer,152,Non-UK identity only,531
17859,2021,E02006005,2021 super output areas - middle layer,152,UK identity and non-UK identity,140
17860,2021,E02006006,2021 super output areas - middle layer,152,Total: All usual residents,5648
17861,2021,E02006006,2021 super output areas - middle layer,152,British only identity,3162
17862,2021,E02006006,2021 super output areas - middle layer,152,English only identity,1058
17863,2021,E02006006,2021 super output areas - middle layer,152,English and British only identity,932
17864,2021,E02006006,2021 super output areas - middle layer,152,Welsh only identity,49
17865,2021,E02006006,2021 super output areas - middle layer,152,Welsh and British only identity,31
17866,2021,E02006006,2021 super output areas - middle layer,152,Any other combination of only UK identities,111
17867,2021,E02006006,2021 super output areas - middle layer,152,Scottish only identity,42
17868,2021,E02006006,2021 super output areas - middle layer,152,Scottish and British only identity,29
17869,2021,E02006006,2021 super output areas - middle layer,152,Northern Irish only identity,16
17870,2021,E02006006,2021 super output areas - middle layer,152,Northern Irish and British only identity,4
17871,2021,E02006006,2021 super output areas - middle layer,152,Cornish only identity,2
17872,2021,E02006006,2021 super output areas - middle layer,152,Cornish and British only identity,1
17873,2021,E02006006,2021 super output areas - middle layer,152,Any other combination of only UK identities ,17
17874,2021,E02006006,2021 super output areas - middle layer,152,Irish only identity,16
17875,2021,E02006006,2021 super output areas - middle layer,152,Irish and at least one UK identity,4
17876,2021,E02006006,2021 super output areas - middle layer,152,Other identity only,223
17877,2021,E02006006,2021 super output areas - middle layer,152,Other identity and at least one UK identity,62
17878,2021,E02006006,2021 super output areas - middle layer,152,Non-UK identity only,239
17879,2021,E02006006,2021 super output areas - middle layer,152,UK identity and non-UK identity,66
17880,2021,E02006007,2021 super output areas - middle layer,152,Total: All usual residents,7307
17881,2021,E02006007,2021 super output areas - middle layer,152,British only identity,4323
17882,2021,E02006007,2021 super output areas - middle layer,152,English only identity,1230
17883,2021,E02006007,2021 super output areas - middle layer,152,English and British only identity,1226
17884,2021,E02006007,2021 super output areas - middle layer,152,Welsh only identity,52
17885,2021,E02006007,2021 super output areas - middle layer,152,Welsh and British only identity,27
17886,2021,E02006007,2021 super output areas - middle layer,152,Any other combination of only UK identities,115
17887,2021,E02006007,2021 super output areas - middle layer,152,Scottish only identity,48
17888,2021,E02006007,2021 super output areas - middle layer,152,Scottish and British only identity,31
17889,2021,E02006007,2021 super output areas - middle layer,152,Northern Irish only identity,5
17890,2021,E02006007,2021 super output areas - middle layer,152,Northern Irish and British only identity,4
17891,2021,E02006007,2021 super output areas - middle layer,152,Cornish only identity,4
17892,2021,E02006007,2021 super output areas - middle layer,152,Cornish and British only identity,0
17893,2021,E02006007,2021 super output areas - middle layer,152,Any other combination of only UK identities ,23
17894,2021,E02006007,2021 super output areas - middle layer,152,Irish only identity,26
17895,2021,E02006007,2021 super output areas - middle layer,152,Irish and at least one UK identity,3
17896,2021,E02006007,2021 super output areas - middle layer,152,Other identity only,202
17897,2021,E02006007,2021 super output areas - middle layer,152,Other identity and at least one UK identity,103
17898,2021,E02006007,2021 super output areas - middle layer,152,Non-UK identity only,228
17899,2021,E02006007,2021 super output areas - middle layer,152,UK identity and non-UK identity,106
17900,2021,E02006317,2021 super output areas - middle layer,152,Total: All usual residents,6353
17901,2021,E02006317,2021 super output areas - middle layer,152,British only identity,3760
17902,2021,E02006317,2021 super output areas - middle layer,152,English only identity,1039
17903,2021,E02006317,2021 super output areas - middle layer,152,English and British only identity,691
17904,2021,E02006317,2021 super output areas - middle layer,152,Welsh only identity,27
17905,2021,E02006317,2021 super output areas - middle layer,152,Welsh and British only identity,10
17906,2021,E02006317,2021 super output areas - middle layer,152,Any other combination of only UK identities,65
17907,2021,E02006317,2021 super output areas - middle layer,152,Scottish only identity,22
17908,2021,E02006317,2021 super output areas - middle layer,152,Scottish and British only identity,14
17909,2021,E02006317,2021 super output areas - middle layer,152,Northern Irish only identity,12
17910,2021,E02006317,2021 super output areas - middle layer,152,Northern Irish and British only identity,4
17911,2021,E02006317,2021 super output areas - middle layer,152,Cornish only identity,5
17912,2021,E02006317,2021 super output areas - middle layer,152,Cornish and British only identity,0
17913,2021,E02006317,2021 super output areas - middle layer,152,Any other combination of only UK identities ,8
17914,2021,E02006317,2021 super output areas - middle layer,152,Irish only identity,53
17915,2021,E02006317,2021 super output areas - middle layer,152,Irish and at least one UK identity,15
17916,2021,E02006317,2021 super output areas - middle layer,152,Other identity only,503
17917,2021,E02006317,2021 super output areas - middle layer,152,Other identity and at least one UK identity,190
17918,2021,E02006317,2021 super output areas - middle layer,152,Non-UK identity only,556
17919,2021,E02006317,2021 super output areas - middle layer,152,UK identity and non-UK identity,205
17920,2021,E02006318,2021 super output areas - middle layer,152,Total: All usual residents,6962
17921,2021,E02006318,2021 super output areas - middle layer,152,British only identity,4259
17922,2021,E02006318,2021 super output areas - middle layer,152,English only identity,678
17923,2021,E02006318,2021 super output areas - middle layer,152,English and British only identity,903
17924,2021,E02006318,2021 super output areas - middle layer,152,Welsh only identity,26
17925,2021,E02006318,2021 super output areas - middle layer,152,Welsh and British only identity,23
17926,2021,E02006318,2021 super output areas - middle layer,152,Any other combination of only UK identities,108
17927,2021,E02006318,2021 super output areas - middle layer,152,Scottish only identity,40
17928,2021,E02006318,2021 super output areas - middle layer,152,Scottish and British only identity,26
17929,2021,E02006318,2021 super output areas - middle layer,152,Northern Irish only identity,17
17930,2021,E02006318,2021 super output areas - middle layer,152,Northern Irish and British only identity,10
17931,2021,E02006318,2021 super output areas - middle layer,152,Cornish only identity,1
17932,2021,E02006318,2021 super output areas - middle layer,152,Cornish and British only identity,0
17933,2021,E02006318,2021 super output areas - middle layer,152,Any other combination of only UK identities ,14
17934,2021,E02006318,2021 super output areas - middle layer,152,Irish only identity,69
17935,2021,E02006318,2021 super output areas - middle layer,152,Irish and at least one UK identity,16
17936,2021,E02006318,2021 super output areas - middle layer,152,Other identity only,675
17937,2021,E02006318,2021 super output areas - middle layer,152,Other identity and at least one UK identity,205
17938,2021,E02006318,2021 super output areas - middle layer,152,Non-UK identity only,744
17939,2021,E02006318,2021 super output areas - middle layer,152,UK identity and non-UK identity,221
17940,2021,E02006319,2021 super output areas - middle layer,152,Total: All usual residents,7215
17941,2021,E02006319,2021 super output areas - middle layer,152,British only identity,4053
17942,2021,E02006319,2021 super output areas - middle layer,152,English only identity,1255
17943,2021,E02006319,2021 super output areas - middle layer,152,English and British only identity,930
17944,2021,E02006319,2021 super output areas - middle layer,152,Welsh only identity,25
17945,2021,E02006319,2021 super output areas - middle layer,152,Welsh and British only identity,12
17946,2021,E02006319,2021 super output areas - middle layer,152,Any other combination of only UK identities,60
17947,2021,E02006319,2021 super output areas - middle layer,152,Scottish only identity,22
17948,2021,E02006319,2021 super output areas - middle layer,152,Scottish and British only identity,5
17949,2021,E02006319,2021 super output areas - middle layer,152,Northern Irish only identity,7
17950,2021,E02006319,2021 super output areas - middle layer,152,Northern Irish and British only identity,4
17951,2021,E02006319,2021 super output areas - middle layer,152,Cornish only identity,2
17952,2021,E02006319,2021 super output areas - middle layer,152,Cornish and British only identity,0
17953,2021,E02006319,2021 super output areas - middle layer,152,Any other combination of only UK identities ,20
17954,2021,E02006319,2021 super output areas - middle layer,152,Irish only identity,42
17955,2021,E02006319,2021 super output areas - middle layer,152,Irish and at least one UK identity,6
17956,2021,E02006319,2021 super output areas - middle layer,152,Other identity only,652
17957,2021,E02006319,2021 super output areas - middle layer,152,Other identity and at least one UK identity,180
17958,2021,E02006319,2021 super output areas - middle layer,152,Non-UK identity only,694
17959,2021,E02006319,2021 super output areas - middle layer,152,UK identity and non-UK identity,186
17960,2021,E02006320,2021 super output areas - middle layer,152,Total: All usual residents,7249
17961,2021,E02006320,2021 super output areas - middle layer,152,British only identity,4049
17962,2021,E02006320,2021 super output areas - middle layer,152,English only identity,1094
17963,2021,E02006320,2021 super output areas - middle layer,152,English and British only identity,1045
17964,2021,E02006320,2021 super output areas - middle layer,152,Welsh only identity,20
17965,2021,E02006320,2021 super output areas - middle layer,152,Welsh and British only identity,10
17966,2021,E02006320,2021 super output areas - middle layer,152,Any other combination of only UK identities,65
17967,2021,E02006320,2021 super output areas - middle layer,152,Scottish only identity,24
17968,2021,E02006320,2021 super output areas - middle layer,152,Scottish and British only identity,15
17969,2021,E02006320,2021 super output areas - middle layer,152,Northern Irish only identity,5
17970,2021,E02006320,2021 super output areas - middle layer,152,Northern Irish and British only identity,3
17971,2021,E02006320,2021 super output areas - middle layer,152,Cornish only identity,0
17972,2021,E02006320,2021 super output areas - middle layer,152,Cornish and British only identity,0
17973,2021,E02006320,2021 super output areas - middle layer,152,Any other combination of only UK identities ,18
17974,2021,E02006320,2021 super output areas - middle layer,152,Irish only identity,44
17975,2021,E02006320,2021 super output areas - middle layer,152,Irish and at least one UK identity,12
17976,2021,E02006320,2021 super output areas - middle layer,152,Other identity only,715
17977,2021,E02006320,2021 super output areas - middle layer,152,Other identity and at least one UK identity,195
17978,2021,E02006320,2021 super output areas - middle layer,152,Non-UK identity only,759
17979,2021,E02006320,2021 super output areas - middle layer,152,UK identity and non-UK identity,207
17980,2021,E02006321,2021 super output areas - middle layer,152,Total: All usual residents,6608
17981,2021,E02006321,2021 super output areas - middle layer,152,British only identity,4141
17982,2021,E02006321,2021 super output areas - middle layer,152,English only identity,653
17983,2021,E02006321,2021 super output areas - middle layer,152,English and British only identity,873
17984,2021,E02006321,2021 super output areas - middle layer,152,Welsh only identity,36
17985,2021,E02006321,2021 super output areas - middle layer,152,Welsh and British only identity,34
17986,2021,E02006321,2021 super output areas - middle layer,152,Any other combination of only UK identities,98
17987,2021,E02006321,2021 super output areas - middle layer,152,Scottish only identity,27
17988,2021,E02006321,2021 super output areas - middle layer,152,Scottish and British only identity,25
17989,2021,E02006321,2021 super output areas - middle layer,152,Northern Irish only identity,12
17990,2021,E02006321,2021 super output areas - middle layer,152,Northern Irish and British only identity,5
17991,2021,E02006321,2021 super output areas - middle layer,152,Cornish only identity,1
17992,2021,E02006321,2021 super output areas - middle layer,152,Cornish and British only identity,0
17993,2021,E02006321,2021 super output areas - middle layer,152,Any other combination of only UK identities ,28
17994,2021,E02006321,2021 super output areas - middle layer,152,Irish only identity,90
17995,2021,E02006321,2021 super output areas - middle layer,152,Irish and at least one UK identity,7
17996,2021,E02006321,2021 super output areas - middle layer,152,Other identity only,428
17997,2021,E02006321,2021 super output areas - middle layer,152,Other identity and at least one UK identity,248
17998,2021,E02006321,2021 super output areas - middle layer,152,Non-UK identity only,518
17999,2021,E02006321,2021 super output areas - middle layer,152,UK identity and non-UK identity,255
18000,2021,E02006322,2021 super output areas - middle layer,152,Total: All usual residents,6491
18001,2021,E02006322,2021 super output areas - middle layer,152,British only identity,3890
18002,2021,E02006322,2021 super output areas - middle layer,152,English only identity,756
18003,2021,E02006322,2021 super output areas - middle layer,152,English and British only identity,845
18004,2021,E02006322,2021 super output areas - middle layer,152,Welsh only identity,28
18005,2021,E02006322,2021 super output areas - middle layer,152,Welsh and British only identity,25
18006,2021,E02006322,2021 super output areas - middle layer,152,Any other combination of only UK identities,77
18007,2021,E02006322,2021 super output areas - middle layer,152,Scottish only identity,33
18008,2021,E02006322,2021 super output areas - middle layer,152,Scottish and British only identity,18
18009,2021,E02006322,2021 super output areas - middle layer,152,Northern Irish only identity,9
18010,2021,E02006322,2021 super output areas - middle layer,152,Northern Irish and British only identity,1
18011,2021,E02006322,2021 super output areas - middle layer,152,Cornish only identity,0
18012,2021,E02006322,2021 super output areas - middle layer,152,Cornish and British only identity,1
18013,2021,E02006322,2021 super output areas - middle layer,152,Any other combination of only UK identities ,15
18014,2021,E02006322,2021 super output areas - middle layer,152,Irish only identity,78
18015,2021,E02006322,2021 super output areas - middle layer,152,Irish and at least one UK identity,15
18016,2021,E02006322,2021 super output areas - middle layer,152,Other identity only,533
18017,2021,E02006322,2021 super output areas - middle layer,152,Other identity and at least one UK identity,244
18018,2021,E02006322,2021 super output areas - middle layer,152,Non-UK identity only,611
18019,2021,E02006322,2021 super output areas - middle layer,152,UK identity and non-UK identity,259
18020,2021,E02006323,2021 super output areas - middle layer,152,Total: All usual residents,7529
18021,2021,E02006323,2021 super output areas - middle layer,152,British only identity,4202
18022,2021,E02006323,2021 super output areas - middle layer,152,English only identity,970
18023,2021,E02006323,2021 super output areas - middle layer,152,English and British only identity,1026
18024,2021,E02006323,2021 super output areas - middle layer,152,Welsh only identity,28
18025,2021,E02006323,2021 super output areas - middle layer,152,Welsh and British only identity,19
18026,2021,E02006323,2021 super output areas - middle layer,152,Any other combination of only UK identities,93
18027,2021,E02006323,2021 super output areas - middle layer,152,Scottish only identity,29
18028,2021,E02006323,2021 super output areas - middle layer,152,Scottish and British only identity,18
18029,2021,E02006323,2021 super output areas - middle layer,152,Northern Irish only identity,17
18030,2021,E02006323,2021 super output areas - middle layer,152,Northern Irish and British only identity,5
18031,2021,E02006323,2021 super output areas - middle layer,152,Cornish only identity,0
18032,2021,E02006323,2021 super output areas - middle layer,152,Cornish and British only identity,0
18033,2021,E02006323,2021 super output areas - middle layer,152,Any other combination of only UK identities ,24
18034,2021,E02006323,2021 super output areas - middle layer,152,Irish only identity,74
18035,2021,E02006323,2021 super output areas - middle layer,152,Irish and at least one UK identity,16
18036,2021,E02006323,2021 super output areas - middle layer,152,Other identity only,830
18037,2021,E02006323,2021 super output areas - middle layer,152,Other identity and at least one UK identity,271
18038,2021,E02006323,2021 super output areas - middle layer,152,Non-UK identity only,904
18039,2021,E02006323,2021 super output areas - middle layer,152,UK identity and non-UK identity,287
18040,2021,E02006324,2021 super output areas - middle layer,152,Total: All usual residents,7916
18041,2021,E02006324,2021 super output areas - middle layer,152,British only identity,4707
18042,2021,E02006324,2021 super output areas - middle layer,152,English only identity,1079
18043,2021,E02006324,2021 super output areas - middle layer,152,English and British only identity,1047
18044,2021,E02006324,2021 super output areas - middle layer,152,Welsh only identity,29
18045,2021,E02006324,2021 super output areas - middle layer,152,Welsh and British only identity,10
18046,2021,E02006324,2021 super output areas - middle layer,152,Any other combination of only UK identities,91
18047,2021,E02006324,2021 super output areas - middle layer,152,Scottish only identity,20
18048,2021,E02006324,2021 super output areas - middle layer,152,Scottish and British only identity,25
18049,2021,E02006324,2021 super output areas - middle layer,152,Northern Irish only identity,15
18050,2021,E02006324,2021 super output areas - middle layer,152,Northern Irish and British only identity,10
18051,2021,E02006324,2021 super output areas - middle layer,152,Cornish only identity,1
18052,2021,E02006324,2021 super output areas - middle layer,152,Cornish and British only identity,0
18053,2021,E02006324,2021 super output areas - middle layer,152,Any other combination of only UK identities ,20
18054,2021,E02006324,2021 super output areas - middle layer,152,Irish only identity,88
18055,2021,E02006324,2021 super output areas - middle layer,152,Irish and at least one UK identity,9
18056,2021,E02006324,2021 super output areas - middle layer,152,Other identity only,625
18057,2021,E02006324,2021 super output areas - middle layer,152,Other identity and at least one UK identity,231
18058,2021,E02006324,2021 super output areas - middle layer,152,Non-UK identity only,713
18059,2021,E02006324,2021 super output areas - middle layer,152,UK identity and non-UK identity,240
18060,2021,E02006325,2021 super output areas - middle layer,152,Total: All usual residents,9171
18061,2021,E02006325,2021 super output areas - middle layer,152,British only identity,5696
18062,2021,E02006325,2021 super output areas - middle layer,152,English only identity,1058
18063,2021,E02006325,2021 super output areas - middle layer,152,English and British only identity,1085
18064,2021,E02006325,2021 super output areas - middle layer,152,Welsh only identity,46
18065,2021,E02006325,2021 super output areas - middle layer,152,Welsh and British only identity,34
18066,2021,E02006325,2021 super output areas - middle layer,152,Any other combination of only UK identities,133
18067,2021,E02006325,2021 super output areas - middle layer,152,Scottish only identity,55
18068,2021,E02006325,2021 super output areas - middle layer,152,Scottish and British only identity,32
18069,2021,E02006325,2021 super output areas - middle layer,152,Northern Irish only identity,13
18070,2021,E02006325,2021 super output areas - middle layer,152,Northern Irish and British only identity,8
18071,2021,E02006325,2021 super output areas - middle layer,152,Cornish only identity,0
18072,2021,E02006325,2021 super output areas - middle layer,152,Cornish and British only identity,0
18073,2021,E02006325,2021 super output areas - middle layer,152,Any other combination of only UK identities ,25
18074,2021,E02006325,2021 super output areas - middle layer,152,Irish only identity,135
18075,2021,E02006325,2021 super output areas - middle layer,152,Irish and at least one UK identity,30
18076,2021,E02006325,2021 super output areas - middle layer,152,Other identity only,630
18077,2021,E02006325,2021 super output areas - middle layer,152,Other identity and at least one UK identity,324
18078,2021,E02006325,2021 super output areas - middle layer,152,Non-UK identity only,765
18079,2021,E02006325,2021 super output areas - middle layer,152,UK identity and non-UK identity,354
18080,2021,E02006326,2021 super output areas - middle layer,152,Total: All usual residents,7528
18081,2021,E02006326,2021 super output areas - middle layer,152,British only identity,4333
18082,2021,E02006326,2021 super output areas - middle layer,152,English only identity,883
18083,2021,E02006326,2021 super output areas - middle layer,152,English and British only identity,964
18084,2021,E02006326,2021 super output areas - middle layer,152,Welsh only identity,18
18085,2021,E02006326,2021 super output areas - middle layer,152,Welsh and British only identity,15
18086,2021,E02006326,2021 super output areas - middle layer,152,Any other combination of only UK identities,107
18087,2021,E02006326,2021 super output areas - middle layer,152,Scottish only identity,38
18088,2021,E02006326,2021 super output areas - middle layer,152,Scottish and British only identity,29
18089,2021,E02006326,2021 super output areas - middle layer,152,Northern Irish only identity,8
18090,2021,E02006326,2021 super output areas - middle layer,152,Northern Irish and British only identity,11
18091,2021,E02006326,2021 super output areas - middle layer,152,Cornish only identity,0
18092,2021,E02006326,2021 super output areas - middle layer,152,Cornish and British only identity,0
18093,2021,E02006326,2021 super output areas - middle layer,152,Any other combination of only UK identities ,21
18094,2021,E02006326,2021 super output areas - middle layer,152,Irish only identity,73
18095,2021,E02006326,2021 super output areas - middle layer,152,Irish and at least one UK identity,11
18096,2021,E02006326,2021 super output areas - middle layer,152,Other identity only,899
18097,2021,E02006326,2021 super output areas - middle layer,152,Other identity and at least one UK identity,225
18098,2021,E02006326,2021 super output areas - middle layer,152,Non-UK identity only,972
18099,2021,E02006326,2021 super output areas - middle layer,152,UK identity and non-UK identity,236
18100,2021,E02006327,2021 super output areas - middle layer,152,Total: All usual residents,6697
18101,2021,E02006327,2021 super output areas - middle layer,152,British only identity,4016
18102,2021,E02006327,2021 super output areas - middle layer,152,English only identity,709
18103,2021,E02006327,2021 super output areas - middle layer,152,English and British only identity,761
18104,2021,E02006327,2021 super output areas - middle layer,152,Welsh only identity,31
18105,2021,E02006327,2021 super output areas - middle layer,152,Welsh and British only identity,21
18106,2021,E02006327,2021 super output areas - middle layer,152,Any other combination of only UK identities,120
18107,2021,E02006327,2021 super output areas - middle layer,152,Scottish only identity,40
18108,2021,E02006327,2021 super output areas - middle layer,152,Scottish and British only identity,30
18109,2021,E02006327,2021 super output areas - middle layer,152,Northern Irish only identity,22
18110,2021,E02006327,2021 super output areas - middle layer,152,Northern Irish and British only identity,10
18111,2021,E02006327,2021 super output areas - middle layer,152,Cornish only identity,0
18112,2021,E02006327,2021 super output areas - middle layer,152,Cornish and British only identity,1
18113,2021,E02006327,2021 super output areas - middle layer,152,Any other combination of only UK identities ,17
18114,2021,E02006327,2021 super output areas - middle layer,152,Irish only identity,101
18115,2021,E02006327,2021 super output areas - middle layer,152,Irish and at least one UK identity,17
18116,2021,E02006327,2021 super output areas - middle layer,152,Other identity only,683
18117,2021,E02006327,2021 super output areas - middle layer,152,Other identity and at least one UK identity,238
18118,2021,E02006327,2021 super output areas - middle layer,152,Non-UK identity only,784
18119,2021,E02006327,2021 super output areas - middle layer,152,UK identity and non-UK identity,255
18120,2021,E02006328,2021 super output areas - middle layer,152,Total: All usual residents,9598
18121,2021,E02006328,2021 super output areas - middle layer,152,British only identity,5509
18122,2021,E02006328,2021 super output areas - middle layer,152,English only identity,1169
18123,2021,E02006328,2021 super output areas - middle layer,152,English and British only identity,1136
18124,2021,E02006328,2021 super output areas - middle layer,152,Welsh only identity,30
18125,2021,E02006328,2021 super output areas - middle layer,152,Welsh and British only identity,11
18126,2021,E02006328,2021 super output areas - middle layer,152,Any other combination of only UK identities,111
18127,2021,E02006328,2021 super output areas - middle layer,152,Scottish only identity,47
18128,2021,E02006328,2021 super output areas - middle layer,152,Scottish and British only identity,23
18129,2021,E02006328,2021 super output areas - middle layer,152,Northern Irish only identity,17
18130,2021,E02006328,2021 super output areas - middle layer,152,Northern Irish and British only identity,6
18131,2021,E02006328,2021 super output areas - middle layer,152,Cornish only identity,0
18132,2021,E02006328,2021 super output areas - middle layer,152,Cornish and British only identity,0
18133,2021,E02006328,2021 super output areas - middle layer,152,Any other combination of only UK identities ,18
18134,2021,E02006328,2021 super output areas - middle layer,152,Irish only identity,136
18135,2021,E02006328,2021 super output areas - middle layer,152,Irish and at least one UK identity,24
18136,2021,E02006328,2021 super output areas - middle layer,152,Other identity only,1110
18137,2021,E02006328,2021 super output areas - middle layer,152,Other identity and at least one UK identity,362
18138,2021,E02006328,2021 super output areas - middle layer,152,Non-UK identity only,1246
18139,2021,E02006328,2021 super output areas - middle layer,152,UK identity and non-UK identity,386
18140,2021,E02006329,2021 super output areas - middle layer,152,Total: All usual residents,7096
18141,2021,E02006329,2021 super output areas - middle layer,152,British only identity,4236
18142,2021,E02006329,2021 super output areas - middle layer,152,English only identity,810
18143,2021,E02006329,2021 super output areas - middle layer,152,English and British only identity,824
18144,2021,E02006329,2021 super output areas - middle layer,152,Welsh only identity,32
18145,2021,E02006329,2021 super output areas - middle layer,152,Welsh and British only identity,19
18146,2021,E02006329,2021 super output areas - middle layer,152,Any other combination of only UK identities,95
18147,2021,E02006329,2021 super output areas - middle layer,152,Scottish only identity,34
18148,2021,E02006329,2021 super output areas - middle layer,152,Scottish and British only identity,28
18149,2021,E02006329,2021 super output areas - middle layer,152,Northern Irish only identity,13
18150,2021,E02006329,2021 super output areas - middle layer,152,Northern Irish and British only identity,2
18151,2021,E02006329,2021 super output areas - middle layer,152,Cornish only identity,0
18152,2021,E02006329,2021 super output areas - middle layer,152,Cornish and British only identity,0
18153,2021,E02006329,2021 super output areas - middle layer,152,Any other combination of only UK identities ,18
18154,2021,E02006329,2021 super output areas - middle layer,152,Irish only identity,60
18155,2021,E02006329,2021 super output areas - middle layer,152,Irish and at least one UK identity,20
18156,2021,E02006329,2021 super output areas - middle layer,152,Other identity only,769
18157,2021,E02006329,2021 super output areas - middle layer,152,Other identity and at least one UK identity,231
18158,2021,E02006329,2021 super output areas - middle layer,152,Non-UK identity only,829
18159,2021,E02006329,2021 super output areas - middle layer,152,UK identity and non-UK identity,251
18160,2021,E02006330,2021 super output areas - middle layer,152,Total: All usual residents,9927
18161,2021,E02006330,2021 super output areas - middle layer,152,British only identity,5616
18162,2021,E02006330,2021 super output areas - middle layer,152,English only identity,1539
18163,2021,E02006330,2021 super output areas - middle layer,152,English and British only identity,1413
18164,2021,E02006330,2021 super output areas - middle layer,152,Welsh only identity,27
18165,2021,E02006330,2021 super output areas - middle layer,152,Welsh and British only identity,25
18166,2021,E02006330,2021 super output areas - middle layer,152,Any other combination of only UK identities,111
18167,2021,E02006330,2021 super output areas - middle layer,152,Scottish only identity,37
18168,2021,E02006330,2021 super output areas - middle layer,152,Scottish and British only identity,24
18169,2021,E02006330,2021 super output areas - middle layer,152,Northern Irish only identity,20
18170,2021,E02006330,2021 super output areas - middle layer,152,Northern Irish and British only identity,9
18171,2021,E02006330,2021 super output areas - middle layer,152,Cornish only identity,0
18172,2021,E02006330,2021 super output areas - middle layer,152,Cornish and British only identity,0
18173,2021,E02006330,2021 super output areas - middle layer,152,Any other combination of only UK identities ,21
18174,2021,E02006330,2021 super output areas - middle layer,152,Irish only identity,86
18175,2021,E02006330,2021 super output areas - middle layer,152,Irish and at least one UK identity,8
18176,2021,E02006330,2021 super output areas - middle layer,152,Other identity only,795
18177,2021,E02006330,2021 super output areas - middle layer,152,Other identity and at least one UK identity,307
18178,2021,E02006330,2021 super output areas - middle layer,152,Non-UK identity only,881
18179,2021,E02006330,2021 super output areas - middle layer,152,UK identity and non-UK identity,315
18180,2021,E02006331,2021 super output areas - middle layer,152,Total: All usual residents,7262
18181,2021,E02006331,2021 super output areas - middle layer,152,British only identity,4543
18182,2021,E02006331,2021 super output areas - middle layer,152,English only identity,916
18183,2021,E02006331,2021 super output areas - middle layer,152,English and British only identity,951
18184,2021,E02006331,2021 super output areas - middle layer,152,Welsh only identity,25
18185,2021,E02006331,2021 super output areas - middle layer,152,Welsh and British only identity,21
18186,2021,E02006331,2021 super output areas - middle layer,152,Any other combination of only UK identities,115
18187,2021,E02006331,2021 super output areas - middle layer,152,Scottish only identity,38
18188,2021,E02006331,2021 super output areas - middle layer,152,Scottish and British only identity,28
18189,2021,E02006331,2021 super output areas - middle layer,152,Northern Irish only identity,13
18190,2021,E02006331,2021 super output areas - middle layer,152,Northern Irish and British only identity,8
18191,2021,E02006331,2021 super output areas - middle layer,152,Cornish only identity,1
18192,2021,E02006331,2021 super output areas - middle layer,152,Cornish and British only identity,0
18193,2021,E02006331,2021 super output areas - middle layer,152,Any other combination of only UK identities ,27
18194,2021,E02006331,2021 super output areas - middle layer,152,Irish only identity,58
18195,2021,E02006331,2021 super output areas - middle layer,152,Irish and at least one UK identity,4
18196,2021,E02006331,2021 super output areas - middle layer,152,Other identity only,390
18197,2021,E02006331,2021 super output areas - middle layer,152,Other identity and at least one UK identity,239
18198,2021,E02006331,2021 super output areas - middle layer,152,Non-UK identity only,448
18199,2021,E02006331,2021 super output areas - middle layer,152,UK identity and non-UK identity,243
18200,2021,E02006332,2021 super output areas - middle layer,152,Total: All usual residents,6651
18201,2021,E02006332,2021 super output areas - middle layer,152,British only identity,3779
18202,2021,E02006332,2021 super output areas - middle layer,152,English only identity,760
18203,2021,E02006332,2021 super output areas - middle layer,152,English and British only identity,723
18204,2021,E02006332,2021 super output areas - middle layer,152,Welsh only identity,20
18205,2021,E02006332,2021 super output areas - middle layer,152,Welsh and British only identity,19
18206,2021,E02006332,2021 super output areas - middle layer,152,Any other combination of only UK identities,104
18207,2021,E02006332,2021 super output areas - middle layer,152,Scottish only identity,34
18208,2021,E02006332,2021 super output areas - middle layer,152,Scottish and British only identity,28
18209,2021,E02006332,2021 super output areas - middle layer,152,Northern Irish only identity,16
18210,2021,E02006332,2021 super output areas - middle layer,152,Northern Irish and British only identity,5
18211,2021,E02006332,2021 super output areas - middle layer,152,Cornish only identity,1
18212,2021,E02006332,2021 super output areas - middle layer,152,Cornish and British only identity,0
18213,2021,E02006332,2021 super output areas - middle layer,152,Any other combination of only UK identities ,20
18214,2021,E02006332,2021 super output areas - middle layer,152,Irish only identity,78
18215,2021,E02006332,2021 super output areas - middle layer,152,Irish and at least one UK identity,12
18216,2021,E02006332,2021 super output areas - middle layer,152,Other identity only,906
18217,2021,E02006332,2021 super output areas - middle layer,152,Other identity and at least one UK identity,250
18218,2021,E02006332,2021 super output areas - middle layer,152,Non-UK identity only,984
18219,2021,E02006332,2021 super output areas - middle layer,152,UK identity and non-UK identity,262
18220,2021,E02006333,2021 super output areas - middle layer,152,Total: All usual residents,9942
18221,2021,E02006333,2021 super output areas - middle layer,152,British only identity,5522
18222,2021,E02006333,2021 super output areas - middle layer,152,English only identity,1166
18223,2021,E02006333,2021 super output areas - middle layer,152,English and British only identity,1157
18224,2021,E02006333,2021 super output areas - middle layer,152,Welsh only identity,47
18225,2021,E02006333,2021 super output areas - middle layer,152,Welsh and British only identity,16
18226,2021,E02006333,2021 super output areas - middle layer,152,Any other combination of only UK identities,129
18227,2021,E02006333,2021 super output areas - middle layer,152,Scottish only identity,40
18228,2021,E02006333,2021 super output areas - middle layer,152,Scottish and British only identity,34
18229,2021,E02006333,2021 super output areas - middle layer,152,Northern Irish only identity,16
18230,2021,E02006333,2021 super output areas - middle layer,152,Northern Irish and British only identity,9
18231,2021,E02006333,2021 super output areas - middle layer,152,Cornish only identity,5
18232,2021,E02006333,2021 super output areas - middle layer,152,Cornish and British only identity,0
18233,2021,E02006333,2021 super output areas - middle layer,152,Any other combination of only UK identities ,25
18234,2021,E02006333,2021 super output areas - middle layer,152,Irish only identity,100
18235,2021,E02006333,2021 super output areas - middle layer,152,Irish and at least one UK identity,14
18236,2021,E02006333,2021 super output areas - middle layer,152,Other identity only,1437
18237,2021,E02006333,2021 super output areas - middle layer,152,Other identity and at least one UK identity,354
18238,2021,E02006333,2021 super output areas - middle layer,152,Non-UK identity only,1537
18239,2021,E02006333,2021 super output areas - middle layer,152,UK identity and non-UK identity,368
18240,2021,E02006334,2021 super output areas - middle layer,152,Total: All usual residents,8546
18241,2021,E02006334,2021 super output areas - middle layer,152,British only identity,4985
18242,2021,E02006334,2021 super output areas - middle layer,152,English only identity,913
18243,2021,E02006334,2021 super output areas - middle layer,152,English and British only identity,1089
18244,2021,E02006334,2021 super output areas - middle layer,152,Welsh only identity,57
18245,2021,E02006334,2021 super output areas - middle layer,152,Welsh and British only identity,29
18246,2021,E02006334,2021 super output areas - middle layer,152,Any other combination of only UK identities,137
18247,2021,E02006334,2021 super output areas - middle layer,152,Scottish only identity,43
18248,2021,E02006334,2021 super output areas - middle layer,152,Scottish and British only identity,35
18249,2021,E02006334,2021 super output areas - middle layer,152,Northern Irish only identity,14
18250,2021,E02006334,2021 super output areas - middle layer,152,Northern Irish and British only identity,5
18251,2021,E02006334,2021 super output areas - middle layer,152,Cornish only identity,3
18252,2021,E02006334,2021 super output areas - middle layer,152,Cornish and British only identity,0
18253,2021,E02006334,2021 super output areas - middle layer,152,Any other combination of only UK identities ,37
18254,2021,E02006334,2021 super output areas - middle layer,152,Irish only identity,79
18255,2021,E02006334,2021 super output areas - middle layer,152,Irish and at least one UK identity,8
18256,2021,E02006334,2021 super output areas - middle layer,152,Other identity only,953
18257,2021,E02006334,2021 super output areas - middle layer,152,Other identity and at least one UK identity,296
18258,2021,E02006334,2021 super output areas - middle layer,152,Non-UK identity only,1032
18259,2021,E02006334,2021 super output areas - middle layer,152,UK identity and non-UK identity,304
18260,2021,E02006335,2021 super output areas - middle layer,152,Total: All usual residents,7914
18261,2021,E02006335,2021 super output areas - middle layer,152,British only identity,4573
18262,2021,E02006335,2021 super output areas - middle layer,152,English only identity,1246
18263,2021,E02006335,2021 super output areas - middle layer,152,English and British only identity,872
18264,2021,E02006335,2021 super output areas - middle layer,152,Welsh only identity,25
18265,2021,E02006335,2021 super output areas - middle layer,152,Welsh and British only identity,9
18266,2021,E02006335,2021 super output areas - middle layer,152,Any other combination of only UK identities,57
18267,2021,E02006335,2021 super output areas - middle layer,152,Scottish only identity,25
18268,2021,E02006335,2021 super output areas - middle layer,152,Scottish and British only identity,9
18269,2021,E02006335,2021 super output areas - middle layer,152,Northern Irish only identity,9
18270,2021,E02006335,2021 super output areas - middle layer,152,Northern Irish and British only identity,5
18271,2021,E02006335,2021 super output areas - middle layer,152,Cornish only identity,0
18272,2021,E02006335,2021 super output areas - middle layer,152,Cornish and British only identity,1
18273,2021,E02006335,2021 super output areas - middle layer,152,Any other combination of only UK identities ,8
18274,2021,E02006335,2021 super output areas - middle layer,152,Irish only identity,77
18275,2021,E02006335,2021 super output areas - middle layer,152,Irish and at least one UK identity,11
18276,2021,E02006335,2021 super output areas - middle layer,152,Other identity only,757
18277,2021,E02006335,2021 super output areas - middle layer,152,Other identity and at least one UK identity,287
18278,2021,E02006335,2021 super output areas - middle layer,152,Non-UK identity only,834
18279,2021,E02006335,2021 super output areas - middle layer,152,UK identity and non-UK identity,298
18280,2021,E02006336,2021 super output areas - middle layer,152,Total: All usual residents,7170
18281,2021,E02006336,2021 super output areas - middle layer,152,British only identity,4080
18282,2021,E02006336,2021 super output areas - middle layer,152,English only identity,1193
18283,2021,E02006336,2021 super output areas - middle layer,152,English and British only identity,920
18284,2021,E02006336,2021 super output areas - middle layer,152,Welsh only identity,10
18285,2021,E02006336,2021 super output areas - middle layer,152,Welsh and British only identity,4
18286,2021,E02006336,2021 super output areas - middle layer,152,Any other combination of only UK identities,63
18287,2021,E02006336,2021 super output areas - middle layer,152,Scottish only identity,30
18288,2021,E02006336,2021 super output areas - middle layer,152,Scottish and British only identity,6
18289,2021,E02006336,2021 super output areas - middle layer,152,Northern Irish only identity,12
18290,2021,E02006336,2021 super output areas - middle layer,152,Northern Irish and British only identity,3
18291,2021,E02006336,2021 super output areas - middle layer,152,Cornish only identity,0
18292,2021,E02006336,2021 super output areas - middle layer,152,Cornish and British only identity,0
18293,2021,E02006336,2021 super output areas - middle layer,152,Any other combination of only UK identities ,12
18294,2021,E02006336,2021 super output areas - middle layer,152,Irish only identity,24
18295,2021,E02006336,2021 super output areas - middle layer,152,Irish and at least one UK identity,4
18296,2021,E02006336,2021 super output areas - middle layer,152,Other identity only,670
18297,2021,E02006336,2021 super output areas - middle layer,152,Other identity and at least one UK identity,202
18298,2021,E02006336,2021 super output areas - middle layer,152,Non-UK identity only,694
18299,2021,E02006336,2021 super output areas - middle layer,152,UK identity and non-UK identity,206
18300,2021,E02006337,2021 super output areas - middle layer,152,Total: All usual residents,8871
18301,2021,E02006337,2021 super output areas - middle layer,152,British only identity,5179
18302,2021,E02006337,2021 super output areas - middle layer,152,English only identity,1582
18303,2021,E02006337,2021 super output areas - middle layer,152,English and British only identity,1060
18304,2021,E02006337,2021 super output areas - middle layer,152,Welsh only identity,32
18305,2021,E02006337,2021 super output areas - middle layer,152,Welsh and British only identity,13
18306,2021,E02006337,2021 super output areas - middle layer,152,Any other combination of only UK identities,86
18307,2021,E02006337,2021 super output areas - middle layer,152,Scottish only identity,42
18308,2021,E02006337,2021 super output areas - middle layer,152,Scottish and British only identity,17
18309,2021,E02006337,2021 super output areas - middle layer,152,Northern Irish only identity,4
18310,2021,E02006337,2021 super output areas - middle layer,152,Northern Irish and British only identity,1
18311,2021,E02006337,2021 super output areas - middle layer,152,Cornish only identity,4
18312,2021,E02006337,2021 super output areas - middle layer,152,Cornish and British only identity,0
18313,2021,E02006337,2021 super output areas - middle layer,152,Any other combination of only UK identities ,18
18314,2021,E02006337,2021 super output areas - middle layer,152,Irish only identity,72
18315,2021,E02006337,2021 super output areas - middle layer,152,Irish and at least one UK identity,9
18316,2021,E02006337,2021 super output areas - middle layer,152,Other identity only,602
18317,2021,E02006337,2021 super output areas - middle layer,152,Other identity and at least one UK identity,236
18318,2021,E02006337,2021 super output areas - middle layer,152,Non-UK identity only,674
18319,2021,E02006337,2021 super output areas - middle layer,152,UK identity and non-UK identity,245
18320,2021,E02006338,2021 super output areas - middle layer,152,Total: All usual residents,6787
18321,2021,E02006338,2021 super output areas - middle layer,152,British only identity,3923
18322,2021,E02006338,2021 super output areas - middle layer,152,English only identity,1133
18323,2021,E02006338,2021 super output areas - middle layer,152,English and British only identity,908
18324,2021,E02006338,2021 super output areas - middle layer,152,Welsh only identity,29
18325,2021,E02006338,2021 super output areas - middle layer,152,Welsh and British only identity,12
18326,2021,E02006338,2021 super output areas - middle layer,152,Any other combination of only UK identities,56
18327,2021,E02006338,2021 super output areas - middle layer,152,Scottish only identity,23
18328,2021,E02006338,2021 super output areas - middle layer,152,Scottish and British only identity,12
18329,2021,E02006338,2021 super output areas - middle layer,152,Northern Irish only identity,6
18330,2021,E02006338,2021 super output areas - middle layer,152,Northern Irish and British only identity,3
18331,2021,E02006338,2021 super output areas - middle layer,152,Cornish only identity,0
18332,2021,E02006338,2021 super output areas - middle layer,152,Cornish and British only identity,0
18333,2021,E02006338,2021 super output areas - middle layer,152,Any other combination of only UK identities ,12
18334,2021,E02006338,2021 super output areas - middle layer,152,Irish only identity,61
18335,2021,E02006338,2021 super output areas - middle layer,152,Irish and at least one UK identity,14
18336,2021,E02006338,2021 super output areas - middle layer,152,Other identity only,496
18337,2021,E02006338,2021 super output areas - middle layer,152,Other identity and at least one UK identity,155
18338,2021,E02006338,2021 super output areas - middle layer,152,Non-UK identity only,557
18339,2021,E02006338,2021 super output areas - middle layer,152,UK identity and non-UK identity,169
18340,2021,E02006339,2021 super output areas - middle layer,152,Total: All usual residents,10910
18341,2021,E02006339,2021 super output areas - middle layer,152,British only identity,6244
18342,2021,E02006339,2021 super output areas - middle layer,152,English only identity,1474
18343,2021,E02006339,2021 super output areas - middle layer,152,English and British only identity,1263
18344,2021,E02006339,2021 super output areas - middle layer,152,Welsh only identity,36
18345,2021,E02006339,2021 super output areas - middle layer,152,Welsh and British only identity,8
18346,2021,E02006339,2021 super output areas - middle layer,152,Any other combination of only UK identities,99
18347,2021,E02006339,2021 super output areas - middle layer,152,Scottish only identity,41
18348,2021,E02006339,2021 super output areas - middle layer,152,Scottish and British only identity,18
18349,2021,E02006339,2021 super output areas - middle layer,152,Northern Irish only identity,13
18350,2021,E02006339,2021 super output areas - middle layer,152,Northern Irish and British only identity,6
18351,2021,E02006339,2021 super output areas - middle layer,152,Cornish only identity,1
18352,2021,E02006339,2021 super output areas - middle layer,152,Cornish and British only identity,0
18353,2021,E02006339,2021 super output areas - middle layer,152,Any other combination of only UK identities ,20
18354,2021,E02006339,2021 super output areas - middle layer,152,Irish only identity,70
18355,2021,E02006339,2021 super output areas - middle layer,152,Irish and at least one UK identity,24
18356,2021,E02006339,2021 super output areas - middle layer,152,Other identity only,1318
18357,2021,E02006339,2021 super output areas - middle layer,152,Other identity and at least one UK identity,374
18358,2021,E02006339,2021 super output areas - middle layer,152,Non-UK identity only,1388
18359,2021,E02006339,2021 super output areas - middle layer,152,UK identity and non-UK identity,398
18360,2021,E02006341,2021 super output areas - middle layer,152,Total: All usual residents,10249
18361,2021,E02006341,2021 super output areas - middle layer,152,British only identity,5845
18362,2021,E02006341,2021 super output areas - middle layer,152,English only identity,1350
18363,2021,E02006341,2021 super output areas - middle layer,152,English and British only identity,1266
18364,2021,E02006341,2021 super output areas - middle layer,152,Welsh only identity,37
18365,2021,E02006341,2021 super output areas - middle layer,152,Welsh and British only identity,20
18366,2021,E02006341,2021 super output areas - middle layer,152,Any other combination of only UK identities,104
18367,2021,E02006341,2021 super output areas - middle layer,152,Scottish only identity,38
18368,2021,E02006341,2021 super output areas - middle layer,152,Scottish and British only identity,11
18369,2021,E02006341,2021 super output areas - middle layer,152,Northern Irish only identity,18
18370,2021,E02006341,2021 super output areas - middle layer,152,Northern Irish and British only identity,7
18371,2021,E02006341,2021 super output areas - middle layer,152,Cornish only identity,2
18372,2021,E02006341,2021 super output areas - middle layer,152,Cornish and British only identity,1
18373,2021,E02006341,2021 super output areas - middle layer,152,Any other combination of only UK identities ,27
18374,2021,E02006341,2021 super output areas - middle layer,152,Irish only identity,123
18375,2021,E02006341,2021 super output areas - middle layer,152,Irish and at least one UK identity,28
18376,2021,E02006341,2021 super output areas - middle layer,152,Other identity only,1137
18377,2021,E02006341,2021 super output areas - middle layer,152,Other identity and at least one UK identity,339
18378,2021,E02006341,2021 super output areas - middle layer,152,Non-UK identity only,1260
18379,2021,E02006341,2021 super output areas - middle layer,152,UK identity and non-UK identity,367
18380,2021,E02006342,2021 super output areas - middle layer,152,Total: All usual residents,8197
18381,2021,E02006342,2021 super output areas - middle layer,152,British only identity,4517
18382,2021,E02006342,2021 super output areas - middle layer,152,English only identity,929
18383,2021,E02006342,2021 super output areas - middle layer,152,English and British only identity,939
18384,2021,E02006342,2021 super output areas - middle layer,152,Welsh only identity,31
18385,2021,E02006342,2021 super output areas - middle layer,152,Welsh and British only identity,31
18386,2021,E02006342,2021 super output areas - middle layer,152,Any other combination of only UK identities,102
18387,2021,E02006342,2021 super output areas - middle layer,152,Scottish only identity,46
18388,2021,E02006342,2021 super output areas - middle layer,152,Scottish and British only identity,22
18389,2021,E02006342,2021 super output areas - middle layer,152,Northern Irish only identity,11
18390,2021,E02006342,2021 super output areas - middle layer,152,Northern Irish and British only identity,6
18391,2021,E02006342,2021 super output areas - middle layer,152,Cornish only identity,1
18392,2021,E02006342,2021 super output areas - middle layer,152,Cornish and British only identity,0
18393,2021,E02006342,2021 super output areas - middle layer,152,Any other combination of only UK identities ,16
18394,2021,E02006342,2021 super output areas - middle layer,152,Irish only identity,59
18395,2021,E02006342,2021 super output areas - middle layer,152,Irish and at least one UK identity,20
18396,2021,E02006342,2021 super output areas - middle layer,152,Other identity only,1279
18397,2021,E02006342,2021 super output areas - middle layer,152,Other identity and at least one UK identity,290
18398,2021,E02006342,2021 super output areas - middle layer,152,Non-UK identity only,1338
18399,2021,E02006342,2021 super output areas - middle layer,152,UK identity and non-UK identity,310
18400,2021,E02006343,2021 super output areas - middle layer,152,Total: All usual residents,9057
18401,2021,E02006343,2021 super output areas - middle layer,152,British only identity,5386
18402,2021,E02006343,2021 super output areas - middle layer,152,English only identity,1408
18403,2021,E02006343,2021 super output areas - middle layer,152,English and British only identity,1220
18404,2021,E02006343,2021 super output areas - middle layer,152,Welsh only identity,35
18405,2021,E02006343,2021 super output areas - middle layer,152,Welsh and British only identity,17
18406,2021,E02006343,2021 super output areas - middle layer,152,Any other combination of only UK identities,124
18407,2021,E02006343,2021 super output areas - middle layer,152,Scottish only identity,41
18408,2021,E02006343,2021 super output areas - middle layer,152,Scottish and British only identity,32
18409,2021,E02006343,2021 super output areas - middle layer,152,Northern Irish only identity,11
18410,2021,E02006343,2021 super output areas - middle layer,152,Northern Irish and British only identity,4
18411,2021,E02006343,2021 super output areas - middle layer,152,Cornish only identity,3
18412,2021,E02006343,2021 super output areas - middle layer,152,Cornish and British only identity,3
18413,2021,E02006343,2021 super output areas - middle layer,152,Any other combination of only UK identities ,30
18414,2021,E02006343,2021 super output areas - middle layer,152,Irish only identity,69
18415,2021,E02006343,2021 super output areas - middle layer,152,Irish and at least one UK identity,21
18416,2021,E02006343,2021 super output areas - middle layer,152,Other identity only,573
18417,2021,E02006343,2021 super output areas - middle layer,152,Other identity and at least one UK identity,204
18418,2021,E02006343,2021 super output areas - middle layer,152,Non-UK identity only,642
18419,2021,E02006343,2021 super output areas - middle layer,152,UK identity and non-UK identity,225
18420,2021,E02006837,2021 super output areas - middle layer,152,Total: All usual residents,11782
18421,2021,E02006837,2021 super output areas - middle layer,152,British only identity,7097
18422,2021,E02006837,2021 super output areas - middle layer,152,English only identity,1717
18423,2021,E02006837,2021 super output areas - middle layer,152,English and British only identity,1392
18424,2021,E02006837,2021 super output areas - middle layer,152,Welsh only identity,40
18425,2021,E02006837,2021 super output areas - middle layer,152,Welsh and British only identity,16
18426,2021,E02006837,2021 super output areas - middle layer,152,Any other combination of only UK identities,136
18427,2021,E02006837,2021 super output areas - middle layer,152,Scottish only identity,53
18428,2021,E02006837,2021 super output areas - middle layer,152,Scottish and British only identity,30
18429,2021,E02006837,2021 super output areas - middle layer,152,Northern Irish only identity,15
18430,2021,E02006837,2021 super output areas - middle layer,152,Northern Irish and British only identity,11
18431,2021,E02006837,2021 super output areas - middle layer,152,Cornish only identity,1
18432,2021,E02006837,2021 super output areas - middle layer,152,Cornish and British only identity,0
18433,2021,E02006837,2021 super output areas - middle layer,152,Any other combination of only UK identities ,26
18434,2021,E02006837,2021 super output areas - middle layer,152,Irish only identity,96
18435,2021,E02006837,2021 super output areas - middle layer,152,Irish and at least one UK identity,19
18436,2021,E02006837,2021 super output areas - middle layer,152,Other identity only,897
18437,2021,E02006837,2021 super output areas - middle layer,152,Other identity and at least one UK identity,372
18438,2021,E02006837,2021 super output areas - middle layer,152,Non-UK identity only,993
18439,2021,E02006837,2021 super output areas - middle layer,152,UK identity and non-UK identity,391
18440,2021,E02006344,2021 super output areas - middle layer,152,Total: All usual residents,8520
18441,2021,E02006344,2021 super output areas - middle layer,152,British only identity,5117
18442,2021,E02006344,2021 super output areas - middle layer,152,English only identity,1356
18443,2021,E02006344,2021 super output areas - middle layer,152,English and British only identity,1299
18444,2021,E02006344,2021 super output areas - middle layer,152,Welsh only identity,34
18445,2021,E02006344,2021 super output areas - middle layer,152,Welsh and British only identity,32
18446,2021,E02006344,2021 super output areas - middle layer,152,Any other combination of only UK identities,106
18447,2021,E02006344,2021 super output areas - middle layer,152,Scottish only identity,38
18448,2021,E02006344,2021 super output areas - middle layer,152,Scottish and British only identity,26
18449,2021,E02006344,2021 super output areas - middle layer,152,Northern Irish only identity,5
18450,2021,E02006344,2021 super output areas - middle layer,152,Northern Irish and British only identity,5
18451,2021,E02006344,2021 super output areas - middle layer,152,Cornish only identity,0
18452,2021,E02006344,2021 super output areas - middle layer,152,Cornish and British only identity,0
18453,2021,E02006344,2021 super output areas - middle layer,152,Any other combination of only UK identities ,32
18454,2021,E02006344,2021 super output areas - middle layer,152,Irish only identity,46
18455,2021,E02006344,2021 super output areas - middle layer,152,Irish and at least one UK identity,8
18456,2021,E02006344,2021 super output areas - middle layer,152,Other identity only,377
18457,2021,E02006344,2021 super output areas - middle layer,152,Other identity and at least one UK identity,145
18458,2021,E02006344,2021 super output areas - middle layer,152,Non-UK identity only,423
18459,2021,E02006344,2021 super output areas - middle layer,152,UK identity and non-UK identity,153
18460,2021,E02006345,2021 super output areas - middle layer,152,Total: All usual residents,7677
18461,2021,E02006345,2021 super output areas - middle layer,152,British only identity,4548
18462,2021,E02006345,2021 super output areas - middle layer,152,English only identity,1082
18463,2021,E02006345,2021 super output areas - middle layer,152,English and British only identity,1189
18464,2021,E02006345,2021 super output areas - middle layer,152,Welsh only identity,89
18465,2021,E02006345,2021 super output areas - middle layer,152,Welsh and British only identity,24
18466,2021,E02006345,2021 super output areas - middle layer,152,Any other combination of only UK identities,145
18467,2021,E02006345,2021 super output areas - middle layer,152,Scottish only identity,66
18468,2021,E02006345,2021 super output areas - middle layer,152,Scottish and British only identity,26
18469,2021,E02006345,2021 super output areas - middle layer,152,Northern Irish only identity,10
18470,2021,E02006345,2021 super output areas - middle layer,152,Northern Irish and British only identity,17
18471,2021,E02006345,2021 super output areas - middle layer,152,Cornish only identity,1
18472,2021,E02006345,2021 super output areas - middle layer,152,Cornish and British only identity,0
18473,2021,E02006345,2021 super output areas - middle layer,152,Any other combination of only UK identities ,25
18474,2021,E02006345,2021 super output areas - middle layer,152,Irish only identity,38
18475,2021,E02006345,2021 super output areas - middle layer,152,Irish and at least one UK identity,7
18476,2021,E02006345,2021 super output areas - middle layer,152,Other identity only,408
18477,2021,E02006345,2021 super output areas - middle layer,152,Other identity and at least one UK identity,147
18478,2021,E02006345,2021 super output areas - middle layer,152,Non-UK identity only,446
18479,2021,E02006345,2021 super output areas - middle layer,152,UK identity and non-UK identity,154
18480,2021,E02006346,2021 super output areas - middle layer,152,Total: All usual residents,9922
18481,2021,E02006346,2021 super output areas - middle layer,152,British only identity,6191
18482,2021,E02006346,2021 super output areas - middle layer,152,English only identity,1436
18483,2021,E02006346,2021 super output areas - middle layer,152,English and British only identity,1377
18484,2021,E02006346,2021 super output areas - middle layer,152,Welsh only identity,46
18485,2021,E02006346,2021 super output areas - middle layer,152,Welsh and British only identity,24
18486,2021,E02006346,2021 super output areas - middle layer,152,Any other combination of only UK identities,136
18487,2021,E02006346,2021 super output areas - middle layer,152,Scottish only identity,33
18488,2021,E02006346,2021 super output areas - middle layer,152,Scottish and British only identity,42
18489,2021,E02006346,2021 super output areas - middle layer,152,Northern Irish only identity,14
18490,2021,E02006346,2021 super output areas - middle layer,152,Northern Irish and British only identity,14
18491,2021,E02006346,2021 super output areas - middle layer,152,Cornish only identity,0
18492,2021,E02006346,2021 super output areas - middle layer,152,Cornish and British only identity,0
18493,2021,E02006346,2021 super output areas - middle layer,152,Any other combination of only UK identities ,33
18494,2021,E02006346,2021 super output areas - middle layer,152,Irish only identity,77
18495,2021,E02006346,2021 super output areas - middle layer,152,Irish and at least one UK identity,15
18496,2021,E02006346,2021 super output areas - middle layer,152,Other identity only,454
18497,2021,E02006346,2021 super output areas - middle layer,152,Other identity and at least one UK identity,166
18498,2021,E02006346,2021 super output areas - middle layer,152,Non-UK identity only,531
18499,2021,E02006346,2021 super output areas - middle layer,152,UK identity and non-UK identity,181
18500,2021,E02006347,2021 super output areas - middle layer,152,Total: All usual residents,7127
18501,2021,E02006347,2021 super output areas - middle layer,152,British only identity,3963
18502,2021,E02006347,2021 super output areas - middle layer,152,English only identity,1393
18503,2021,E02006347,2021 super output areas - middle layer,152,English and British only identity,1102
18504,2021,E02006347,2021 super output areas - middle layer,152,Welsh only identity,33
18505,2021,E02006347,2021 super output areas - middle layer,152,Welsh and British only identity,14
18506,2021,E02006347,2021 super output areas - middle layer,152,Any other combination of only UK identities,89
18507,2021,E02006347,2021 super output areas - middle layer,152,Scottish only identity,38
18508,2021,E02006347,2021 super output areas - middle layer,152,Scottish and British only identity,21
18509,2021,E02006347,2021 super output areas - middle layer,152,Northern Irish only identity,6
18510,2021,E02006347,2021 super output areas - middle layer,152,Northern Irish and British only identity,8
18511,2021,E02006347,2021 super output areas - middle layer,152,Cornish only identity,1
18512,2021,E02006347,2021 super output areas - middle layer,152,Cornish and British only identity,1
18513,2021,E02006347,2021 super output areas - middle layer,152,Any other combination of only UK identities ,14
18514,2021,E02006347,2021 super output areas - middle layer,152,Irish only identity,29
18515,2021,E02006347,2021 super output areas - middle layer,152,Irish and at least one UK identity,5
18516,2021,E02006347,2021 super output areas - middle layer,152,Other identity only,353
18517,2021,E02006347,2021 super output areas - middle layer,152,Other identity and at least one UK identity,146
18518,2021,E02006347,2021 super output areas - middle layer,152,Non-UK identity only,382
18519,2021,E02006347,2021 super output areas - middle layer,152,UK identity and non-UK identity,151
18520,2021,E02006348,2021 super output areas - middle layer,152,Total: All usual residents,8461
18521,2021,E02006348,2021 super output areas - middle layer,152,British only identity,4633
18522,2021,E02006348,2021 super output areas - middle layer,152,English only identity,1344
18523,2021,E02006348,2021 super output areas - middle layer,152,English and British only identity,1322
18524,2021,E02006348,2021 super output areas - middle layer,152,Welsh only identity,43
18525,2021,E02006348,2021 super output areas - middle layer,152,Welsh and British only identity,18
18526,2021,E02006348,2021 super output areas - middle layer,152,Any other combination of only UK identities,96
18527,2021,E02006348,2021 super output areas - middle layer,152,Scottish only identity,31
18528,2021,E02006348,2021 super output areas - middle layer,152,Scottish and British only identity,29
18529,2021,E02006348,2021 super output areas - middle layer,152,Northern Irish only identity,16
18530,2021,E02006348,2021 super output areas - middle layer,152,Northern Irish and British only identity,3
18531,2021,E02006348,2021 super output areas - middle layer,152,Cornish only identity,2
18532,2021,E02006348,2021 super output areas - middle layer,152,Cornish and British only identity,0
18533,2021,E02006348,2021 super output areas - middle layer,152,Any other combination of only UK identities ,15
18534,2021,E02006348,2021 super output areas - middle layer,152,Irish only identity,40
18535,2021,E02006348,2021 super output areas - middle layer,152,Irish and at least one UK identity,11
18536,2021,E02006348,2021 super output areas - middle layer,152,Other identity only,761
18537,2021,E02006348,2021 super output areas - middle layer,152,Other identity and at least one UK identity,193
18538,2021,E02006348,2021 super output areas - middle layer,152,Non-UK identity only,801
18539,2021,E02006348,2021 super output areas - middle layer,152,UK identity and non-UK identity,204
18540,2021,E02006349,2021 super output areas - middle layer,152,Total: All usual residents,8002
18541,2021,E02006349,2021 super output areas - middle layer,152,British only identity,4517
18542,2021,E02006349,2021 super output areas - middle layer,152,English only identity,943
18543,2021,E02006349,2021 super output areas - middle layer,152,English and British only identity,1096
18544,2021,E02006349,2021 super output areas - middle layer,152,Welsh only identity,25
18545,2021,E02006349,2021 super output areas - middle layer,152,Welsh and British only identity,24
18546,2021,E02006349,2021 super output areas - middle layer,152,Any other combination of only UK identities,87
18547,2021,E02006349,2021 super output areas - middle layer,152,Scottish only identity,27
18548,2021,E02006349,2021 super output areas - middle layer,152,Scottish and British only identity,15
18549,2021,E02006349,2021 super output areas - middle layer,152,Northern Irish only identity,16
18550,2021,E02006349,2021 super output areas - middle layer,152,Northern Irish and British only identity,8
18551,2021,E02006349,2021 super output areas - middle layer,152,Cornish only identity,1
18552,2021,E02006349,2021 super output areas - middle layer,152,Cornish and British only identity,0
18553,2021,E02006349,2021 super output areas - middle layer,152,Any other combination of only UK identities ,20
18554,2021,E02006349,2021 super output areas - middle layer,152,Irish only identity,48
18555,2021,E02006349,2021 super output areas - middle layer,152,Irish and at least one UK identity,6
18556,2021,E02006349,2021 super output areas - middle layer,152,Other identity only,971
18557,2021,E02006349,2021 super output areas - middle layer,152,Other identity and at least one UK identity,285
18558,2021,E02006349,2021 super output areas - middle layer,152,Non-UK identity only,1019
18559,2021,E02006349,2021 super output areas - middle layer,152,UK identity and non-UK identity,291
18560,2021,E02006350,2021 super output areas - middle layer,152,Total: All usual residents,6376
18561,2021,E02006350,2021 super output areas - middle layer,152,British only identity,3647
18562,2021,E02006350,2021 super output areas - middle layer,152,English only identity,957
18563,2021,E02006350,2021 super output areas - middle layer,152,English and British only identity,897
18564,2021,E02006350,2021 super output areas - middle layer,152,Welsh only identity,12
18565,2021,E02006350,2021 super output areas - middle layer,152,Welsh and British only identity,6
18566,2021,E02006350,2021 super output areas - middle layer,152,Any other combination of only UK identities,38
18567,2021,E02006350,2021 super output areas - middle layer,152,Scottish only identity,12
18568,2021,E02006350,2021 super output areas - middle layer,152,Scottish and British only identity,10
18569,2021,E02006350,2021 super output areas - middle layer,152,Northern Irish only identity,5
18570,2021,E02006350,2021 super output areas - middle layer,152,Northern Irish and British only identity,3
18571,2021,E02006350,2021 super output areas - middle layer,152,Cornish only identity,0
18572,2021,E02006350,2021 super output areas - middle layer,152,Cornish and British only identity,0
18573,2021,E02006350,2021 super output areas - middle layer,152,Any other combination of only UK identities ,8
18574,2021,E02006350,2021 super output areas - middle layer,152,Irish only identity,20
18575,2021,E02006350,2021 super output areas - middle layer,152,Irish and at least one UK identity,3
18576,2021,E02006350,2021 super output areas - middle layer,152,Other identity only,646
18577,2021,E02006350,2021 super output areas - middle layer,152,Other identity and at least one UK identity,150
18578,2021,E02006350,2021 super output areas - middle layer,152,Non-UK identity only,666
18579,2021,E02006350,2021 super output areas - middle layer,152,UK identity and non-UK identity,153
18580,2021,E02006351,2021 super output areas - middle layer,152,Total: All usual residents,8372
18581,2021,E02006351,2021 super output areas - middle layer,152,British only identity,4842
18582,2021,E02006351,2021 super output areas - middle layer,152,English only identity,1052
18583,2021,E02006351,2021 super output areas - middle layer,152,English and British only identity,1180
18584,2021,E02006351,2021 super output areas - middle layer,152,Welsh only identity,23
18585,2021,E02006351,2021 super output areas - middle layer,152,Welsh and British only identity,13
18586,2021,E02006351,2021 super output areas - middle layer,152,Any other combination of only UK identities,98
18587,2021,E02006351,2021 super output areas - middle layer,152,Scottish only identity,39
18588,2021,E02006351,2021 super output areas - middle layer,152,Scottish and British only identity,28
18589,2021,E02006351,2021 super output areas - middle layer,152,Northern Irish only identity,6
18590,2021,E02006351,2021 super output areas - middle layer,152,Northern Irish and British only identity,3
18591,2021,E02006351,2021 super output areas - middle layer,152,Cornish only identity,2
18592,2021,E02006351,2021 super output areas - middle layer,152,Cornish and British only identity,0
18593,2021,E02006351,2021 super output areas - middle layer,152,Any other combination of only UK identities ,20
18594,2021,E02006351,2021 super output areas - middle layer,152,Irish only identity,29
18595,2021,E02006351,2021 super output areas - middle layer,152,Irish and at least one UK identity,4
18596,2021,E02006351,2021 super output areas - middle layer,152,Other identity only,841
18597,2021,E02006351,2021 super output areas - middle layer,152,Other identity and at least one UK identity,290
18598,2021,E02006351,2021 super output areas - middle layer,152,Non-UK identity only,870
18599,2021,E02006351,2021 super output areas - middle layer,152,UK identity and non-UK identity,294
18600,2021,E02006352,2021 super output areas - middle layer,152,Total: All usual residents,6147
18601,2021,E02006352,2021 super output areas - middle layer,152,British only identity,3408
18602,2021,E02006352,2021 super output areas - middle layer,152,English only identity,834
18603,2021,E02006352,2021 super output areas - middle layer,152,English and British only identity,916
18604,2021,E02006352,2021 super output areas - middle layer,152,Welsh only identity,15
18605,2021,E02006352,2021 super output areas - middle layer,152,Welsh and British only identity,13
18606,2021,E02006352,2021 super output areas - middle layer,152,Any other combination of only UK identities,68
18607,2021,E02006352,2021 super output areas - middle layer,152,Scottish only identity,32
18608,2021,E02006352,2021 super output areas - middle layer,152,Scottish and British only identity,12
18609,2021,E02006352,2021 super output areas - middle layer,152,Northern Irish only identity,11
18610,2021,E02006352,2021 super output areas - middle layer,152,Northern Irish and British only identity,2
18611,2021,E02006352,2021 super output areas - middle layer,152,Cornish only identity,1
18612,2021,E02006352,2021 super output areas - middle layer,152,Cornish and British only identity,0
18613,2021,E02006352,2021 super output areas - middle layer,152,Any other combination of only UK identities ,10
18614,2021,E02006352,2021 super output areas - middle layer,152,Irish only identity,39
18615,2021,E02006352,2021 super output areas - middle layer,152,Irish and at least one UK identity,9
18616,2021,E02006352,2021 super output areas - middle layer,152,Other identity only,658
18617,2021,E02006352,2021 super output areas - middle layer,152,Other identity and at least one UK identity,187
18618,2021,E02006352,2021 super output areas - middle layer,152,Non-UK identity only,697
18619,2021,E02006352,2021 super output areas - middle layer,152,UK identity and non-UK identity,196
18620,2021,E02006353,2021 super output areas - middle layer,152,Total: All usual residents,6113
18621,2021,E02006353,2021 super output areas - middle layer,152,British only identity,3511
18622,2021,E02006353,2021 super output areas - middle layer,152,English only identity,1114
18623,2021,E02006353,2021 super output areas - middle layer,152,English and British only identity,961
18624,2021,E02006353,2021 super output areas - middle layer,152,Welsh only identity,5
18625,2021,E02006353,2021 super output areas - middle layer,152,Welsh and British only identity,8
18626,2021,E02006353,2021 super output areas - middle layer,152,Any other combination of only UK identities,66
18627,2021,E02006353,2021 super output areas - middle layer,152,Scottish only identity,37
18628,2021,E02006353,2021 super output areas - middle layer,152,Scottish and British only identity,11
18629,2021,E02006353,2021 super output areas - middle layer,152,Northern Irish only identity,2
18630,2021,E02006353,2021 super output areas - middle layer,152,Northern Irish and British only identity,2
18631,2021,E02006353,2021 super output areas - middle layer,152,Cornish only identity,3
18632,2021,E02006353,2021 super output areas - middle layer,152,Cornish and British only identity,0
18633,2021,E02006353,2021 super output areas - middle layer,152,Any other combination of only UK identities ,11
18634,2021,E02006353,2021 super output areas - middle layer,152,Irish only identity,30
18635,2021,E02006353,2021 super output areas - middle layer,152,Irish and at least one UK identity,5
18636,2021,E02006353,2021 super output areas - middle layer,152,Other identity only,317
18637,2021,E02006353,2021 super output areas - middle layer,152,Other identity and at least one UK identity,96
18638,2021,E02006353,2021 super output areas - middle layer,152,Non-UK identity only,347
18639,2021,E02006353,2021 super output areas - middle layer,152,UK identity and non-UK identity,101
18640,2021,E02006354,2021 super output areas - middle layer,152,Total: All usual residents,9620
18641,2021,E02006354,2021 super output areas - middle layer,152,British only identity,5574
18642,2021,E02006354,2021 super output areas - middle layer,152,English only identity,1060
18643,2021,E02006354,2021 super output areas - middle layer,152,English and British only identity,1373
18644,2021,E02006354,2021 super output areas - middle layer,152,Welsh only identity,55
18645,2021,E02006354,2021 super output areas - middle layer,152,Welsh and British only identity,21
18646,2021,E02006354,2021 super output areas - middle layer,152,Any other combination of only UK identities,165
18647,2021,E02006354,2021 super output areas - middle layer,152,Scottish only identity,51
18648,2021,E02006354,2021 super output areas - middle layer,152,Scottish and British only identity,44
18649,2021,E02006354,2021 super output areas - middle layer,152,Northern Irish only identity,18
18650,2021,E02006354,2021 super output areas - middle layer,152,Northern Irish and British only identity,11
18651,2021,E02006354,2021 super output areas - middle layer,152,Cornish only identity,2
18652,2021,E02006354,2021 super output areas - middle layer,152,Cornish and British only identity,0
18653,2021,E02006354,2021 super output areas - middle layer,152,Any other combination of only UK identities ,39
18654,2021,E02006354,2021 super output areas - middle layer,152,Irish only identity,67
18655,2021,E02006354,2021 super output areas - middle layer,152,Irish and at least one UK identity,14
18656,2021,E02006354,2021 super output areas - middle layer,152,Other identity only,916
18657,2021,E02006354,2021 super output areas - middle layer,152,Other identity and at least one UK identity,375
18658,2021,E02006354,2021 super output areas - middle layer,152,Non-UK identity only,983
18659,2021,E02006354,2021 super output areas - middle layer,152,UK identity and non-UK identity,389
18660,2021,E02006355,2021 super output areas - middle layer,152,Total: All usual residents,9753
18661,2021,E02006355,2021 super output areas - middle layer,152,British only identity,4558
18662,2021,E02006355,2021 super output areas - middle layer,152,English only identity,1026
18663,2021,E02006355,2021 super output areas - middle layer,152,English and British only identity,1546
18664,2021,E02006355,2021 super output areas - middle layer,152,Welsh only identity,41
18665,2021,E02006355,2021 super output areas - middle layer,152,Welsh and British only identity,12
18666,2021,E02006355,2021 super output areas - middle layer,152,Any other combination of only UK identities,109
18667,2021,E02006355,2021 super output areas - middle layer,152,Scottish only identity,24
18668,2021,E02006355,2021 super output areas - middle layer,152,Scottish and British only identity,11
18669,2021,E02006355,2021 super output areas - middle layer,152,Northern Irish only identity,26
18670,2021,E02006355,2021 super output areas - middle layer,152,Northern Irish and British only identity,6
18671,2021,E02006355,2021 super output areas - middle layer,152,Cornish only identity,3
18672,2021,E02006355,2021 super output areas - middle layer,152,Cornish and British only identity,0
18673,2021,E02006355,2021 super output areas - middle layer,152,Any other combination of only UK identities ,39
18674,2021,E02006355,2021 super output areas - middle layer,152,Irish only identity,33
18675,2021,E02006355,2021 super output areas - middle layer,152,Irish and at least one UK identity,6
18676,2021,E02006355,2021 super output areas - middle layer,152,Other identity only,2074
18677,2021,E02006355,2021 super output areas - middle layer,152,Other identity and at least one UK identity,348
18678,2021,E02006355,2021 super output areas - middle layer,152,Non-UK identity only,2107
18679,2021,E02006355,2021 super output areas - middle layer,152,UK identity and non-UK identity,354
18680,2021,E02006356,2021 super output areas - middle layer,152,Total: All usual residents,11451
18681,2021,E02006356,2021 super output areas - middle layer,152,British only identity,5901
18682,2021,E02006356,2021 super output areas - middle layer,152,English only identity,996
18683,2021,E02006356,2021 super output areas - middle layer,152,English and British only identity,1363
18684,2021,E02006356,2021 super output areas - middle layer,152,Welsh only identity,50
18685,2021,E02006356,2021 super output areas - middle layer,152,Welsh and British only identity,26
18686,2021,E02006356,2021 super output areas - middle layer,152,Any other combination of only UK identities,153
18687,2021,E02006356,2021 super output areas - middle layer,152,Scottish only identity,45
18688,2021,E02006356,2021 super output areas - middle layer,152,Scottish and British only identity,32
18689,2021,E02006356,2021 super output areas - middle layer,152,Northern Irish only identity,24
18690,2021,E02006356,2021 super output areas - middle layer,152,Northern Irish and British only identity,13
18691,2021,E02006356,2021 super output areas - middle layer,152,Cornish only identity,3
18692,2021,E02006356,2021 super output areas - middle layer,152,Cornish and British only identity,0
18693,2021,E02006356,2021 super output areas - middle layer,152,Any other combination of only UK identities ,36
18694,2021,E02006356,2021 super output areas - middle layer,152,Irish only identity,64
18695,2021,E02006356,2021 super output areas - middle layer,152,Irish and at least one UK identity,21
18696,2021,E02006356,2021 super output areas - middle layer,152,Other identity only,2413
18697,2021,E02006356,2021 super output areas - middle layer,152,Other identity and at least one UK identity,464
18698,2021,E02006356,2021 super output areas - middle layer,152,Non-UK identity only,2477
18699,2021,E02006356,2021 super output areas - middle layer,152,UK identity and non-UK identity,485
18700,2021,E02006357,2021 super output areas - middle layer,152,Total: All usual residents,7212
18701,2021,E02006357,2021 super output areas - middle layer,152,British only identity,4224
18702,2021,E02006357,2021 super output areas - middle layer,152,English only identity,1281
18703,2021,E02006357,2021 super output areas - middle layer,152,English and British only identity,1140
18704,2021,E02006357,2021 super output areas - middle layer,152,Welsh only identity,28
18705,2021,E02006357,2021 super output areas - middle layer,152,Welsh and British only identity,17
18706,2021,E02006357,2021 super output areas - middle layer,152,Any other combination of only UK identities,87
18707,2021,E02006357,2021 super output areas - middle layer,152,Scottish only identity,25
18708,2021,E02006357,2021 super output areas - middle layer,152,Scottish and British only identity,15
18709,2021,E02006357,2021 super output areas - middle layer,152,Northern Irish only identity,26
18710,2021,E02006357,2021 super output areas - middle layer,152,Northern Irish and British only identity,1
18711,2021,E02006357,2021 super output areas - middle layer,152,Cornish only identity,0
18712,2021,E02006357,2021 super output areas - middle layer,152,Cornish and British only identity,0
18713,2021,E02006357,2021 super output areas - middle layer,152,Any other combination of only UK identities ,20
18714,2021,E02006357,2021 super output areas - middle layer,152,Irish only identity,34
18715,2021,E02006357,2021 super output areas - middle layer,152,Irish and at least one UK identity,2
18716,2021,E02006357,2021 super output areas - middle layer,152,Other identity only,303
18717,2021,E02006357,2021 super output areas - middle layer,152,Other identity and at least one UK identity,96
18718,2021,E02006357,2021 super output areas - middle layer,152,Non-UK identity only,337
18719,2021,E02006357,2021 super output areas - middle layer,152,UK identity and non-UK identity,98
18720,2021,E02006358,2021 super output areas - middle layer,152,Total: All usual residents,8971
18721,2021,E02006358,2021 super output areas - middle layer,152,British only identity,4515
18722,2021,E02006358,2021 super output areas - middle layer,152,English only identity,727
18723,2021,E02006358,2021 super output areas - middle layer,152,English and British only identity,1293
18724,2021,E02006358,2021 super output areas - middle layer,152,Welsh only identity,27
18725,2021,E02006358,2021 super output areas - middle layer,152,Welsh and British only identity,24
18726,2021,E02006358,2021 super output areas - middle layer,152,Any other combination of only UK identities,116
18727,2021,E02006358,2021 super output areas - middle layer,152,Scottish only identity,37
18728,2021,E02006358,2021 super output areas - middle layer,152,Scottish and British only identity,24
18729,2021,E02006358,2021 super output areas - middle layer,152,Northern Irish only identity,15
18730,2021,E02006358,2021 super output areas - middle layer,152,Northern Irish and British only identity,10
18731,2021,E02006358,2021 super output areas - middle layer,152,Cornish only identity,1
18732,2021,E02006358,2021 super output areas - middle layer,152,Cornish and British only identity,1
18733,2021,E02006358,2021 super output areas - middle layer,152,Any other combination of only UK identities ,28
18734,2021,E02006358,2021 super output areas - middle layer,152,Irish only identity,34
18735,2021,E02006358,2021 super output areas - middle layer,152,Irish and at least one UK identity,28
18736,2021,E02006358,2021 super output areas - middle layer,152,Other identity only,1848
18737,2021,E02006358,2021 super output areas - middle layer,152,Other identity and at least one UK identity,359
18738,2021,E02006358,2021 super output areas - middle layer,152,Non-UK identity only,1882
18739,2021,E02006358,2021 super output areas - middle layer,152,UK identity and non-UK identity,387
18740,2021,E02006359,2021 super output areas - middle layer,152,Total: All usual residents,6128
18741,2021,E02006359,2021 super output areas - middle layer,152,British only identity,3471
18742,2021,E02006359,2021 super output areas - middle layer,152,English only identity,631
18743,2021,E02006359,2021 super output areas - middle layer,152,English and British only identity,835
18744,2021,E02006359,2021 super output areas - middle layer,152,Welsh only identity,38
18745,2021,E02006359,2021 super output areas - middle layer,152,Welsh and British only identity,11
18746,2021,E02006359,2021 super output areas - middle layer,152,Any other combination of only UK identities,98
18747,2021,E02006359,2021 super output areas - middle layer,152,Scottish only identity,37
18748,2021,E02006359,2021 super output areas - middle layer,152,Scottish and British only identity,24
18749,2021,E02006359,2021 super output areas - middle layer,152,Northern Irish only identity,13
18750,2021,E02006359,2021 super output areas - middle layer,152,Northern Irish and British only identity,6
18751,2021,E02006359,2021 super output areas - middle layer,152,Cornish only identity,1
18752,2021,E02006359,2021 super output areas - middle layer,152,Cornish and British only identity,0
18753,2021,E02006359,2021 super output areas - middle layer,152,Any other combination of only UK identities ,17
18754,2021,E02006359,2021 super output areas - middle layer,152,Irish only identity,45
18755,2021,E02006359,2021 super output areas - middle layer,152,Irish and at least one UK identity,21
18756,2021,E02006359,2021 super output areas - middle layer,152,Other identity only,708
18757,2021,E02006359,2021 super output areas - middle layer,152,Other identity and at least one UK identity,270
18758,2021,E02006359,2021 super output areas - middle layer,152,Non-UK identity only,753
18759,2021,E02006359,2021 super output areas - middle layer,152,UK identity and non-UK identity,291
18760,2021,E02006360,2021 super output areas - middle layer,152,Total: All usual residents,8126
18761,2021,E02006360,2021 super output areas - middle layer,152,British only identity,4894
18762,2021,E02006360,2021 super output areas - middle layer,152,English only identity,1222
18763,2021,E02006360,2021 super output areas - middle layer,152,English and British only identity,1200
18764,2021,E02006360,2021 super output areas - middle layer,152,Welsh only identity,36
18765,2021,E02006360,2021 super output areas - middle layer,152,Welsh and British only identity,21
18766,2021,E02006360,2021 super output areas - middle layer,152,Any other combination of only UK identities,123
18767,2021,E02006360,2021 super output areas - middle layer,152,Scottish only identity,49
18768,2021,E02006360,2021 super output areas - middle layer,152,Scottish and British only identity,27
18769,2021,E02006360,2021 super output areas - middle layer,152,Northern Irish only identity,14
18770,2021,E02006360,2021 super output areas - middle layer,152,Northern Irish and British only identity,6
18771,2021,E02006360,2021 super output areas - middle layer,152,Cornish only identity,1
18772,2021,E02006360,2021 super output areas - middle layer,152,Cornish and British only identity,0
18773,2021,E02006360,2021 super output areas - middle layer,152,Any other combination of only UK identities ,26
18774,2021,E02006360,2021 super output areas - middle layer,152,Irish only identity,44
18775,2021,E02006360,2021 super output areas - middle layer,152,Irish and at least one UK identity,11
18776,2021,E02006360,2021 super output areas - middle layer,152,Other identity only,426
18777,2021,E02006360,2021 super output areas - middle layer,152,Other identity and at least one UK identity,149
18778,2021,E02006360,2021 super output areas - middle layer,152,Non-UK identity only,470
18779,2021,E02006360,2021 super output areas - middle layer,152,UK identity and non-UK identity,160
18780,2021,E02006361,2021 super output areas - middle layer,152,Total: All usual residents,5660
18781,2021,E02006361,2021 super output areas - middle layer,152,British only identity,3404
18782,2021,E02006361,2021 super output areas - middle layer,152,English only identity,897
18783,2021,E02006361,2021 super output areas - middle layer,152,English and British only identity,839
18784,2021,E02006361,2021 super output areas - middle layer,152,Welsh only identity,21
18785,2021,E02006361,2021 super output areas - middle layer,152,Welsh and British only identity,12
18786,2021,E02006361,2021 super output areas - middle layer,152,Any other combination of only UK identities,90
18787,2021,E02006361,2021 super output areas - middle layer,152,Scottish only identity,32
18788,2021,E02006361,2021 super output areas - middle layer,152,Scottish and British only identity,24
18789,2021,E02006361,2021 super output areas - middle layer,152,Northern Irish only identity,9
18790,2021,E02006361,2021 super output areas - middle layer,152,Northern Irish and British only identity,12
18791,2021,E02006361,2021 super output areas - middle layer,152,Cornish only identity,0
18792,2021,E02006361,2021 super output areas - middle layer,152,Cornish and British only identity,0
18793,2021,E02006361,2021 super output areas - middle layer,152,Any other combination of only UK identities ,13
18794,2021,E02006361,2021 super output areas - middle layer,152,Irish only identity,26
18795,2021,E02006361,2021 super output areas - middle layer,152,Irish and at least one UK identity,5
18796,2021,E02006361,2021 super output areas - middle layer,152,Other identity only,249
18797,2021,E02006361,2021 super output areas - middle layer,152,Other identity and at least one UK identity,117
18798,2021,E02006361,2021 super output areas - middle layer,152,Non-UK identity only,275
18799,2021,E02006361,2021 super output areas - middle layer,152,UK identity and non-UK identity,122
18800,2021,E02006362,2021 super output areas - middle layer,152,Total: All usual residents,6903
18801,2021,E02006362,2021 super output areas - middle layer,152,British only identity,4097
18802,2021,E02006362,2021 super output areas - middle layer,152,English only identity,1136
18803,2021,E02006362,2021 super output areas - middle layer,152,English and British only identity,1001
18804,2021,E02006362,2021 super output areas - middle layer,152,Welsh only identity,23
18805,2021,E02006362,2021 super output areas - middle layer,152,Welsh and British only identity,22
18806,2021,E02006362,2021 super output areas - middle layer,152,Any other combination of only UK identities,71
18807,2021,E02006362,2021 super output areas - middle layer,152,Scottish only identity,31
18808,2021,E02006362,2021 super output areas - middle layer,152,Scottish and British only identity,21
18809,2021,E02006362,2021 super output areas - middle layer,152,Northern Irish only identity,11
18810,2021,E02006362,2021 super output areas - middle layer,152,Northern Irish and British only identity,2
18811,2021,E02006362,2021 super output areas - middle layer,152,Cornish only identity,0
18812,2021,E02006362,2021 super output areas - middle layer,152,Cornish and British only identity,0
18813,2021,E02006362,2021 super output areas - middle layer,152,Any other combination of only UK identities ,6
18814,2021,E02006362,2021 super output areas - middle layer,152,Irish only identity,50
18815,2021,E02006362,2021 super output areas - middle layer,152,Irish and at least one UK identity,18
18816,2021,E02006362,2021 super output areas - middle layer,152,Other identity only,331
18817,2021,E02006362,2021 super output areas - middle layer,152,Other identity and at least one UK identity,154
18818,2021,E02006362,2021 super output areas - middle layer,152,Non-UK identity only,381
18819,2021,E02006362,2021 super output areas - middle layer,152,UK identity and non-UK identity,172
18820,2021,E02006363,2021 super output areas - middle layer,152,Total: All usual residents,6053
18821,2021,E02006363,2021 super output areas - middle layer,152,British only identity,3632
18822,2021,E02006363,2021 super output areas - middle layer,152,English only identity,917
18823,2021,E02006363,2021 super output areas - middle layer,152,English and British only identity,889
18824,2021,E02006363,2021 super output areas - middle layer,152,Welsh only identity,34
18825,2021,E02006363,2021 super output areas - middle layer,152,Welsh and British only identity,11
18826,2021,E02006363,2021 super output areas - middle layer,152,Any other combination of only UK identities,99
18827,2021,E02006363,2021 super output areas - middle layer,152,Scottish only identity,43
18828,2021,E02006363,2021 super output areas - middle layer,152,Scottish and British only identity,23
18829,2021,E02006363,2021 super output areas - middle layer,152,Northern Irish only identity,9
18830,2021,E02006363,2021 super output areas - middle layer,152,Northern Irish and British only identity,0
18831,2021,E02006363,2021 super output areas - middle layer,152,Cornish only identity,1
18832,2021,E02006363,2021 super output areas - middle layer,152,Cornish and British only identity,0
18833,2021,E02006363,2021 super output areas - middle layer,152,Any other combination of only UK identities ,23
18834,2021,E02006363,2021 super output areas - middle layer,152,Irish only identity,46
18835,2021,E02006363,2021 super output areas - middle layer,152,Irish and at least one UK identity,7
18836,2021,E02006363,2021 super output areas - middle layer,152,Other identity only,276
18837,2021,E02006363,2021 super output areas - middle layer,152,Other identity and at least one UK identity,142
18838,2021,E02006363,2021 super output areas - middle layer,152,Non-UK identity only,322
18839,2021,E02006363,2021 super output areas - middle layer,152,UK identity and non-UK identity,149
18840,2021,E02006364,2021 super output areas - middle layer,152,Total: All usual residents,7703
18841,2021,E02006364,2021 super output areas - middle layer,152,British only identity,4355
18842,2021,E02006364,2021 super output areas - middle layer,152,English only identity,1109
18843,2021,E02006364,2021 super output areas - middle layer,152,English and British only identity,1123
18844,2021,E02006364,2021 super output areas - middle layer,152,Welsh only identity,15
18845,2021,E02006364,2021 super output areas - middle layer,152,Welsh and British only identity,8
18846,2021,E02006364,2021 super output areas - middle layer,152,Any other combination of only UK identities,59
18847,2021,E02006364,2021 super output areas - middle layer,152,Scottish only identity,19
18848,2021,E02006364,2021 super output areas - middle layer,152,Scottish and British only identity,11
18849,2021,E02006364,2021 super output areas - middle layer,152,Northern Irish only identity,10
18850,2021,E02006364,2021 super output areas - middle layer,152,Northern Irish and British only identity,4
18851,2021,E02006364,2021 super output areas - middle layer,152,Cornish only identity,0
18852,2021,E02006364,2021 super output areas - middle layer,152,Cornish and British only identity,0
18853,2021,E02006364,2021 super output areas - middle layer,152,Any other combination of only UK identities ,15
18854,2021,E02006364,2021 super output areas - middle layer,152,Irish only identity,54
18855,2021,E02006364,2021 super output areas - middle layer,152,Irish and at least one UK identity,6
18856,2021,E02006364,2021 super output areas - middle layer,152,Other identity only,788
18857,2021,E02006364,2021 super output areas - middle layer,152,Other identity and at least one UK identity,186
18858,2021,E02006364,2021 super output areas - middle layer,152,Non-UK identity only,842
18859,2021,E02006364,2021 super output areas - middle layer,152,UK identity and non-UK identity,192
18860,2021,E02006365,2021 super output areas - middle layer,152,Total: All usual residents,6263
18861,2021,E02006365,2021 super output areas - middle layer,152,British only identity,3682
18862,2021,E02006365,2021 super output areas - middle layer,152,English only identity,956
18863,2021,E02006365,2021 super output areas - middle layer,152,English and British only identity,855
18864,2021,E02006365,2021 super output areas - middle layer,152,Welsh only identity,25
18865,2021,E02006365,2021 super output areas - middle layer,152,Welsh and British only identity,14
18866,2021,E02006365,2021 super output areas - middle layer,152,Any other combination of only UK identities,103
18867,2021,E02006365,2021 super output areas - middle layer,152,Scottish only identity,29
18868,2021,E02006365,2021 super output areas - middle layer,152,Scottish and British only identity,34
18869,2021,E02006365,2021 super output areas - middle layer,152,Northern Irish only identity,15
18870,2021,E02006365,2021 super output areas - middle layer,152,Northern Irish and British only identity,10
18871,2021,E02006365,2021 super output areas - middle layer,152,Cornish only identity,0
18872,2021,E02006365,2021 super output areas - middle layer,152,Cornish and British only identity,1
18873,2021,E02006365,2021 super output areas - middle layer,152,Any other combination of only UK identities ,14
18874,2021,E02006365,2021 super output areas - middle layer,152,Irish only identity,41
18875,2021,E02006365,2021 super output areas - middle layer,152,Irish and at least one UK identity,9
18876,2021,E02006365,2021 super output areas - middle layer,152,Other identity only,450
18877,2021,E02006365,2021 super output areas - middle layer,152,Other identity and at least one UK identity,128
18878,2021,E02006365,2021 super output areas - middle layer,152,Non-UK identity only,491
18879,2021,E02006365,2021 super output areas - middle layer,152,UK identity and non-UK identity,137
18880,2021,E02006366,2021 super output areas - middle layer,152,Total: All usual residents,8022
18881,2021,E02006366,2021 super output areas - middle layer,152,British only identity,4727
18882,2021,E02006366,2021 super output areas - middle layer,152,English only identity,1352
18883,2021,E02006366,2021 super output areas - middle layer,152,English and British only identity,1254
18884,2021,E02006366,2021 super output areas - middle layer,152,Welsh only identity,29
18885,2021,E02006366,2021 super output areas - middle layer,152,Welsh and British only identity,21
18886,2021,E02006366,2021 super output areas - middle layer,152,Any other combination of only UK identities,90
18887,2021,E02006366,2021 super output areas - middle layer,152,Scottish only identity,26
18888,2021,E02006366,2021 super output areas - middle layer,152,Scottish and British only identity,28
18889,2021,E02006366,2021 super output areas - middle layer,152,Northern Irish only identity,17
18890,2021,E02006366,2021 super output areas - middle layer,152,Northern Irish and British only identity,4
18891,2021,E02006366,2021 super output areas - middle layer,152,Cornish only identity,1
18892,2021,E02006366,2021 super output areas - middle layer,152,Cornish and British only identity,0
18893,2021,E02006366,2021 super output areas - middle layer,152,Any other combination of only UK identities ,14
18894,2021,E02006366,2021 super output areas - middle layer,152,Irish only identity,42
18895,2021,E02006366,2021 super output areas - middle layer,152,Irish and at least one UK identity,8
18896,2021,E02006366,2021 super output areas - middle layer,152,Other identity only,361
18897,2021,E02006366,2021 super output areas - middle layer,152,Other identity and at least one UK identity,138
18898,2021,E02006366,2021 super output areas - middle layer,152,Non-UK identity only,403
18899,2021,E02006366,2021 super output areas - middle layer,152,UK identity and non-UK identity,146
18900,2021,E02006367,2021 super output areas - middle layer,152,Total: All usual residents,5976
18901,2021,E02006367,2021 super output areas - middle layer,152,British only identity,3466
18902,2021,E02006367,2021 super output areas - middle layer,152,English only identity,1077
18903,2021,E02006367,2021 super output areas - middle layer,152,English and British only identity,916
18904,2021,E02006367,2021 super output areas - middle layer,152,Welsh only identity,18
18905,2021,E02006367,2021 super output areas - middle layer,152,Welsh and British only identity,13
18906,2021,E02006367,2021 super output areas - middle layer,152,Any other combination of only UK identities,76
18907,2021,E02006367,2021 super output areas - middle layer,152,Scottish only identity,25
18908,2021,E02006367,2021 super output areas - middle layer,152,Scottish and British only identity,18
18909,2021,E02006367,2021 super output areas - middle layer,152,Northern Irish only identity,8
18910,2021,E02006367,2021 super output areas - middle layer,152,Northern Irish and British only identity,3
18911,2021,E02006367,2021 super output areas - middle layer,152,Cornish only identity,3
18912,2021,E02006367,2021 super output areas - middle layer,152,Cornish and British only identity,0
18913,2021,E02006367,2021 super output areas - middle layer,152,Any other combination of only UK identities ,19
18914,2021,E02006367,2021 super output areas - middle layer,152,Irish only identity,36
18915,2021,E02006367,2021 super output areas - middle layer,152,Irish and at least one UK identity,23
18916,2021,E02006367,2021 super output areas - middle layer,152,Other identity only,237
18917,2021,E02006367,2021 super output areas - middle layer,152,Other identity and at least one UK identity,114
18918,2021,E02006367,2021 super output areas - middle layer,152,Non-UK identity only,273
18919,2021,E02006367,2021 super output areas - middle layer,152,UK identity and non-UK identity,137
18920,2021,E02006368,2021 super output areas - middle layer,152,Total: All usual residents,5679
18921,2021,E02006368,2021 super output areas - middle layer,152,British only identity,3357
18922,2021,E02006368,2021 super output areas - middle layer,152,English only identity,949
18923,2021,E02006368,2021 super output areas - middle layer,152,English and British only identity,907
18924,2021,E02006368,2021 super output areas - middle layer,152,Welsh only identity,17
18925,2021,E02006368,2021 super output areas - middle layer,152,Welsh and British only identity,14
18926,2021,E02006368,2021 super output areas - middle layer,152,Any other combination of only UK identities,67
18927,2021,E02006368,2021 super output areas - middle layer,152,Scottish only identity,22
18928,2021,E02006368,2021 super output areas - middle layer,152,Scottish and British only identity,13
18929,2021,E02006368,2021 super output areas - middle layer,152,Northern Irish only identity,15
18930,2021,E02006368,2021 super output areas - middle layer,152,Northern Irish and British only identity,7
18931,2021,E02006368,2021 super output areas - middle layer,152,Cornish only identity,0
18932,2021,E02006368,2021 super output areas - middle layer,152,Cornish and British only identity,0
18933,2021,E02006368,2021 super output areas - middle layer,152,Any other combination of only UK identities ,10
18934,2021,E02006368,2021 super output areas - middle layer,152,Irish only identity,18
18935,2021,E02006368,2021 super output areas - middle layer,152,Irish and at least one UK identity,10
18936,2021,E02006368,2021 super output areas - middle layer,152,Other identity only,224
18937,2021,E02006368,2021 super output areas - middle layer,152,Other identity and at least one UK identity,116
18938,2021,E02006368,2021 super output areas - middle layer,152,Non-UK identity only,242
18939,2021,E02006368,2021 super output areas - middle layer,152,UK identity and non-UK identity,126
18940,2021,E02006369,2021 super output areas - middle layer,152,Total: All usual residents,6258
18941,2021,E02006369,2021 super output areas - middle layer,152,British only identity,3538
18942,2021,E02006369,2021 super output areas - middle layer,152,English only identity,1328
18943,2021,E02006369,2021 super output areas - middle layer,152,English and British only identity,986
18944,2021,E02006369,2021 super output areas - middle layer,152,Welsh only identity,28
18945,2021,E02006369,2021 super output areas - middle layer,152,Welsh and British only identity,10
18946,2021,E02006369,2021 super output areas - middle layer,152,Any other combination of only UK identities,87
18947,2021,E02006369,2021 super output areas - middle layer,152,Scottish only identity,29
18948,2021,E02006369,2021 super output areas - middle layer,152,Scottish and British only identity,17
18949,2021,E02006369,2021 super output areas - middle layer,152,Northern Irish only identity,12
18950,2021,E02006369,2021 super output areas - middle layer,152,Northern Irish and British only identity,8
18951,2021,E02006369,2021 super output areas - middle layer,152,Cornish only identity,1
18952,2021,E02006369,2021 super output areas - middle layer,152,Cornish and British only identity,0
18953,2021,E02006369,2021 super output areas - middle layer,152,Any other combination of only UK identities ,20
18954,2021,E02006369,2021 super output areas - middle layer,152,Irish only identity,30
18955,2021,E02006369,2021 super output areas - middle layer,152,Irish and at least one UK identity,13
18956,2021,E02006369,2021 super output areas - middle layer,152,Other identity only,159
18957,2021,E02006369,2021 super output areas - middle layer,152,Other identity and at least one UK identity,79
18958,2021,E02006369,2021 super output areas - middle layer,152,Non-UK identity only,189
18959,2021,E02006369,2021 super output areas - middle layer,152,UK identity and non-UK identity,92
18960,2021,E02006370,2021 super output areas - middle layer,152,Total: All usual residents,6341
18961,2021,E02006370,2021 super output areas - middle layer,152,British only identity,3741
18962,2021,E02006370,2021 super output areas - middle layer,152,English only identity,885
18963,2021,E02006370,2021 super output areas - middle layer,152,English and British only identity,856
18964,2021,E02006370,2021 super output areas - middle layer,152,Welsh only identity,45
18965,2021,E02006370,2021 super output areas - middle layer,152,Welsh and British only identity,24
18966,2021,E02006370,2021 super output areas - middle layer,152,Any other combination of only UK identities,84
18967,2021,E02006370,2021 super output areas - middle layer,152,Scottish only identity,32
18968,2021,E02006370,2021 super output areas - middle layer,152,Scottish and British only identity,24
18969,2021,E02006370,2021 super output areas - middle layer,152,Northern Irish only identity,8
18970,2021,E02006370,2021 super output areas - middle layer,152,Northern Irish and British only identity,6
18971,2021,E02006370,2021 super output areas - middle layer,152,Cornish only identity,0
18972,2021,E02006370,2021 super output areas - middle layer,152,Cornish and British only identity,0
18973,2021,E02006370,2021 super output areas - middle layer,152,Any other combination of only UK identities ,14
18974,2021,E02006370,2021 super output areas - middle layer,152,Irish only identity,37
18975,2021,E02006370,2021 super output areas - middle layer,152,Irish and at least one UK identity,3
18976,2021,E02006370,2021 super output areas - middle layer,152,Other identity only,509
18977,2021,E02006370,2021 super output areas - middle layer,152,Other identity and at least one UK identity,157
18978,2021,E02006370,2021 super output areas - middle layer,152,Non-UK identity only,546
18979,2021,E02006370,2021 super output areas - middle layer,152,UK identity and non-UK identity,160
18980,2021,E02006371,2021 super output areas - middle layer,152,Total: All usual residents,7323
18981,2021,E02006371,2021 super output areas - middle layer,152,British only identity,4252
18982,2021,E02006371,2021 super output areas - middle layer,152,English only identity,1094
18983,2021,E02006371,2021 super output areas - middle layer,152,English and British only identity,1052
18984,2021,E02006371,2021 super output areas - middle layer,152,Welsh only identity,32
18985,2021,E02006371,2021 super output areas - middle layer,152,Welsh and British only identity,17
18986,2021,E02006371,2021 super output areas - middle layer,152,Any other combination of only UK identities,87
18987,2021,E02006371,2021 super output areas - middle layer,152,Scottish only identity,35
18988,2021,E02006371,2021 super output areas - middle layer,152,Scottish and British only identity,15
18989,2021,E02006371,2021 super output areas - middle layer,152,Northern Irish only identity,13
18990,2021,E02006371,2021 super output areas - middle layer,152,Northern Irish and British only identity,8
18991,2021,E02006371,2021 super output areas - middle layer,152,Cornish only identity,1
18992,2021,E02006371,2021 super output areas - middle layer,152,Cornish and British only identity,0
18993,2021,E02006371,2021 super output areas - middle layer,152,Any other combination of only UK identities ,15
18994,2021,E02006371,2021 super output areas - middle layer,152,Irish only identity,49
18995,2021,E02006371,2021 super output areas - middle layer,152,Irish and at least one UK identity,9
18996,2021,E02006371,2021 super output areas - middle layer,152,Other identity only,546
18997,2021,E02006371,2021 super output areas - middle layer,152,Other identity and at least one UK identity,185
18998,2021,E02006371,2021 super output areas - middle layer,152,Non-UK identity only,595
18999,2021,E02006371,2021 super output areas - middle layer,152,UK identity and non-UK identity,194
19000,2021,E02006372,2021 super output areas - middle layer,152,Total: All usual residents,6407
19001,2021,E02006372,2021 super output areas - middle layer,152,British only identity,3818
19002,2021,E02006372,2021 super output areas - middle layer,152,English only identity,1137
19003,2021,E02006372,2021 super output areas - middle layer,152,English and British only identity,947
19004,2021,E02006372,2021 super output areas - middle layer,152,Welsh only identity,14
19005,2021,E02006372,2021 super output areas - middle layer,152,Welsh and British only identity,6
19006,2021,E02006372,2021 super output areas - middle layer,152,Any other combination of only UK identities,54
19007,2021,E02006372,2021 super output areas - middle layer,152,Scottish only identity,29
19008,2021,E02006372,2021 super output areas - middle layer,152,Scottish and British only identity,8
19009,2021,E02006372,2021 super output areas - middle layer,152,Northern Irish only identity,8
19010,2021,E02006372,2021 super output areas - middle layer,152,Northern Irish and British only identity,5
19011,2021,E02006372,2021 super output areas - middle layer,152,Cornish only identity,1
19012,2021,E02006372,2021 super output areas - middle layer,152,Cornish and British only identity,0
19013,2021,E02006372,2021 super output areas - middle layer,152,Any other combination of only UK identities ,3
19014,2021,E02006372,2021 super output areas - middle layer,152,Irish only identity,22
19015,2021,E02006372,2021 super output areas - middle layer,152,Irish and at least one UK identity,6
19016,2021,E02006372,2021 super output areas - middle layer,152,Other identity only,328
19017,2021,E02006372,2021 super output areas - middle layer,152,Other identity and at least one UK identity,75
19018,2021,E02006372,2021 super output areas - middle layer,152,Non-UK identity only,350
19019,2021,E02006372,2021 super output areas - middle layer,152,UK identity and non-UK identity,81
19020,2021,E02006373,2021 super output areas - middle layer,152,Total: All usual residents,7512
19021,2021,E02006373,2021 super output areas - middle layer,152,British only identity,4520
19022,2021,E02006373,2021 super output areas - middle layer,152,English only identity,1276
19023,2021,E02006373,2021 super output areas - middle layer,152,English and British only identity,1172
19024,2021,E02006373,2021 super output areas - middle layer,152,Welsh only identity,26
19025,2021,E02006373,2021 super output areas - middle layer,152,Welsh and British only identity,7
19026,2021,E02006373,2021 super output areas - middle layer,152,Any other combination of only UK identities,65
19027,2021,E02006373,2021 super output areas - middle layer,152,Scottish only identity,22
19028,2021,E02006373,2021 super output areas - middle layer,152,Scottish and British only identity,7
19029,2021,E02006373,2021 super output areas - middle layer,152,Northern Irish only identity,7
19030,2021,E02006373,2021 super output areas - middle layer,152,Northern Irish and British only identity,7
19031,2021,E02006373,2021 super output areas - middle layer,152,Cornish only identity,2
19032,2021,E02006373,2021 super output areas - middle layer,152,Cornish and British only identity,0
19033,2021,E02006373,2021 super output areas - middle layer,152,Any other combination of only UK identities ,20
19034,2021,E02006373,2021 super output areas - middle layer,152,Irish only identity,50
19035,2021,E02006373,2021 super output areas - middle layer,152,Irish and at least one UK identity,8
19036,2021,E02006373,2021 super output areas - middle layer,152,Other identity only,273
19037,2021,E02006373,2021 super output areas - middle layer,152,Other identity and at least one UK identity,115
19038,2021,E02006373,2021 super output areas - middle layer,152,Non-UK identity only,323
19039,2021,E02006373,2021 super output areas - middle layer,152,UK identity and non-UK identity,123
19040,2021,E02006374,2021 super output areas - middle layer,152,Total: All usual residents,6950
19041,2021,E02006374,2021 super output areas - middle layer,152,British only identity,4084
19042,2021,E02006374,2021 super output areas - middle layer,152,English only identity,1374
19043,2021,E02006374,2021 super output areas - middle layer,152,English and British only identity,1029
19044,2021,E02006374,2021 super output areas - middle layer,152,Welsh only identity,17
19045,2021,E02006374,2021 super output areas - middle layer,152,Welsh and British only identity,7
19046,2021,E02006374,2021 super output areas - middle layer,152,Any other combination of only UK identities,70
19047,2021,E02006374,2021 super output areas - middle layer,152,Scottish only identity,27
19048,2021,E02006374,2021 super output areas - middle layer,152,Scottish and British only identity,16
19049,2021,E02006374,2021 super output areas - middle layer,152,Northern Irish only identity,9
19050,2021,E02006374,2021 super output areas - middle layer,152,Northern Irish and British only identity,4
19051,2021,E02006374,2021 super output areas - middle layer,152,Cornish only identity,0
19052,2021,E02006374,2021 super output areas - middle layer,152,Cornish and British only identity,0
19053,2021,E02006374,2021 super output areas - middle layer,152,Any other combination of only UK identities ,14
19054,2021,E02006374,2021 super output areas - middle layer,152,Irish only identity,32
19055,2021,E02006374,2021 super output areas - middle layer,152,Irish and at least one UK identity,5
19056,2021,E02006374,2021 super output areas - middle layer,152,Other identity only,247
19057,2021,E02006374,2021 super output areas - middle layer,152,Other identity and at least one UK identity,85
19058,2021,E02006374,2021 super output areas - middle layer,152,Non-UK identity only,279
19059,2021,E02006374,2021 super output areas - middle layer,152,UK identity and non-UK identity,90
19060,2021,E02006375,2021 super output areas - middle layer,152,Total: All usual residents,6777
19061,2021,E02006375,2021 super output areas - middle layer,152,British only identity,4021
19062,2021,E02006375,2021 super output areas - middle layer,152,English only identity,1272
19063,2021,E02006375,2021 super output areas - middle layer,152,English and British only identity,905
19064,2021,E02006375,2021 super output areas - middle layer,152,Welsh only identity,22
19065,2021,E02006375,2021 super output areas - middle layer,152,Welsh and British only identity,13
19066,2021,E02006375,2021 super output areas - middle layer,152,Any other combination of only UK identities,54
19067,2021,E02006375,2021 super output areas - middle layer,152,Scottish only identity,21
19068,2021,E02006375,2021 super output areas - middle layer,152,Scottish and British only identity,10
19069,2021,E02006375,2021 super output areas - middle layer,152,Northern Irish only identity,6
19070,2021,E02006375,2021 super output areas - middle layer,152,Northern Irish and British only identity,2
19071,2021,E02006375,2021 super output areas - middle layer,152,Cornish only identity,1
19072,2021,E02006375,2021 super output areas - middle layer,152,Cornish and British only identity,0
19073,2021,E02006375,2021 super output areas - middle layer,152,Any other combination of only UK identities ,14
19074,2021,E02006375,2021 super output areas - middle layer,152,Irish only identity,44
19075,2021,E02006375,2021 super output areas - middle layer,152,Irish and at least one UK identity,12
19076,2021,E02006375,2021 super output areas - middle layer,152,Other identity only,293
19077,2021,E02006375,2021 super output areas - middle layer,152,Other identity and at least one UK identity,141
19078,2021,E02006375,2021 super output areas - middle layer,152,Non-UK identity only,337
19079,2021,E02006375,2021 super output areas - middle layer,152,UK identity and non-UK identity,153
19080,2021,E02006376,2021 super output areas - middle layer,152,Total: All usual residents,9226
19081,2021,E02006376,2021 super output areas - middle layer,152,British only identity,5509
19082,2021,E02006376,2021 super output areas - middle layer,152,English only identity,1726
19083,2021,E02006376,2021 super output areas - middle layer,152,English and British only identity,1175
19084,2021,E02006376,2021 super output areas - middle layer,152,Welsh only identity,34
19085,2021,E02006376,2021 super output areas - middle layer,152,Welsh and British only identity,15
19086,2021,E02006376,2021 super output areas - middle layer,152,Any other combination of only UK identities,118
19087,2021,E02006376,2021 super output areas - middle layer,152,Scottish only identity,57
19088,2021,E02006376,2021 super output areas - middle layer,152,Scottish and British only identity,26
19089,2021,E02006376,2021 super output areas - middle layer,152,Northern Irish only identity,19
19090,2021,E02006376,2021 super output areas - middle layer,152,Northern Irish and British only identity,3
19091,2021,E02006376,2021 super output areas - middle layer,152,Cornish only identity,1
19092,2021,E02006376,2021 super output areas - middle layer,152,Cornish and British only identity,0
19093,2021,E02006376,2021 super output areas - middle layer,152,Any other combination of only UK identities ,12
19094,2021,E02006376,2021 super output areas - middle layer,152,Irish only identity,89
19095,2021,E02006376,2021 super output areas - middle layer,152,Irish and at least one UK identity,10
19096,2021,E02006376,2021 super output areas - middle layer,152,Other identity only,430
19097,2021,E02006376,2021 super output areas - middle layer,152,Other identity and at least one UK identity,120
19098,2021,E02006376,2021 super output areas - middle layer,152,Non-UK identity only,519
19099,2021,E02006376,2021 super output areas - middle layer,152,UK identity and non-UK identity,130
19100,2021,E02006377,2021 super output areas - middle layer,152,Total: All usual residents,6168
19101,2021,E02006377,2021 super output areas - middle layer,152,British only identity,3582
19102,2021,E02006377,2021 super output areas - middle layer,152,English only identity,1289
19103,2021,E02006377,2021 super output areas - middle layer,152,English and British only identity,776
19104,2021,E02006377,2021 super output areas - middle layer,152,Welsh only identity,14
19105,2021,E02006377,2021 super output areas - middle layer,152,Welsh and British only identity,9
19106,2021,E02006377,2021 super output areas - middle layer,152,Any other combination of only UK identities,51
19107,2021,E02006377,2021 super output areas - middle layer,152,Scottish only identity,23
19108,2021,E02006377,2021 super output areas - middle layer,152,Scottish and British only identity,10
19109,2021,E02006377,2021 super output areas - middle layer,152,Northern Irish only identity,9
19110,2021,E02006377,2021 super output areas - middle layer,152,Northern Irish and British only identity,0
19111,2021,E02006377,2021 super output areas - middle layer,152,Cornish only identity,1
19112,2021,E02006377,2021 super output areas - middle layer,152,Cornish and British only identity,0
19113,2021,E02006377,2021 super output areas - middle layer,152,Any other combination of only UK identities ,8
19114,2021,E02006377,2021 super output areas - middle layer,152,Irish only identity,50
19115,2021,E02006377,2021 super output areas - middle layer,152,Irish and at least one UK identity,13
19116,2021,E02006377,2021 super output areas - middle layer,152,Other identity only,257
19117,2021,E02006377,2021 super output areas - middle layer,152,Other identity and at least one UK identity,127
19118,2021,E02006377,2021 super output areas - middle layer,152,Non-UK identity only,307
19119,2021,E02006377,2021 super output areas - middle layer,152,UK identity and non-UK identity,140
19120,2021,E02006378,2021 super output areas - middle layer,152,Total: All usual residents,8848
19121,2021,E02006378,2021 super output areas - middle layer,152,British only identity,5431
19122,2021,E02006378,2021 super output areas - middle layer,152,English only identity,1612
19123,2021,E02006378,2021 super output areas - middle layer,152,English and British only identity,1156
19124,2021,E02006378,2021 super output areas - middle layer,152,Welsh only identity,27
19125,2021,E02006378,2021 super output areas - middle layer,152,Welsh and British only identity,10
19126,2021,E02006378,2021 super output areas - middle layer,152,Any other combination of only UK identities,54
19127,2021,E02006378,2021 super output areas - middle layer,152,Scottish only identity,23
19128,2021,E02006378,2021 super output areas - middle layer,152,Scottish and British only identity,9
19129,2021,E02006378,2021 super output areas - middle layer,152,Northern Irish only identity,13
19130,2021,E02006378,2021 super output areas - middle layer,152,Northern Irish and British only identity,4
19131,2021,E02006378,2021 super output areas - middle layer,152,Cornish only identity,0
19132,2021,E02006378,2021 super output areas - middle layer,152,Cornish and British only identity,0
19133,2021,E02006378,2021 super output areas - middle layer,152,Any other combination of only UK identities ,5
19134,2021,E02006378,2021 super output areas - middle layer,152,Irish only identity,61
19135,2021,E02006378,2021 super output areas - middle layer,152,Irish and at least one UK identity,12
19136,2021,E02006378,2021 super output areas - middle layer,152,Other identity only,322
19137,2021,E02006378,2021 super output areas - middle layer,152,Other identity and at least one UK identity,163
19138,2021,E02006378,2021 super output areas - middle layer,152,Non-UK identity only,383
19139,2021,E02006378,2021 super output areas - middle layer,152,UK identity and non-UK identity,175
19140,2021,E02006379,2021 super output areas - middle layer,152,Total: All usual residents,6967
19141,2021,E02006379,2021 super output areas - middle layer,152,British only identity,4051
19142,2021,E02006379,2021 super output areas - middle layer,152,English only identity,1291
19143,2021,E02006379,2021 super output areas - middle layer,152,English and British only identity,971
19144,2021,E02006379,2021 super output areas - middle layer,152,Welsh only identity,10
19145,2021,E02006379,2021 super output areas - middle layer,152,Welsh and British only identity,11
19146,2021,E02006379,2021 super output areas - middle layer,152,Any other combination of only UK identities,47
19147,2021,E02006379,2021 super output areas - middle layer,152,Scottish only identity,23
19148,2021,E02006379,2021 super output areas - middle layer,152,Scottish and British only identity,11
19149,2021,E02006379,2021 super output areas - middle layer,152,Northern Irish only identity,8
19150,2021,E02006379,2021 super output areas - middle layer,152,Northern Irish and British only identity,2
19151,2021,E02006379,2021 super output areas - middle layer,152,Cornish only identity,0
19152,2021,E02006379,2021 super output areas - middle layer,152,Cornish and British only identity,0
19153,2021,E02006379,2021 super output areas - middle layer,152,Any other combination of only UK identities ,3
19154,2021,E02006379,2021 super output areas - middle layer,152,Irish only identity,19
19155,2021,E02006379,2021 super output areas - middle layer,152,Irish and at least one UK identity,8
19156,2021,E02006379,2021 super output areas - middle layer,152,Other identity only,448
19157,2021,E02006379,2021 super output areas - middle layer,152,Other identity and at least one UK identity,111
19158,2021,E02006379,2021 super output areas - middle layer,152,Non-UK identity only,467
19159,2021,E02006379,2021 super output areas - middle layer,152,UK identity and non-UK identity,119
19160,2021,E02006380,2021 super output areas - middle layer,152,Total: All usual residents,7096
19161,2021,E02006380,2021 super output areas - middle layer,152,British only identity,4287
19162,2021,E02006380,2021 super output areas - middle layer,152,English only identity,1270
19163,2021,E02006380,2021 super output areas - middle layer,152,English and British only identity,932
19164,2021,E02006380,2021 super output areas - middle layer,152,Welsh only identity,20
19165,2021,E02006380,2021 super output areas - middle layer,152,Welsh and British only identity,17
19166,2021,E02006380,2021 super output areas - middle layer,152,Any other combination of only UK identities,88
19167,2021,E02006380,2021 super output areas - middle layer,152,Scottish only identity,39
19168,2021,E02006380,2021 super output areas - middle layer,152,Scottish and British only identity,18
19169,2021,E02006380,2021 super output areas - middle layer,152,Northern Irish only identity,12
19170,2021,E02006380,2021 super output areas - middle layer,152,Northern Irish and British only identity,5
19171,2021,E02006380,2021 super output areas - middle layer,152,Cornish only identity,2
19172,2021,E02006380,2021 super output areas - middle layer,152,Cornish and British only identity,0
19173,2021,E02006380,2021 super output areas - middle layer,152,Any other combination of only UK identities ,12
19174,2021,E02006380,2021 super output areas - middle layer,152,Irish only identity,65
19175,2021,E02006380,2021 super output areas - middle layer,152,Irish and at least one UK identity,17
19176,2021,E02006380,2021 super output areas - middle layer,152,Other identity only,257
19177,2021,E02006380,2021 super output areas - middle layer,152,Other identity and at least one UK identity,143
19178,2021,E02006380,2021 super output areas - middle layer,152,Non-UK identity only,322
19179,2021,E02006380,2021 super output areas - middle layer,152,UK identity and non-UK identity,160
19180,2021,E02006381,2021 super output areas - middle layer,152,Total: All usual residents,7257
19181,2021,E02006381,2021 super output areas - middle layer,152,British only identity,4367
19182,2021,E02006381,2021 super output areas - middle layer,152,English only identity,1342
19183,2021,E02006381,2021 super output areas - middle layer,152,English and British only identity,919
19184,2021,E02006381,2021 super output areas - middle layer,152,Welsh only identity,28
19185,2021,E02006381,2021 super output areas - middle layer,152,Welsh and British only identity,8
19186,2021,E02006381,2021 super output areas - middle layer,152,Any other combination of only UK identities,65
19187,2021,E02006381,2021 super output areas - middle layer,152,Scottish only identity,26
19188,2021,E02006381,2021 super output areas - middle layer,152,Scottish and British only identity,21
19189,2021,E02006381,2021 super output areas - middle layer,152,Northern Irish only identity,7
19190,2021,E02006381,2021 super output areas - middle layer,152,Northern Irish and British only identity,0
19191,2021,E02006381,2021 super output areas - middle layer,152,Cornish only identity,0
19192,2021,E02006381,2021 super output areas - middle layer,152,Cornish and British only identity,0
19193,2021,E02006381,2021 super output areas - middle layer,152,Any other combination of only UK identities ,11
19194,2021,E02006381,2021 super output areas - middle layer,152,Irish only identity,53
19195,2021,E02006381,2021 super output areas - middle layer,152,Irish and at least one UK identity,13
19196,2021,E02006381,2021 super output areas - middle layer,152,Other identity only,330
19197,2021,E02006381,2021 super output areas - middle layer,152,Other identity and at least one UK identity,132
19198,2021,E02006381,2021 super output areas - middle layer,152,Non-UK identity only,383
19199,2021,E02006381,2021 super output areas - middle layer,152,UK identity and non-UK identity,145
19200,2021,E02006382,2021 super output areas - middle layer,152,Total: All usual residents,6855
19201,2021,E02006382,2021 super output areas - middle layer,152,British only identity,4013
19202,2021,E02006382,2021 super output areas - middle layer,152,English only identity,1146
19203,2021,E02006382,2021 super output areas - middle layer,152,English and British only identity,948
19204,2021,E02006382,2021 super output areas - middle layer,152,Welsh only identity,20
19205,2021,E02006382,2021 super output areas - middle layer,152,Welsh and British only identity,11
19206,2021,E02006382,2021 super output areas - middle layer,152,Any other combination of only UK identities,70
19207,2021,E02006382,2021 super output areas - middle layer,152,Scottish only identity,24
19208,2021,E02006382,2021 super output areas - middle layer,152,Scottish and British only identity,8
19209,2021,E02006382,2021 super output areas - middle layer,152,Northern Irish only identity,15
19210,2021,E02006382,2021 super output areas - middle layer,152,Northern Irish and British only identity,5
19211,2021,E02006382,2021 super output areas - middle layer,152,Cornish only identity,1
19212,2021,E02006382,2021 super output areas - middle layer,152,Cornish and British only identity,0
19213,2021,E02006382,2021 super output areas - middle layer,152,Any other combination of only UK identities ,17
19214,2021,E02006382,2021 super output areas - middle layer,152,Irish only identity,45
19215,2021,E02006382,2021 super output areas - middle layer,152,Irish and at least one UK identity,6
19216,2021,E02006382,2021 super output areas - middle layer,152,Other identity only,446
19217,2021,E02006382,2021 super output areas - middle layer,152,Other identity and at least one UK identity,150
19218,2021,E02006382,2021 super output areas - middle layer,152,Non-UK identity only,491
19219,2021,E02006382,2021 super output areas - middle layer,152,UK identity and non-UK identity,156
19220,2021,E02006383,2021 super output areas - middle layer,152,Total: All usual residents,10116
19221,2021,E02006383,2021 super output areas - middle layer,152,British only identity,5986
19222,2021,E02006383,2021 super output areas - middle layer,152,English only identity,1417
19223,2021,E02006383,2021 super output areas - middle layer,152,English and British only identity,1389
19224,2021,E02006383,2021 super output areas - middle layer,152,Welsh only identity,55
19225,2021,E02006383,2021 super output areas - middle layer,152,Welsh and British only identity,22
19226,2021,E02006383,2021 super output areas - middle layer,152,Any other combination of only UK identities,173
19227,2021,E02006383,2021 super output areas - middle layer,152,Scottish only identity,64
19228,2021,E02006383,2021 super output areas - middle layer,152,Scottish and British only identity,42
19229,2021,E02006383,2021 super output areas - middle layer,152,Northern Irish only identity,21
19230,2021,E02006383,2021 super output areas - middle layer,152,Northern Irish and British only identity,12
19231,2021,E02006383,2021 super output areas - middle layer,152,Cornish only identity,1
19232,2021,E02006383,2021 super output areas - middle layer,152,Cornish and British only identity,0
19233,2021,E02006383,2021 super output areas - middle layer,152,Any other combination of only UK identities ,33
19234,2021,E02006383,2021 super output areas - middle layer,152,Irish only identity,61
19235,2021,E02006383,2021 super output areas - middle layer,152,Irish and at least one UK identity,13
19236,2021,E02006383,2021 super output areas - middle layer,152,Other identity only,751
19237,2021,E02006383,2021 super output areas - middle layer,152,Other identity and at least one UK identity,249
19238,2021,E02006383,2021 super output areas - middle layer,152,Non-UK identity only,812
19239,2021,E02006383,2021 super output areas - middle layer,152,UK identity and non-UK identity,262
19240,2021,E02006384,2021 super output areas - middle layer,152,Total: All usual residents,10921
19241,2021,E02006384,2021 super output areas - middle layer,152,British only identity,6072
19242,2021,E02006384,2021 super output areas - middle layer,152,English only identity,1427
19243,2021,E02006384,2021 super output areas - middle layer,152,English and British only identity,1366
19244,2021,E02006384,2021 super output areas - middle layer,152,Welsh only identity,20
19245,2021,E02006384,2021 super output areas - middle layer,152,Welsh and British only identity,11
19246,2021,E02006384,2021 super output areas - middle layer,152,Any other combination of only UK identities,96
19247,2021,E02006384,2021 super output areas - middle layer,152,Scottish only identity,32
19248,2021,E02006384,2021 super output areas - middle layer,152,Scottish and British only identity,28
19249,2021,E02006384,2021 super output areas - middle layer,152,Northern Irish only identity,9
19250,2021,E02006384,2021 super output areas - middle layer,152,Northern Irish and British only identity,7
19251,2021,E02006384,2021 super output areas - middle layer,152,Cornish only identity,2
19252,2021,E02006384,2021 super output areas - middle layer,152,Cornish and British only identity,0
19253,2021,E02006384,2021 super output areas - middle layer,152,Any other combination of only UK identities ,18
19254,2021,E02006384,2021 super output areas - middle layer,152,Irish only identity,64
19255,2021,E02006384,2021 super output areas - middle layer,152,Irish and at least one UK identity,15
19256,2021,E02006384,2021 super output areas - middle layer,152,Other identity only,1541
19257,2021,E02006384,2021 super output areas - middle layer,152,Other identity and at least one UK identity,309
19258,2021,E02006384,2021 super output areas - middle layer,152,Non-UK identity only,1605
19259,2021,E02006384,2021 super output areas - middle layer,152,UK identity and non-UK identity,324
19260,2021,E02006385,2021 super output areas - middle layer,152,Total: All usual residents,11320
19261,2021,E02006385,2021 super output areas - middle layer,152,British only identity,5886
19262,2021,E02006385,2021 super output areas - middle layer,152,English only identity,1370
19263,2021,E02006385,2021 super output areas - middle layer,152,English and British only identity,1493
19264,2021,E02006385,2021 super output areas - middle layer,152,Welsh only identity,42
19265,2021,E02006385,2021 super output areas - middle layer,152,Welsh and British only identity,21
19266,2021,E02006385,2021 super output areas - middle layer,152,Any other combination of only UK identities,90
19267,2021,E02006385,2021 super output areas - middle layer,152,Scottish only identity,29
19268,2021,E02006385,2021 super output areas - middle layer,152,Scottish and British only identity,23
19269,2021,E02006385,2021 super output areas - middle layer,152,Northern Irish only identity,12
19270,2021,E02006385,2021 super output areas - middle layer,152,Northern Irish and British only identity,5
19271,2021,E02006385,2021 super output areas - middle layer,152,Cornish only identity,0
19272,2021,E02006385,2021 super output areas - middle layer,152,Cornish and British only identity,1
19273,2021,E02006385,2021 super output areas - middle layer,152,Any other combination of only UK identities ,20
19274,2021,E02006385,2021 super output areas - middle layer,152,Irish only identity,96
19275,2021,E02006385,2021 super output areas - middle layer,152,Irish and at least one UK identity,14
19276,2021,E02006385,2021 super output areas - middle layer,152,Other identity only,1933
19277,2021,E02006385,2021 super output areas - middle layer,152,Other identity and at least one UK identity,375
19278,2021,E02006385,2021 super output areas - middle layer,152,Non-UK identity only,2029
19279,2021,E02006385,2021 super output areas - middle layer,152,UK identity and non-UK identity,389
19280,2021,E02006386,2021 super output areas - middle layer,152,Total: All usual residents,8378
19281,2021,E02006386,2021 super output areas - middle layer,152,British only identity,4898
19282,2021,E02006386,2021 super output areas - middle layer,152,English only identity,1045
19283,2021,E02006386,2021 super output areas - middle layer,152,English and British only identity,1280
19284,2021,E02006386,2021 super output areas - middle layer,152,Welsh only identity,31
19285,2021,E02006386,2021 super output areas - middle layer,152,Welsh and British only identity,23
19286,2021,E02006386,2021 super output areas - middle layer,152,Any other combination of only UK identities,98
19287,2021,E02006386,2021 super output areas - middle layer,152,Scottish only identity,33
19288,2021,E02006386,2021 super output areas - middle layer,152,Scottish and British only identity,28
19289,2021,E02006386,2021 super output areas - middle layer,152,Northern Irish only identity,10
19290,2021,E02006386,2021 super output areas - middle layer,152,Northern Irish and British only identity,10
19291,2021,E02006386,2021 super output areas - middle layer,152,Cornish only identity,1
19292,2021,E02006386,2021 super output areas - middle layer,152,Cornish and British only identity,0
19293,2021,E02006386,2021 super output areas - middle layer,152,Any other combination of only UK identities ,16
19294,2021,E02006386,2021 super output areas - middle layer,152,Irish only identity,70
19295,2021,E02006386,2021 super output areas - middle layer,152,Irish and at least one UK identity,27
19296,2021,E02006386,2021 super output areas - middle layer,152,Other identity only,672
19297,2021,E02006386,2021 super output areas - middle layer,152,Other identity and at least one UK identity,234
19298,2021,E02006386,2021 super output areas - middle layer,152,Non-UK identity only,742
19299,2021,E02006386,2021 super output areas - middle layer,152,UK identity and non-UK identity,261
19300,2021,E02006387,2021 super output areas - middle layer,152,Total: All usual residents,6783
19301,2021,E02006387,2021 super output areas - middle layer,152,British only identity,4073
19302,2021,E02006387,2021 super output areas - middle layer,152,English only identity,1075
19303,2021,E02006387,2021 super output areas - middle layer,152,English and British only identity,1066
19304,2021,E02006387,2021 super output areas - middle layer,152,Welsh only identity,32
19305,2021,E02006387,2021 super output areas - middle layer,152,Welsh and British only identity,10
19306,2021,E02006387,2021 super output areas - middle layer,152,Any other combination of only UK identities,71
19307,2021,E02006387,2021 super output areas - middle layer,152,Scottish only identity,16
19308,2021,E02006387,2021 super output areas - middle layer,152,Scottish and British only identity,16
19309,2021,E02006387,2021 super output areas - middle layer,152,Northern Irish only identity,8
19310,2021,E02006387,2021 super output areas - middle layer,152,Northern Irish and British only identity,5
19311,2021,E02006387,2021 super output areas - middle layer,152,Cornish only identity,1
19312,2021,E02006387,2021 super output areas - middle layer,152,Cornish and British only identity,0
19313,2021,E02006387,2021 super output areas - middle layer,152,Any other combination of only UK identities ,25
19314,2021,E02006387,2021 super output areas - middle layer,152,Irish only identity,27
19315,2021,E02006387,2021 super output areas - middle layer,152,Irish and at least one UK identity,9
19316,2021,E02006387,2021 super output areas - middle layer,152,Other identity only,298
19317,2021,E02006387,2021 super output areas - middle layer,152,Other identity and at least one UK identity,122
19318,2021,E02006387,2021 super output areas - middle layer,152,Non-UK identity only,325
19319,2021,E02006387,2021 super output areas - middle layer,152,UK identity and non-UK identity,131
19320,2021,E02006388,2021 super output areas - middle layer,152,Total: All usual residents,9328
19321,2021,E02006388,2021 super output areas - middle layer,152,British only identity,5137
19322,2021,E02006388,2021 super output areas - middle layer,152,English only identity,1399
19323,2021,E02006388,2021 super output areas - middle layer,152,English and British only identity,1242
19324,2021,E02006388,2021 super output areas - middle layer,152,Welsh only identity,16
19325,2021,E02006388,2021 super output areas - middle layer,152,Welsh and British only identity,12
19326,2021,E02006388,2021 super output areas - middle layer,152,Any other combination of only UK identities,103
19327,2021,E02006388,2021 super output areas - middle layer,152,Scottish only identity,29
19328,2021,E02006388,2021 super output areas - middle layer,152,Scottish and British only identity,18
19329,2021,E02006388,2021 super output areas - middle layer,152,Northern Irish only identity,15
19330,2021,E02006388,2021 super output areas - middle layer,152,Northern Irish and British only identity,8
19331,2021,E02006388,2021 super output areas - middle layer,152,Cornish only identity,1
19332,2021,E02006388,2021 super output areas - middle layer,152,Cornish and British only identity,0
19333,2021,E02006388,2021 super output areas - middle layer,152,Any other combination of only UK identities ,32
19334,2021,E02006388,2021 super output areas - middle layer,152,Irish only identity,49
19335,2021,E02006388,2021 super output areas - middle layer,152,Irish and at least one UK identity,12
19336,2021,E02006388,2021 super output areas - middle layer,152,Other identity only,1109
19337,2021,E02006388,2021 super output areas - middle layer,152,Other identity and at least one UK identity,249
19338,2021,E02006388,2021 super output areas - middle layer,152,Non-UK identity only,1158
19339,2021,E02006388,2021 super output areas - middle layer,152,UK identity and non-UK identity,261
19340,2021,E02006389,2021 super output areas - middle layer,152,Total: All usual residents,7364
19341,2021,E02006389,2021 super output areas - middle layer,152,British only identity,4382
19342,2021,E02006389,2021 super output areas - middle layer,152,English only identity,1341
19343,2021,E02006389,2021 super output areas - middle layer,152,English and British only identity,1071
19344,2021,E02006389,2021 super output areas - middle layer,152,Welsh only identity,16
19345,2021,E02006389,2021 super output areas - middle layer,152,Welsh and British only identity,11
19346,2021,E02006389,2021 super output areas - middle layer,152,Any other combination of only UK identities,57
19347,2021,E02006389,2021 super output areas - middle layer,152,Scottish only identity,18
19348,2021,E02006389,2021 super output areas - middle layer,152,Scottish and British only identity,9
19349,2021,E02006389,2021 super output areas - middle layer,152,Northern Irish only identity,7
19350,2021,E02006389,2021 super output areas - middle layer,152,Northern Irish and British only identity,2
19351,2021,E02006389,2021 super output areas - middle layer,152,Cornish only identity,0
19352,2021,E02006389,2021 super output areas - middle layer,152,Cornish and British only identity,0
19353,2021,E02006389,2021 super output areas - middle layer,152,Any other combination of only UK identities ,21
19354,2021,E02006389,2021 super output areas - middle layer,152,Irish only identity,42
19355,2021,E02006389,2021 super output areas - middle layer,152,Irish and at least one UK identity,5
19356,2021,E02006389,2021 super output areas - middle layer,152,Other identity only,351
19357,2021,E02006389,2021 super output areas - middle layer,152,Other identity and at least one UK identity,88
19358,2021,E02006389,2021 super output areas - middle layer,152,Non-UK identity only,393
19359,2021,E02006389,2021 super output areas - middle layer,152,UK identity and non-UK identity,93
19360,2021,E02006390,2021 super output areas - middle layer,152,Total: All usual residents,10508
19361,2021,E02006390,2021 super output areas - middle layer,152,British only identity,6018
19362,2021,E02006390,2021 super output areas - middle layer,152,English only identity,1751
19363,2021,E02006390,2021 super output areas - middle layer,152,English and British only identity,1724
19364,2021,E02006390,2021 super output areas - middle layer,152,Welsh only identity,17
19365,2021,E02006390,2021 super output areas - middle layer,152,Welsh and British only identity,15
19366,2021,E02006390,2021 super output areas - middle layer,152,Any other combination of only UK identities,78
19367,2021,E02006390,2021 super output areas - middle layer,152,Scottish only identity,28
19368,2021,E02006390,2021 super output areas - middle layer,152,Scottish and British only identity,17
19369,2021,E02006390,2021 super output areas - middle layer,152,Northern Irish only identity,9
19370,2021,E02006390,2021 super output areas - middle layer,152,Northern Irish and British only identity,4
19371,2021,E02006390,2021 super output areas - middle layer,152,Cornish only identity,0
19372,2021,E02006390,2021 super output areas - middle layer,152,Cornish and British only identity,1
19373,2021,E02006390,2021 super output areas - middle layer,152,Any other combination of only UK identities ,19
19374,2021,E02006390,2021 super output areas - middle layer,152,Irish only identity,50
19375,2021,E02006390,2021 super output areas - middle layer,152,Irish and at least one UK identity,9
19376,2021,E02006390,2021 super output areas - middle layer,152,Other identity only,679
19377,2021,E02006390,2021 super output areas - middle layer,152,Other identity and at least one UK identity,167
19378,2021,E02006390,2021 super output areas - middle layer,152,Non-UK identity only,729
19379,2021,E02006390,2021 super output areas - middle layer,152,UK identity and non-UK identity,176
19380,2021,E02006391,2021 super output areas - middle layer,152,Total: All usual residents,7748
19381,2021,E02006391,2021 super output areas - middle layer,152,British only identity,4557
19382,2021,E02006391,2021 super output areas - middle layer,152,English only identity,1227
19383,2021,E02006391,2021 super output areas - middle layer,152,English and British only identity,1155
19384,2021,E02006391,2021 super output areas - middle layer,152,Welsh only identity,20
19385,2021,E02006391,2021 super output areas - middle layer,152,Welsh and British only identity,16
19386,2021,E02006391,2021 super output areas - middle layer,152,Any other combination of only UK identities,92
19387,2021,E02006391,2021 super output areas - middle layer,152,Scottish only identity,41
19388,2021,E02006391,2021 super output areas - middle layer,152,Scottish and British only identity,16
19389,2021,E02006391,2021 super output areas - middle layer,152,Northern Irish only identity,11
19390,2021,E02006391,2021 super output areas - middle layer,152,Northern Irish and British only identity,4
19391,2021,E02006391,2021 super output areas - middle layer,152,Cornish only identity,0
19392,2021,E02006391,2021 super output areas - middle layer,152,Cornish and British only identity,0
19393,2021,E02006391,2021 super output areas - middle layer,152,Any other combination of only UK identities ,20
19394,2021,E02006391,2021 super output areas - middle layer,152,Irish only identity,35
19395,2021,E02006391,2021 super output areas - middle layer,152,Irish and at least one UK identity,15
19396,2021,E02006391,2021 super output areas - middle layer,152,Other identity only,486
19397,2021,E02006391,2021 super output areas - middle layer,152,Other identity and at least one UK identity,145
19398,2021,E02006391,2021 super output areas - middle layer,152,Non-UK identity only,521
19399,2021,E02006391,2021 super output areas - middle layer,152,UK identity and non-UK identity,160
19400,2021,E02006392,2021 super output areas - middle layer,152,Total: All usual residents,9169
19401,2021,E02006392,2021 super output areas - middle layer,152,British only identity,4921
19402,2021,E02006392,2021 super output areas - middle layer,152,English only identity,1578
19403,2021,E02006392,2021 super output areas - middle layer,152,English and British only identity,1224
19404,2021,E02006392,2021 super output areas - middle layer,152,Welsh only identity,32
19405,2021,E02006392,2021 super output areas - middle layer,152,Welsh and British only identity,9
19406,2021,E02006392,2021 super output areas - middle layer,152,Any other combination of only UK identities,78
19407,2021,E02006392,2021 super output areas - middle layer,152,Scottish only identity,34
19408,2021,E02006392,2021 super output areas - middle layer,152,Scottish and British only identity,16
19409,2021,E02006392,2021 super output areas - middle layer,152,Northern Irish only identity,9
19410,2021,E02006392,2021 super output areas - middle layer,152,Northern Irish and British only identity,4
19411,2021,E02006392,2021 super output areas - middle layer,152,Cornish only identity,0
19412,2021,E02006392,2021 super output areas - middle layer,152,Cornish and British only identity,0
19413,2021,E02006392,2021 super output areas - middle layer,152,Any other combination of only UK identities ,15
19414,2021,E02006392,2021 super output areas - middle layer,152,Irish only identity,65
19415,2021,E02006392,2021 super output areas - middle layer,152,Irish and at least one UK identity,10
19416,2021,E02006392,2021 super output areas - middle layer,152,Other identity only,1073
19417,2021,E02006392,2021 super output areas - middle layer,152,Other identity and at least one UK identity,179
19418,2021,E02006392,2021 super output areas - middle layer,152,Non-UK identity only,1138
19419,2021,E02006392,2021 super output areas - middle layer,152,UK identity and non-UK identity,189
19420,2021,E02006393,2021 super output areas - middle layer,152,Total: All usual residents,6942
19421,2021,E02006393,2021 super output areas - middle layer,152,British only identity,3611
19422,2021,E02006393,2021 super output areas - middle layer,152,English only identity,905
19423,2021,E02006393,2021 super output areas - middle layer,152,English and British only identity,939
19424,2021,E02006393,2021 super output areas - middle layer,152,Welsh only identity,34
19425,2021,E02006393,2021 super output areas - middle layer,152,Welsh and British only identity,21
19426,2021,E02006393,2021 super output areas - middle layer,152,Any other combination of only UK identities,63
19427,2021,E02006393,2021 super output areas - middle layer,152,Scottish only identity,21
19428,2021,E02006393,2021 super output areas - middle layer,152,Scottish and British only identity,11
19429,2021,E02006393,2021 super output areas - middle layer,152,Northern Irish only identity,6
19430,2021,E02006393,2021 super output areas - middle layer,152,Northern Irish and British only identity,7
19431,2021,E02006393,2021 super output areas - middle layer,152,Cornish only identity,3
19432,2021,E02006393,2021 super output areas - middle layer,152,Cornish and British only identity,0
19433,2021,E02006393,2021 super output areas - middle layer,152,Any other combination of only UK identities ,15
19434,2021,E02006393,2021 super output areas - middle layer,152,Irish only identity,56
19435,2021,E02006393,2021 super output areas - middle layer,152,Irish and at least one UK identity,11
19436,2021,E02006393,2021 super output areas - middle layer,152,Other identity only,1070
19437,2021,E02006393,2021 super output areas - middle layer,152,Other identity and at least one UK identity,232
19438,2021,E02006393,2021 super output areas - middle layer,152,Non-UK identity only,1126
19439,2021,E02006393,2021 super output areas - middle layer,152,UK identity and non-UK identity,243
19440,2021,E02006394,2021 super output areas - middle layer,152,Total: All usual residents,11827
19441,2021,E02006394,2021 super output areas - middle layer,152,British only identity,6186
19442,2021,E02006394,2021 super output areas - middle layer,152,English only identity,1270
19443,2021,E02006394,2021 super output areas - middle layer,152,English and British only identity,1691
19444,2021,E02006394,2021 super output areas - middle layer,152,Welsh only identity,81
19445,2021,E02006394,2021 super output areas - middle layer,152,Welsh and British only identity,47
19446,2021,E02006394,2021 super output areas - middle layer,152,Any other combination of only UK identities,139
19447,2021,E02006394,2021 super output areas - middle layer,152,Scottish only identity,47
19448,2021,E02006394,2021 super output areas - middle layer,152,Scottish and British only identity,17
19449,2021,E02006394,2021 super output areas - middle layer,152,Northern Irish only identity,19
19450,2021,E02006394,2021 super output areas - middle layer,152,Northern Irish and British only identity,6
19451,2021,E02006394,2021 super output areas - middle layer,152,Cornish only identity,3
19452,2021,E02006394,2021 super output areas - middle layer,152,Cornish and British only identity,0
19453,2021,E02006394,2021 super output areas - middle layer,152,Any other combination of only UK identities ,47
19454,2021,E02006394,2021 super output areas - middle layer,152,Irish only identity,64
19455,2021,E02006394,2021 super output areas - middle layer,152,Irish and at least one UK identity,19
19456,2021,E02006394,2021 super output areas - middle layer,152,Other identity only,1837
19457,2021,E02006394,2021 super output areas - middle layer,152,Other identity and at least one UK identity,493
19458,2021,E02006394,2021 super output areas - middle layer,152,Non-UK identity only,1901
19459,2021,E02006394,2021 super output areas - middle layer,152,UK identity and non-UK identity,512
19460,2021,E02006395,2021 super output areas - middle layer,152,Total: All usual residents,9754
19461,2021,E02006395,2021 super output areas - middle layer,152,British only identity,5265
19462,2021,E02006395,2021 super output areas - middle layer,152,English only identity,1736
19463,2021,E02006395,2021 super output areas - middle layer,152,English and British only identity,1408
19464,2021,E02006395,2021 super output areas - middle layer,152,Welsh only identity,26
19465,2021,E02006395,2021 super output areas - middle layer,152,Welsh and British only identity,18
19466,2021,E02006395,2021 super output areas - middle layer,152,Any other combination of only UK identities,116
19467,2021,E02006395,2021 super output areas - middle layer,152,Scottish only identity,50
19468,2021,E02006395,2021 super output areas - middle layer,152,Scottish and British only identity,25
19469,2021,E02006395,2021 super output areas - middle layer,152,Northern Irish only identity,12
19470,2021,E02006395,2021 super output areas - middle layer,152,Northern Irish and British only identity,8
19471,2021,E02006395,2021 super output areas - middle layer,152,Cornish only identity,1
19472,2021,E02006395,2021 super output areas - middle layer,152,Cornish and British only identity,0
19473,2021,E02006395,2021 super output areas - middle layer,152,Any other combination of only UK identities ,20
19474,2021,E02006395,2021 super output areas - middle layer,152,Irish only identity,62
19475,2021,E02006395,2021 super output areas - middle layer,152,Irish and at least one UK identity,19
19476,2021,E02006395,2021 super output areas - middle layer,152,Other identity only,923
19477,2021,E02006395,2021 super output areas - middle layer,152,Other identity and at least one UK identity,181
19478,2021,E02006395,2021 super output areas - middle layer,152,Non-UK identity only,985
19479,2021,E02006395,2021 super output areas - middle layer,152,UK identity and non-UK identity,200
19480,2021,E02006396,2021 super output areas - middle layer,152,Total: All usual residents,5964
19481,2021,E02006396,2021 super output areas - middle layer,152,British only identity,3324
19482,2021,E02006396,2021 super output areas - middle layer,152,English only identity,1136
19483,2021,E02006396,2021 super output areas - middle layer,152,English and British only identity,787
19484,2021,E02006396,2021 super output areas - middle layer,152,Welsh only identity,15
19485,2021,E02006396,2021 super output areas - middle layer,152,Welsh and British only identity,9
19486,2021,E02006396,2021 super output areas - middle layer,152,Any other combination of only UK identities,52
19487,2021,E02006396,2021 super output areas - middle layer,152,Scottish only identity,18
19488,2021,E02006396,2021 super output areas - middle layer,152,Scottish and British only identity,11
19489,2021,E02006396,2021 super output areas - middle layer,152,Northern Irish only identity,7
19490,2021,E02006396,2021 super output areas - middle layer,152,Northern Irish and British only identity,1
19491,2021,E02006396,2021 super output areas - middle layer,152,Cornish only identity,3
19492,2021,E02006396,2021 super output areas - middle layer,152,Cornish and British only identity,0
19493,2021,E02006396,2021 super output areas - middle layer,152,Any other combination of only UK identities ,12
19494,2021,E02006396,2021 super output areas - middle layer,152,Irish only identity,27
19495,2021,E02006396,2021 super output areas - middle layer,152,Irish and at least one UK identity,8
19496,2021,E02006396,2021 super output areas - middle layer,152,Other identity only,483
19497,2021,E02006396,2021 super output areas - middle layer,152,Other identity and at least one UK identity,123
19498,2021,E02006396,2021 super output areas - middle layer,152,Non-UK identity only,510
19499,2021,E02006396,2021 super output areas - middle layer,152,UK identity and non-UK identity,131
19500,2021,E02006397,2021 super output areas - middle layer,152,Total: All usual residents,6333
19501,2021,E02006397,2021 super output areas - middle layer,152,British only identity,3490
19502,2021,E02006397,2021 super output areas - middle layer,152,English only identity,766
19503,2021,E02006397,2021 super output areas - middle layer,152,English and British only identity,610
19504,2021,E02006397,2021 super output areas - middle layer,152,Welsh only identity,15
19505,2021,E02006397,2021 super output areas - middle layer,152,Welsh and British only identity,9
19506,2021,E02006397,2021 super output areas - middle layer,152,Any other combination of only UK identities,88
19507,2021,E02006397,2021 super output areas - middle layer,152,Scottish only identity,34
19508,2021,E02006397,2021 super output areas - middle layer,152,Scottish and British only identity,23
19509,2021,E02006397,2021 super output areas - middle layer,152,Northern Irish only identity,7
19510,2021,E02006397,2021 super output areas - middle layer,152,Northern Irish and British only identity,6
19511,2021,E02006397,2021 super output areas - middle layer,152,Cornish only identity,1
19512,2021,E02006397,2021 super output areas - middle layer,152,Cornish and British only identity,0
19513,2021,E02006397,2021 super output areas - middle layer,152,Any other combination of only UK identities ,17
19514,2021,E02006397,2021 super output areas - middle layer,152,Irish only identity,70
19515,2021,E02006397,2021 super output areas - middle layer,152,Irish and at least one UK identity,13
19516,2021,E02006397,2021 super output areas - middle layer,152,Other identity only,1005
19517,2021,E02006397,2021 super output areas - middle layer,152,Other identity and at least one UK identity,267
19518,2021,E02006397,2021 super output areas - middle layer,152,Non-UK identity only,1075
19519,2021,E02006397,2021 super output areas - middle layer,152,UK identity and non-UK identity,280
19520,2021,E02006398,2021 super output areas - middle layer,152,Total: All usual residents,8653
19521,2021,E02006398,2021 super output areas - middle layer,152,British only identity,4731
19522,2021,E02006398,2021 super output areas - middle layer,152,English only identity,1449
19523,2021,E02006398,2021 super output areas - middle layer,152,English and British only identity,1291
19524,2021,E02006398,2021 super output areas - middle layer,152,Welsh only identity,17
19525,2021,E02006398,2021 super output areas - middle layer,152,Welsh and British only identity,13
19526,2021,E02006398,2021 super output areas - middle layer,152,Any other combination of only UK identities,87
19527,2021,E02006398,2021 super output areas - middle layer,152,Scottish only identity,29
19528,2021,E02006398,2021 super output areas - middle layer,152,Scottish and British only identity,24
19529,2021,E02006398,2021 super output areas - middle layer,152,Northern Irish only identity,11
19530,2021,E02006398,2021 super output areas - middle layer,152,Northern Irish and British only identity,4
19531,2021,E02006398,2021 super output areas - middle layer,152,Cornish only identity,1
19532,2021,E02006398,2021 super output areas - middle layer,152,Cornish and British only identity,0
19533,2021,E02006398,2021 super output areas - middle layer,152,Any other combination of only UK identities ,18
19534,2021,E02006398,2021 super output areas - middle layer,152,Irish only identity,98
19535,2021,E02006398,2021 super output areas - middle layer,152,Irish and at least one UK identity,12
19536,2021,E02006398,2021 super output areas - middle layer,152,Other identity only,773
19537,2021,E02006398,2021 super output areas - middle layer,152,Other identity and at least one UK identity,182
19538,2021,E02006398,2021 super output areas - middle layer,152,Non-UK identity only,871
19539,2021,E02006398,2021 super output areas - middle layer,152,UK identity and non-UK identity,194
19540,2021,E02006399,2021 super output areas - middle layer,152,Total: All usual residents,12269
19541,2021,E02006399,2021 super output areas - middle layer,152,British only identity,6790
19542,2021,E02006399,2021 super output areas - middle layer,152,English only identity,2118
19543,2021,E02006399,2021 super output areas - middle layer,152,English and British only identity,1711
19544,2021,E02006399,2021 super output areas - middle layer,152,Welsh only identity,32
19545,2021,E02006399,2021 super output areas - middle layer,152,Welsh and British only identity,17
19546,2021,E02006399,2021 super output areas - middle layer,152,Any other combination of only UK identities,102
19547,2021,E02006399,2021 super output areas - middle layer,152,Scottish only identity,39
19548,2021,E02006399,2021 super output areas - middle layer,152,Scottish and British only identity,23
19549,2021,E02006399,2021 super output areas - middle layer,152,Northern Irish only identity,14
19550,2021,E02006399,2021 super output areas - middle layer,152,Northern Irish and British only identity,2
19551,2021,E02006399,2021 super output areas - middle layer,152,Cornish only identity,1
19552,2021,E02006399,2021 super output areas - middle layer,152,Cornish and British only identity,0
19553,2021,E02006399,2021 super output areas - middle layer,152,Any other combination of only UK identities ,23
19554,2021,E02006399,2021 super output areas - middle layer,152,Irish only identity,92
19555,2021,E02006399,2021 super output areas - middle layer,152,Irish and at least one UK identity,15
19556,2021,E02006399,2021 super output areas - middle layer,152,Other identity only,1100
19557,2021,E02006399,2021 super output areas - middle layer,152,Other identity and at least one UK identity,292
19558,2021,E02006399,2021 super output areas - middle layer,152,Non-UK identity only,1192
19559,2021,E02006399,2021 super output areas - middle layer,152,UK identity and non-UK identity,307
19560,2021,E02006400,2021 super output areas - middle layer,152,Total: All usual residents,5685
19561,2021,E02006400,2021 super output areas - middle layer,152,British only identity,3186
19562,2021,E02006400,2021 super output areas - middle layer,152,English only identity,998
19563,2021,E02006400,2021 super output areas - middle layer,152,English and British only identity,701
19564,2021,E02006400,2021 super output areas - middle layer,152,Welsh only identity,25
19565,2021,E02006400,2021 super output areas - middle layer,152,Welsh and British only identity,6
19566,2021,E02006400,2021 super output areas - middle layer,152,Any other combination of only UK identities,60
19567,2021,E02006400,2021 super output areas - middle layer,152,Scottish only identity,22
19568,2021,E02006400,2021 super output areas - middle layer,152,Scottish and British only identity,22
19569,2021,E02006400,2021 super output areas - middle layer,152,Northern Irish only identity,5
19570,2021,E02006400,2021 super output areas - middle layer,152,Northern Irish and British only identity,0
19571,2021,E02006400,2021 super output areas - middle layer,152,Cornish only identity,1
19572,2021,E02006400,2021 super output areas - middle layer,152,Cornish and British only identity,0
19573,2021,E02006400,2021 super output areas - middle layer,152,Any other combination of only UK identities ,10
19574,2021,E02006400,2021 super output areas - middle layer,152,Irish only identity,43
19575,2021,E02006400,2021 super output areas - middle layer,152,Irish and at least one UK identity,6
19576,2021,E02006400,2021 super output areas - middle layer,152,Other identity only,540
19577,2021,E02006400,2021 super output areas - middle layer,152,Other identity and at least one UK identity,120
19578,2021,E02006400,2021 super output areas - middle layer,152,Non-UK identity only,583
19579,2021,E02006400,2021 super output areas - middle layer,152,UK identity and non-UK identity,126
19580,2021,E02006401,2021 super output areas - middle layer,152,Total: All usual residents,10712
19581,2021,E02006401,2021 super output areas - middle layer,152,British only identity,5954
19582,2021,E02006401,2021 super output areas - middle layer,152,English only identity,1807
19583,2021,E02006401,2021 super output areas - middle layer,152,English and British only identity,1524
19584,2021,E02006401,2021 super output areas - middle layer,152,Welsh only identity,45
19585,2021,E02006401,2021 super output areas - middle layer,152,Welsh and British only identity,8
19586,2021,E02006401,2021 super output areas - middle layer,152,Any other combination of only UK identities,94
19587,2021,E02006401,2021 super output areas - middle layer,152,Scottish only identity,45
19588,2021,E02006401,2021 super output areas - middle layer,152,Scottish and British only identity,12
19589,2021,E02006401,2021 super output areas - middle layer,152,Northern Irish only identity,11
19590,2021,E02006401,2021 super output areas - middle layer,152,Northern Irish and British only identity,5
19591,2021,E02006401,2021 super output areas - middle layer,152,Cornish only identity,4
19592,2021,E02006401,2021 super output areas - middle layer,152,Cornish and British only identity,0
19593,2021,E02006401,2021 super output areas - middle layer,152,Any other combination of only UK identities ,17
19594,2021,E02006401,2021 super output areas - middle layer,152,Irish only identity,101
19595,2021,E02006401,2021 super output areas - middle layer,152,Irish and at least one UK identity,8
19596,2021,E02006401,2021 super output areas - middle layer,152,Other identity only,955
19597,2021,E02006401,2021 super output areas - middle layer,152,Other identity and at least one UK identity,216
19598,2021,E02006401,2021 super output areas - middle layer,152,Non-UK identity only,1056
19599,2021,E02006401,2021 super output areas - middle layer,152,UK identity and non-UK identity,224
19600,2021,E02006402,2021 super output areas - middle layer,152,Total: All usual residents,9937
19601,2021,E02006402,2021 super output areas - middle layer,152,British only identity,5598
19602,2021,E02006402,2021 super output areas - middle layer,152,English only identity,1754
19603,2021,E02006402,2021 super output areas - middle layer,152,English and British only identity,1476
19604,2021,E02006402,2021 super output areas - middle layer,152,Welsh only identity,30
19605,2021,E02006402,2021 super output areas - middle layer,152,Welsh and British only identity,16
19606,2021,E02006402,2021 super output areas - middle layer,152,Any other combination of only UK identities,92
19607,2021,E02006402,2021 super output areas - middle layer,152,Scottish only identity,29
19608,2021,E02006402,2021 super output areas - middle layer,152,Scottish and British only identity,22
19609,2021,E02006402,2021 super output areas - middle layer,152,Northern Irish only identity,9
19610,2021,E02006402,2021 super output areas - middle layer,152,Northern Irish and British only identity,5
19611,2021,E02006402,2021 super output areas - middle layer,152,Cornish only identity,1
19612,2021,E02006402,2021 super output areas - middle layer,152,Cornish and British only identity,0
19613,2021,E02006402,2021 super output areas - middle layer,152,Any other combination of only UK identities ,26
19614,2021,E02006402,2021 super output areas - middle layer,152,Irish only identity,60
19615,2021,E02006402,2021 super output areas - middle layer,152,Irish and at least one UK identity,9
19616,2021,E02006402,2021 super output areas - middle layer,152,Other identity only,644
19617,2021,E02006402,2021 super output areas - middle layer,152,Other identity and at least one UK identity,258
19618,2021,E02006402,2021 super output areas - middle layer,152,Non-UK identity only,704
19619,2021,E02006402,2021 super output areas - middle layer,152,UK identity and non-UK identity,267
19620,2021,E02006403,2021 super output areas - middle layer,152,Total: All usual residents,6736
19621,2021,E02006403,2021 super output areas - middle layer,152,British only identity,3634
19622,2021,E02006403,2021 super output areas - middle layer,152,English only identity,1080
19623,2021,E02006403,2021 super output areas - middle layer,152,English and British only identity,713
19624,2021,E02006403,2021 super output areas - middle layer,152,Welsh only identity,10
19625,2021,E02006403,2021 super output areas - middle layer,152,Welsh and British only identity,5
19626,2021,E02006403,2021 super output areas - middle layer,152,Any other combination of only UK identities,47
19627,2021,E02006403,2021 super output areas - middle layer,152,Scottish only identity,26
19628,2021,E02006403,2021 super output areas - middle layer,152,Scottish and British only identity,6
19629,2021,E02006403,2021 super output areas - middle layer,152,Northern Irish only identity,10
19630,2021,E02006403,2021 super output areas - middle layer,152,Northern Irish and British only identity,1
19631,2021,E02006403,2021 super output areas - middle layer,152,Cornish only identity,1
19632,2021,E02006403,2021 super output areas - middle layer,152,Cornish and British only identity,0
19633,2021,E02006403,2021 super output areas - middle layer,152,Any other combination of only UK identities ,3
19634,2021,E02006403,2021 super output areas - middle layer,152,Irish only identity,42
19635,2021,E02006403,2021 super output areas - middle layer,152,Irish and at least one UK identity,3
19636,2021,E02006403,2021 super output areas - middle layer,152,Other identity only,1049
19637,2021,E02006403,2021 super output areas - middle layer,152,Other identity and at least one UK identity,153
19638,2021,E02006403,2021 super output areas - middle layer,152,Non-UK identity only,1091
19639,2021,E02006403,2021 super output areas - middle layer,152,UK identity and non-UK identity,156
19640,2021,E02006404,2021 super output areas - middle layer,152,Total: All usual residents,7756
19641,2021,E02006404,2021 super output areas - middle layer,152,British only identity,4369
19642,2021,E02006404,2021 super output areas - middle layer,152,English only identity,1132
19643,2021,E02006404,2021 super output areas - middle layer,152,English and British only identity,732
19644,2021,E02006404,2021 super output areas - middle layer,152,Welsh only identity,5
19645,2021,E02006404,2021 super output areas - middle layer,152,Welsh and British only identity,3
19646,2021,E02006404,2021 super output areas - middle layer,152,Any other combination of only UK identities,32
19647,2021,E02006404,2021 super output areas - middle layer,152,Scottish only identity,11
19648,2021,E02006404,2021 super output areas - middle layer,152,Scottish and British only identity,4
19649,2021,E02006404,2021 super output areas - middle layer,152,Northern Irish only identity,5
19650,2021,E02006404,2021 super output areas - middle layer,152,Northern Irish and British only identity,4
19651,2021,E02006404,2021 super output areas - middle layer,152,Cornish only identity,0
19652,2021,E02006404,2021 super output areas - middle layer,152,Cornish and British only identity,0
19653,2021,E02006404,2021 super output areas - middle layer,152,Any other combination of only UK identities ,8
19654,2021,E02006404,2021 super output areas - middle layer,152,Irish only identity,38
19655,2021,E02006404,2021 super output areas - middle layer,152,Irish and at least one UK identity,10
19656,2021,E02006404,2021 super output areas - middle layer,152,Other identity only,1202
19657,2021,E02006404,2021 super output areas - middle layer,152,Other identity and at least one UK identity,233
19658,2021,E02006404,2021 super output areas - middle layer,152,Non-UK identity only,1240
19659,2021,E02006404,2021 super output areas - middle layer,152,UK identity and non-UK identity,243
19660,2021,E02006405,2021 super output areas - middle layer,152,Total: All usual residents,11429
19661,2021,E02006405,2021 super output areas - middle layer,152,British only identity,6240
19662,2021,E02006405,2021 super output areas - middle layer,152,English only identity,2049
19663,2021,E02006405,2021 super output areas - middle layer,152,English and British only identity,1364
19664,2021,E02006405,2021 super output areas - middle layer,152,Welsh only identity,26
19665,2021,E02006405,2021 super output areas - middle layer,152,Welsh and British only identity,14
19666,2021,E02006405,2021 super output areas - middle layer,152,Any other combination of only UK identities,83
19667,2021,E02006405,2021 super output areas - middle layer,152,Scottish only identity,39
19668,2021,E02006405,2021 super output areas - middle layer,152,Scottish and British only identity,21
19669,2021,E02006405,2021 super output areas - middle layer,152,Northern Irish only identity,12
19670,2021,E02006405,2021 super output areas - middle layer,152,Northern Irish and British only identity,3
19671,2021,E02006405,2021 super output areas - middle layer,152,Cornish only identity,0
19672,2021,E02006405,2021 super output areas - middle layer,152,Cornish and British only identity,0
19673,2021,E02006405,2021 super output areas - middle layer,152,Any other combination of only UK identities ,8
19674,2021,E02006405,2021 super output areas - middle layer,152,Irish only identity,90
19675,2021,E02006405,2021 super output areas - middle layer,152,Irish and at least one UK identity,8
19676,2021,E02006405,2021 super output areas - middle layer,152,Other identity only,1301
19677,2021,E02006405,2021 super output areas - middle layer,152,Other identity and at least one UK identity,254
19678,2021,E02006405,2021 super output areas - middle layer,152,Non-UK identity only,1391
19679,2021,E02006405,2021 super output areas - middle layer,152,UK identity and non-UK identity,262
19680,2021,E02006406,2021 super output areas - middle layer,152,Total: All usual residents,8953
19681,2021,E02006406,2021 super output areas - middle layer,152,British only identity,4418
19682,2021,E02006406,2021 super output areas - middle layer,152,English only identity,1184
19683,2021,E02006406,2021 super output areas - middle layer,152,English and British only identity,1010
19684,2021,E02006406,2021 super output areas - middle layer,152,Welsh only identity,29
19685,2021,E02006406,2021 super output areas - middle layer,152,Welsh and British only identity,13
19686,2021,E02006406,2021 super output areas - middle layer,152,Any other combination of only UK identities,114
19687,2021,E02006406,2021 super output areas - middle layer,152,Scottish only identity,56
19688,2021,E02006406,2021 super output areas - middle layer,152,Scottish and British only identity,23
19689,2021,E02006406,2021 super output areas - middle layer,152,Northern Irish only identity,11
19690,2021,E02006406,2021 super output areas - middle layer,152,Northern Irish and British only identity,6
19691,2021,E02006406,2021 super output areas - middle layer,152,Cornish only identity,2
19692,2021,E02006406,2021 super output areas - middle layer,152,Cornish and British only identity,0
19693,2021,E02006406,2021 super output areas - middle layer,152,Any other combination of only UK identities ,16
19694,2021,E02006406,2021 super output areas - middle layer,152,Irish only identity,79
19695,2021,E02006406,2021 super output areas - middle layer,152,Irish and at least one UK identity,18
19696,2021,E02006406,2021 super output areas - middle layer,152,Other identity only,1763
19697,2021,E02006406,2021 super output areas - middle layer,152,Other identity and at least one UK identity,325
19698,2021,E02006406,2021 super output areas - middle layer,152,Non-UK identity only,1842
19699,2021,E02006406,2021 super output areas - middle layer,152,UK identity and non-UK identity,343
19700,2021,E02006407,2021 super output areas - middle layer,152,Total: All usual residents,9311
19701,2021,E02006407,2021 super output areas - middle layer,152,British only identity,5069
19702,2021,E02006407,2021 super output areas - middle layer,152,English only identity,1933
19703,2021,E02006407,2021 super output areas - middle layer,152,English and British only identity,1256
19704,2021,E02006407,2021 super output areas - middle layer,152,Welsh only identity,18
19705,2021,E02006407,2021 super output areas - middle layer,152,Welsh and British only identity,7
19706,2021,E02006407,2021 super output areas - middle layer,152,Any other combination of only UK identities,94
19707,2021,E02006407,2021 super output areas - middle layer,152,Scottish only identity,36
19708,2021,E02006407,2021 super output areas - middle layer,152,Scottish and British only identity,28
19709,2021,E02006407,2021 super output areas - middle layer,152,Northern Irish only identity,9
19710,2021,E02006407,2021 super output areas - middle layer,152,Northern Irish and British only identity,5
19711,2021,E02006407,2021 super output areas - middle layer,152,Cornish only identity,3
19712,2021,E02006407,2021 super output areas - middle layer,152,Cornish and British only identity,0
19713,2021,E02006407,2021 super output areas - middle layer,152,Any other combination of only UK identities ,13
19714,2021,E02006407,2021 super output areas - middle layer,152,Irish only identity,83
19715,2021,E02006407,2021 super output areas - middle layer,152,Irish and at least one UK identity,12
19716,2021,E02006407,2021 super output areas - middle layer,152,Other identity only,669
19717,2021,E02006407,2021 super output areas - middle layer,152,Other identity and at least one UK identity,170
19718,2021,E02006407,2021 super output areas - middle layer,152,Non-UK identity only,752
19719,2021,E02006407,2021 super output areas - middle layer,152,UK identity and non-UK identity,182
19720,2021,E02006408,2021 super output areas - middle layer,152,Total: All usual residents,8851
19721,2021,E02006408,2021 super output areas - middle layer,152,British only identity,4918
19722,2021,E02006408,2021 super output areas - middle layer,152,English only identity,1620
19723,2021,E02006408,2021 super output areas - middle layer,152,English and British only identity,1140
19724,2021,E02006408,2021 super output areas - middle layer,152,Welsh only identity,26
19725,2021,E02006408,2021 super output areas - middle layer,152,Welsh and British only identity,11
19726,2021,E02006408,2021 super output areas - middle layer,152,Any other combination of only UK identities,57
19727,2021,E02006408,2021 super output areas - middle layer,152,Scottish only identity,26
19728,2021,E02006408,2021 super output areas - middle layer,152,Scottish and British only identity,11
19729,2021,E02006408,2021 super output areas - middle layer,152,Northern Irish only identity,7
19730,2021,E02006408,2021 super output areas - middle layer,152,Northern Irish and British only identity,1
19731,2021,E02006408,2021 super output areas - middle layer,152,Cornish only identity,0
19732,2021,E02006408,2021 super output areas - middle layer,152,Cornish and British only identity,0
19733,2021,E02006408,2021 super output areas - middle layer,152,Any other combination of only UK identities ,12
19734,2021,E02006408,2021 super output areas - middle layer,152,Irish only identity,54
19735,2021,E02006408,2021 super output areas - middle layer,152,Irish and at least one UK identity,6
19736,2021,E02006408,2021 super output areas - middle layer,152,Other identity only,830
19737,2021,E02006408,2021 super output areas - middle layer,152,Other identity and at least one UK identity,189
19738,2021,E02006408,2021 super output areas - middle layer,152,Non-UK identity only,884
19739,2021,E02006408,2021 super output areas - middle layer,152,UK identity and non-UK identity,195
19740,2021,E02006409,2021 super output areas - middle layer,152,Total: All usual residents,6780
19741,2021,E02006409,2021 super output areas - middle layer,152,British only identity,3698
19742,2021,E02006409,2021 super output areas - middle layer,152,English only identity,1310
19743,2021,E02006409,2021 super output areas - middle layer,152,English and British only identity,973
19744,2021,E02006409,2021 super output areas - middle layer,152,Welsh only identity,21
19745,2021,E02006409,2021 super output areas - middle layer,152,Welsh and British only identity,11
19746,2021,E02006409,2021 super output areas - middle layer,152,Any other combination of only UK identities,66
19747,2021,E02006409,2021 super output areas - middle layer,152,Scottish only identity,22
19748,2021,E02006409,2021 super output areas - middle layer,152,Scottish and British only identity,10
19749,2021,E02006409,2021 super output areas - middle layer,152,Northern Irish only identity,8
19750,2021,E02006409,2021 super output areas - middle layer,152,Northern Irish and British only identity,8
19751,2021,E02006409,2021 super output areas - middle layer,152,Cornish only identity,0
19752,2021,E02006409,2021 super output areas - middle layer,152,Cornish and British only identity,0
19753,2021,E02006409,2021 super output areas - middle layer,152,Any other combination of only UK identities ,18
19754,2021,E02006409,2021 super output areas - middle layer,152,Irish only identity,38
19755,2021,E02006409,2021 super output areas - middle layer,152,Irish and at least one UK identity,6
19756,2021,E02006409,2021 super output areas - middle layer,152,Other identity only,498
19757,2021,E02006409,2021 super output areas - middle layer,152,Other identity and at least one UK identity,159
19758,2021,E02006409,2021 super output areas - middle layer,152,Non-UK identity only,536
19759,2021,E02006409,2021 super output areas - middle layer,152,UK identity and non-UK identity,165
19760,2021,E02006410,2021 super output areas - middle layer,152,Total: All usual residents,8509
19761,2021,E02006410,2021 super output areas - middle layer,152,British only identity,4655
19762,2021,E02006410,2021 super output areas - middle layer,152,English only identity,1532
19763,2021,E02006410,2021 super output areas - middle layer,152,English and British only identity,1024
19764,2021,E02006410,2021 super output areas - middle layer,152,Welsh only identity,18
19765,2021,E02006410,2021 super output areas - middle layer,152,Welsh and British only identity,4
19766,2021,E02006410,2021 super output areas - middle layer,152,Any other combination of only UK identities,50
19767,2021,E02006410,2021 super output areas - middle layer,152,Scottish only identity,27
19768,2021,E02006410,2021 super output areas - middle layer,152,Scottish and British only identity,6
19769,2021,E02006410,2021 super output areas - middle layer,152,Northern Irish only identity,10
19770,2021,E02006410,2021 super output areas - middle layer,152,Northern Irish and British only identity,4
19771,2021,E02006410,2021 super output areas - middle layer,152,Cornish only identity,2
19772,2021,E02006410,2021 super output areas - middle layer,152,Cornish and British only identity,0
19773,2021,E02006410,2021 super output areas - middle layer,152,Any other combination of only UK identities ,1
19774,2021,E02006410,2021 super output areas - middle layer,152,Irish only identity,48
19775,2021,E02006410,2021 super output areas - middle layer,152,Irish and at least one UK identity,13
19776,2021,E02006410,2021 super output areas - middle layer,152,Other identity only,940
19777,2021,E02006410,2021 super output areas - middle layer,152,Other identity and at least one UK identity,225
19778,2021,E02006410,2021 super output areas - middle layer,152,Non-UK identity only,988
19779,2021,E02006410,2021 super output areas - middle layer,152,UK identity and non-UK identity,238
19780,2021,E02006411,2021 super output areas - middle layer,152,Total: All usual residents,7190
19781,2021,E02006411,2021 super output areas - middle layer,152,British only identity,3879
19782,2021,E02006411,2021 super output areas - middle layer,152,English only identity,1413
19783,2021,E02006411,2021 super output areas - middle layer,152,English and British only identity,972
19784,2021,E02006411,2021 super output areas - middle layer,152,Welsh only identity,28
19785,2021,E02006411,2021 super output areas - middle layer,152,Welsh and British only identity,10
19786,2021,E02006411,2021 super output areas - middle layer,152,Any other combination of only UK identities,92
19787,2021,E02006411,2021 super output areas - middle layer,152,Scottish only identity,44
19788,2021,E02006411,2021 super output areas - middle layer,152,Scottish and British only identity,18
19789,2021,E02006411,2021 super output areas - middle layer,152,Northern Irish only identity,11
19790,2021,E02006411,2021 super output areas - middle layer,152,Northern Irish and British only identity,3
19791,2021,E02006411,2021 super output areas - middle layer,152,Cornish only identity,4
19792,2021,E02006411,2021 super output areas - middle layer,152,Cornish and British only identity,0
19793,2021,E02006411,2021 super output areas - middle layer,152,Any other combination of only UK identities ,12
19794,2021,E02006411,2021 super output areas - middle layer,152,Irish only identity,54
19795,2021,E02006411,2021 super output areas - middle layer,152,Irish and at least one UK identity,11
19796,2021,E02006411,2021 super output areas - middle layer,152,Other identity only,536
19797,2021,E02006411,2021 super output areas - middle layer,152,Other identity and at least one UK identity,195
19798,2021,E02006411,2021 super output areas - middle layer,152,Non-UK identity only,590
19799,2021,E02006411,2021 super output areas - middle layer,152,UK identity and non-UK identity,206
19800,2021,E02006412,2021 super output areas - middle layer,152,Total: All usual residents,7743
19801,2021,E02006412,2021 super output areas - middle layer,152,British only identity,4391
19802,2021,E02006412,2021 super output areas - middle layer,152,English only identity,1299
19803,2021,E02006412,2021 super output areas - middle layer,152,English and British only identity,938
19804,2021,E02006412,2021 super output areas - middle layer,152,Welsh only identity,36
19805,2021,E02006412,2021 super output areas - middle layer,152,Welsh and British only identity,9
19806,2021,E02006412,2021 super output areas - middle layer,152,Any other combination of only UK identities,98
19807,2021,E02006412,2021 super output areas - middle layer,152,Scottish only identity,44
19808,2021,E02006412,2021 super output areas - middle layer,152,Scottish and British only identity,22
19809,2021,E02006412,2021 super output areas - middle layer,152,Northern Irish only identity,12
19810,2021,E02006412,2021 super output areas - middle layer,152,Northern Irish and British only identity,7
19811,2021,E02006412,2021 super output areas - middle layer,152,Cornish only identity,3
19812,2021,E02006412,2021 super output areas - middle layer,152,Cornish and British only identity,0
19813,2021,E02006412,2021 super output areas - middle layer,152,Any other combination of only UK identities ,10
19814,2021,E02006412,2021 super output areas - middle layer,152,Irish only identity,103
19815,2021,E02006412,2021 super output areas - middle layer,152,Irish and at least one UK identity,10
19816,2021,E02006412,2021 super output areas - middle layer,152,Other identity only,647
19817,2021,E02006412,2021 super output areas - middle layer,152,Other identity and at least one UK identity,212
19818,2021,E02006412,2021 super output areas - middle layer,152,Non-UK identity only,750
19819,2021,E02006412,2021 super output areas - middle layer,152,UK identity and non-UK identity,222
19820,2021,E02006413,2021 super output areas - middle layer,152,Total: All usual residents,6472
19821,2021,E02006413,2021 super output areas - middle layer,152,British only identity,3595
19822,2021,E02006413,2021 super output areas - middle layer,152,English only identity,1298
19823,2021,E02006413,2021 super output areas - middle layer,152,English and British only identity,912
19824,2021,E02006413,2021 super output areas - middle layer,152,Welsh only identity,36
19825,2021,E02006413,2021 super output areas - middle layer,152,Welsh and British only identity,15
19826,2021,E02006413,2021 super output areas - middle layer,152,Any other combination of only UK identities,60
19827,2021,E02006413,2021 super output areas - middle layer,152,Scottish only identity,26
19828,2021,E02006413,2021 super output areas - middle layer,152,Scottish and British only identity,13
19829,2021,E02006413,2021 super output areas - middle layer,152,Northern Irish only identity,10
19830,2021,E02006413,2021 super output areas - middle layer,152,Northern Irish and British only identity,1
19831,2021,E02006413,2021 super output areas - middle layer,152,Cornish only identity,0
19832,2021,E02006413,2021 super output areas - middle layer,152,Cornish and British only identity,0
19833,2021,E02006413,2021 super output areas - middle layer,152,Any other combination of only UK identities ,10
19834,2021,E02006413,2021 super output areas - middle layer,152,Irish only identity,69
19835,2021,E02006413,2021 super output areas - middle layer,152,Irish and at least one UK identity,12
19836,2021,E02006413,2021 super output areas - middle layer,152,Other identity only,368
19837,2021,E02006413,2021 super output areas - middle layer,152,Other identity and at least one UK identity,107
19838,2021,E02006413,2021 super output areas - middle layer,152,Non-UK identity only,437
19839,2021,E02006413,2021 super output areas - middle layer,152,UK identity and non-UK identity,119
19840,2021,E02006414,2021 super output areas - middle layer,152,Total: All usual residents,6234
19841,2021,E02006414,2021 super output areas - middle layer,152,British only identity,3525
19842,2021,E02006414,2021 super output areas - middle layer,152,English only identity,1312
19843,2021,E02006414,2021 super output areas - middle layer,152,English and British only identity,907
19844,2021,E02006414,2021 super output areas - middle layer,152,Welsh only identity,32
19845,2021,E02006414,2021 super output areas - middle layer,152,Welsh and British only identity,13
19846,2021,E02006414,2021 super output areas - middle layer,152,Any other combination of only UK identities,58
19847,2021,E02006414,2021 super output areas - middle layer,152,Scottish only identity,21
19848,2021,E02006414,2021 super output areas - middle layer,152,Scottish and British only identity,14
19849,2021,E02006414,2021 super output areas - middle layer,152,Northern Irish only identity,4
19850,2021,E02006414,2021 super output areas - middle layer,152,Northern Irish and British only identity,4
19851,2021,E02006414,2021 super output areas - middle layer,152,Cornish only identity,2
19852,2021,E02006414,2021 super output areas - middle layer,152,Cornish and British only identity,0
19853,2021,E02006414,2021 super output areas - middle layer,152,Any other combination of only UK identities ,13
19854,2021,E02006414,2021 super output areas - middle layer,152,Irish only identity,28
19855,2021,E02006414,2021 super output areas - middle layer,152,Irish and at least one UK identity,8
19856,2021,E02006414,2021 super output areas - middle layer,152,Other identity only,268
19857,2021,E02006414,2021 super output areas - middle layer,152,Other identity and at least one UK identity,83
19858,2021,E02006414,2021 super output areas - middle layer,152,Non-UK identity only,296
19859,2021,E02006414,2021 super output areas - middle layer,152,UK identity and non-UK identity,91
19860,2021,E02006415,2021 super output areas - middle layer,152,Total: All usual residents,6985
19861,2021,E02006415,2021 super output areas - middle layer,152,British only identity,3909
19862,2021,E02006415,2021 super output areas - middle layer,152,English only identity,1435
19863,2021,E02006415,2021 super output areas - middle layer,152,English and British only identity,905
19864,2021,E02006415,2021 super output areas - middle layer,152,Welsh only identity,42
19865,2021,E02006415,2021 super output areas - middle layer,152,Welsh and British only identity,17
19866,2021,E02006415,2021 super output areas - middle layer,152,Any other combination of only UK identities,97
19867,2021,E02006415,2021 super output areas - middle layer,152,Scottish only identity,40
19868,2021,E02006415,2021 super output areas - middle layer,152,Scottish and British only identity,21
19869,2021,E02006415,2021 super output areas - middle layer,152,Northern Irish only identity,7
19870,2021,E02006415,2021 super output areas - middle layer,152,Northern Irish and British only identity,6
19871,2021,E02006415,2021 super output areas - middle layer,152,Cornish only identity,0
19872,2021,E02006415,2021 super output areas - middle layer,152,Cornish and British only identity,0
19873,2021,E02006415,2021 super output areas - middle layer,152,Any other combination of only UK identities ,23
19874,2021,E02006415,2021 super output areas - middle layer,152,Irish only identity,48
19875,2021,E02006415,2021 super output areas - middle layer,152,Irish and at least one UK identity,10
19876,2021,E02006415,2021 super output areas - middle layer,152,Other identity only,410
19877,2021,E02006415,2021 super output areas - middle layer,152,Other identity and at least one UK identity,112
19878,2021,E02006415,2021 super output areas - middle layer,152,Non-UK identity only,458
19879,2021,E02006415,2021 super output areas - middle layer,152,UK identity and non-UK identity,122
19880,2021,E02006416,2021 super output areas - middle layer,152,Total: All usual residents,8384
19881,2021,E02006416,2021 super output areas - middle layer,152,British only identity,4898
19882,2021,E02006416,2021 super output areas - middle layer,152,English only identity,1423
19883,2021,E02006416,2021 super output areas - middle layer,152,English and British only identity,1241
19884,2021,E02006416,2021 super output areas - middle layer,152,Welsh only identity,42
19885,2021,E02006416,2021 super output areas - middle layer,152,Welsh and British only identity,22
19886,2021,E02006416,2021 super output areas - middle layer,152,Any other combination of only UK identities,118
19887,2021,E02006416,2021 super output areas - middle layer,152,Scottish only identity,40
19888,2021,E02006416,2021 super output areas - middle layer,152,Scottish and British only identity,30
19889,2021,E02006416,2021 super output areas - middle layer,152,Northern Irish only identity,8
19890,2021,E02006416,2021 super output areas - middle layer,152,Northern Irish and British only identity,5
19891,2021,E02006416,2021 super output areas - middle layer,152,Cornish only identity,4
19892,2021,E02006416,2021 super output areas - middle layer,152,Cornish and British only identity,1
19893,2021,E02006416,2021 super output areas - middle layer,152,Any other combination of only UK identities ,30
19894,2021,E02006416,2021 super output areas - middle layer,152,Irish only identity,53
19895,2021,E02006416,2021 super output areas - middle layer,152,Irish and at least one UK identity,8
19896,2021,E02006416,2021 super output areas - middle layer,152,Other identity only,396
19897,2021,E02006416,2021 super output areas - middle layer,152,Other identity and at least one UK identity,183
19898,2021,E02006416,2021 super output areas - middle layer,152,Non-UK identity only,449
19899,2021,E02006416,2021 super output areas - middle layer,152,UK identity and non-UK identity,191
19900,2021,E02006417,2021 super output areas - middle layer,152,Total: All usual residents,6081
19901,2021,E02006417,2021 super output areas - middle layer,152,British only identity,3451
19902,2021,E02006417,2021 super output areas - middle layer,152,English only identity,1043
19903,2021,E02006417,2021 super output areas - middle layer,152,English and British only identity,982
19904,2021,E02006417,2021 super output areas - middle layer,152,Welsh only identity,20
19905,2021,E02006417,2021 super output areas - middle layer,152,Welsh and British only identity,10
19906,2021,E02006417,2021 super output areas - middle layer,152,Any other combination of only UK identities,85
19907,2021,E02006417,2021 super output areas - middle layer,152,Scottish only identity,43
19908,2021,E02006417,2021 super output areas - middle layer,152,Scottish and British only identity,13
19909,2021,E02006417,2021 super output areas - middle layer,152,Northern Irish only identity,11
19910,2021,E02006417,2021 super output areas - middle layer,152,Northern Irish and British only identity,6
19911,2021,E02006417,2021 super output areas - middle layer,152,Cornish only identity,0
19912,2021,E02006417,2021 super output areas - middle layer,152,Cornish and British only identity,0
19913,2021,E02006417,2021 super output areas - middle layer,152,Any other combination of only UK identities ,12
19914,2021,E02006417,2021 super output areas - middle layer,152,Irish only identity,34
19915,2021,E02006417,2021 super output areas - middle layer,152,Irish and at least one UK identity,3
19916,2021,E02006417,2021 super output areas - middle layer,152,Other identity only,336
19917,2021,E02006417,2021 super output areas - middle layer,152,Other identity and at least one UK identity,117
19918,2021,E02006417,2021 super output areas - middle layer,152,Non-UK identity only,370
19919,2021,E02006417,2021 super output areas - middle layer,152,UK identity and non-UK identity,120
19920,2021,E02006418,2021 super output areas - middle layer,152,Total: All usual residents,6538
19921,2021,E02006418,2021 super output areas - middle layer,152,British only identity,3789
19922,2021,E02006418,2021 super output areas - middle layer,152,English only identity,1250
19923,2021,E02006418,2021 super output areas - middle layer,152,English and British only identity,951
19924,2021,E02006418,2021 super output areas - middle layer,152,Welsh only identity,43
19925,2021,E02006418,2021 super output areas - middle layer,152,Welsh and British only identity,20
19926,2021,E02006418,2021 super output areas - middle layer,152,Any other combination of only UK identities,106
19927,2021,E02006418,2021 super output areas - middle layer,152,Scottish only identity,51
19928,2021,E02006418,2021 super output areas - middle layer,152,Scottish and British only identity,18
19929,2021,E02006418,2021 super output areas - middle layer,152,Northern Irish only identity,11
19930,2021,E02006418,2021 super output areas - middle layer,152,Northern Irish and British only identity,9
19931,2021,E02006418,2021 super output areas - middle layer,152,Cornish only identity,2
19932,2021,E02006418,2021 super output areas - middle layer,152,Cornish and British only identity,0
19933,2021,E02006418,2021 super output areas - middle layer,152,Any other combination of only UK identities ,15
19934,2021,E02006418,2021 super output areas - middle layer,152,Irish only identity,37
19935,2021,E02006418,2021 super output areas - middle layer,152,Irish and at least one UK identity,11
19936,2021,E02006418,2021 super output areas - middle layer,152,Other identity only,242
19937,2021,E02006418,2021 super output areas - middle layer,152,Other identity and at least one UK identity,89
19938,2021,E02006418,2021 super output areas - middle layer,152,Non-UK identity only,279
19939,2021,E02006418,2021 super output areas - middle layer,152,UK identity and non-UK identity,100
19940,2021,E02006419,2021 super output areas - middle layer,152,Total: All usual residents,8248
19941,2021,E02006419,2021 super output areas - middle layer,152,British only identity,4626
19942,2021,E02006419,2021 super output areas - middle layer,152,English only identity,1267
19943,2021,E02006419,2021 super output areas - middle layer,152,English and British only identity,1135
19944,2021,E02006419,2021 super output areas - middle layer,152,Welsh only identity,25
19945,2021,E02006419,2021 super output areas - middle layer,152,Welsh and British only identity,16
19946,2021,E02006419,2021 super output areas - middle layer,152,Any other combination of only UK identities,97
19947,2021,E02006419,2021 super output areas - middle layer,152,Scottish only identity,42
19948,2021,E02006419,2021 super output areas - middle layer,152,Scottish and British only identity,18
19949,2021,E02006419,2021 super output areas - middle layer,152,Northern Irish only identity,15
19950,2021,E02006419,2021 super output areas - middle layer,152,Northern Irish and British only identity,6
19951,2021,E02006419,2021 super output areas - middle layer,152,Cornish only identity,0
19952,2021,E02006419,2021 super output areas - middle layer,152,Cornish and British only identity,0
19953,2021,E02006419,2021 super output areas - middle layer,152,Any other combination of only UK identities ,16
19954,2021,E02006419,2021 super output areas - middle layer,152,Irish only identity,79
19955,2021,E02006419,2021 super output areas - middle layer,152,Irish and at least one UK identity,16
19956,2021,E02006419,2021 super output areas - middle layer,152,Other identity only,805
19957,2021,E02006419,2021 super output areas - middle layer,152,Other identity and at least one UK identity,182
19958,2021,E02006419,2021 super output areas - middle layer,152,Non-UK identity only,884
19959,2021,E02006419,2021 super output areas - middle layer,152,UK identity and non-UK identity,198
19960,2021,E02006420,2021 super output areas - middle layer,152,Total: All usual residents,7744
19961,2021,E02006420,2021 super output areas - middle layer,152,British only identity,4705
19962,2021,E02006420,2021 super output areas - middle layer,152,English only identity,1097
19963,2021,E02006420,2021 super output areas - middle layer,152,English and British only identity,959
19964,2021,E02006420,2021 super output areas - middle layer,152,Welsh only identity,30
19965,2021,E02006420,2021 super output areas - middle layer,152,Welsh and British only identity,23
19966,2021,E02006420,2021 super output areas - middle layer,152,Any other combination of only UK identities,127
19967,2021,E02006420,2021 super output areas - middle layer,152,Scottish only identity,40
19968,2021,E02006420,2021 super output areas - middle layer,152,Scottish and British only identity,45
19969,2021,E02006420,2021 super output areas - middle layer,152,Northern Irish only identity,13
19970,2021,E02006420,2021 super output areas - middle layer,152,Northern Irish and British only identity,6
19971,2021,E02006420,2021 super output areas - middle layer,152,Cornish only identity,1
19972,2021,E02006420,2021 super output areas - middle layer,152,Cornish and British only identity,3
19973,2021,E02006420,2021 super output areas - middle layer,152,Any other combination of only UK identities ,19
19974,2021,E02006420,2021 super output areas - middle layer,152,Irish only identity,53
19975,2021,E02006420,2021 super output areas - middle layer,152,Irish and at least one UK identity,9
19976,2021,E02006420,2021 super output areas - middle layer,152,Other identity only,582
19977,2021,E02006420,2021 super output areas - middle layer,152,Other identity and at least one UK identity,159
19978,2021,E02006420,2021 super output areas - middle layer,152,Non-UK identity only,635
19979,2021,E02006420,2021 super output areas - middle layer,152,UK identity and non-UK identity,168
19980,2021,E02006421,2021 super output areas - middle layer,152,Total: All usual residents,10333
19981,2021,E02006421,2021 super output areas - middle layer,152,British only identity,6184
19982,2021,E02006421,2021 super output areas - middle layer,152,English only identity,1585
19983,2021,E02006421,2021 super output areas - middle layer,152,English and British only identity,1630
19984,2021,E02006421,2021 super output areas - middle layer,152,Welsh only identity,32
19985,2021,E02006421,2021 super output areas - middle layer,152,Welsh and British only identity,20
19986,2021,E02006421,2021 super output areas - middle layer,152,Any other combination of only UK identities,111
19987,2021,E02006421,2021 super output areas - middle layer,152,Scottish only identity,43
19988,2021,E02006421,2021 super output areas - middle layer,152,Scottish and British only identity,24
19989,2021,E02006421,2021 super output areas - middle layer,152,Northern Irish only identity,12
19990,2021,E02006421,2021 super output areas - middle layer,152,Northern Irish and British only identity,9
19991,2021,E02006421,2021 super output areas - middle layer,152,Cornish only identity,2
19992,2021,E02006421,2021 super output areas - middle layer,152,Cornish and British only identity,0
19993,2021,E02006421,2021 super output areas - middle layer,152,Any other combination of only UK identities ,21
19994,2021,E02006421,2021 super output areas - middle layer,152,Irish only identity,32
19995,2021,E02006421,2021 super output areas - middle layer,152,Irish and at least one UK identity,16
19996,2021,E02006421,2021 super output areas - middle layer,152,Other identity only,492
19997,2021,E02006421,2021 super output areas - middle layer,152,Other identity and at least one UK identity,231
19998,2021,E02006421,2021 super output areas - middle layer,152,Non-UK identity only,524
19999,2021,E02006421,2021 super output areas - middle layer,152,UK identity and non-UK identity,247
20000,2021,E02006422,2021 super output areas - middle layer,152,Total: All usual residents,6206
20001,2021,E02006422,2021 super output areas - middle layer,152,British only identity,3651
20002,2021,E02006422,2021 super output areas - middle layer,152,English only identity,1067
20003,2021,E02006422,2021 super output areas - middle layer,152,English and British only identity,892
20004,2021,E02006422,2021 super output areas - middle layer,152,Welsh only identity,26
20005,2021,E02006422,2021 super output areas - middle layer,152,Welsh and British only identity,16
20006,2021,E02006422,2021 super output areas - middle layer,152,Any other combination of only UK identities,90
20007,2021,E02006422,2021 super output areas - middle layer,152,Scottish only identity,28
20008,2021,E02006422,2021 super output areas - middle layer,152,Scottish and British only identity,30
20009,2021,E02006422,2021 super output areas - middle layer,152,Northern Irish only identity,11
20010,2021,E02006422,2021 super output areas - middle layer,152,Northern Irish and British only identity,6
20011,2021,E02006422,2021 super output areas - middle layer,152,Cornish only identity,0
20012,2021,E02006422,2021 super output areas - middle layer,152,Cornish and British only identity,0
20013,2021,E02006422,2021 super output areas - middle layer,152,Any other combination of only UK identities ,15
20014,2021,E02006422,2021 super output areas - middle layer,152,Irish only identity,19
20015,2021,E02006422,2021 super output areas - middle layer,152,Irish and at least one UK identity,8
20016,2021,E02006422,2021 super output areas - middle layer,152,Other identity only,322
20017,2021,E02006422,2021 super output areas - middle layer,152,Other identity and at least one UK identity,115
20018,2021,E02006422,2021 super output areas - middle layer,152,Non-UK identity only,341
20019,2021,E02006422,2021 super output areas - middle layer,152,UK identity and non-UK identity,123
20020,2021,E02006423,2021 super output areas - middle layer,152,Total: All usual residents,11205
20021,2021,E02006423,2021 super output areas - middle layer,152,British only identity,6348
20022,2021,E02006423,2021 super output areas - middle layer,152,English only identity,1569
20023,2021,E02006423,2021 super output areas - middle layer,152,English and British only identity,1378
20024,2021,E02006423,2021 super output areas - middle layer,152,Welsh only identity,32
20025,2021,E02006423,2021 super output areas - middle layer,152,Welsh and British only identity,17
20026,2021,E02006423,2021 super output areas - middle layer,152,Any other combination of only UK identities,114
20027,2021,E02006423,2021 super output areas - middle layer,152,Scottish only identity,46
20028,2021,E02006423,2021 super output areas - middle layer,152,Scottish and British only identity,38
20029,2021,E02006423,2021 super output areas - middle layer,152,Northern Irish only identity,3
20030,2021,E02006423,2021 super output areas - middle layer,152,Northern Irish and British only identity,3
20031,2021,E02006423,2021 super output areas - middle layer,152,Cornish only identity,2
20032,2021,E02006423,2021 super output areas - middle layer,152,Cornish and British only identity,0
20033,2021,E02006423,2021 super output areas - middle layer,152,Any other combination of only UK identities ,22
20034,2021,E02006423,2021 super output areas - middle layer,152,Irish only identity,44
20035,2021,E02006423,2021 super output areas - middle layer,152,Irish and at least one UK identity,7
20036,2021,E02006423,2021 super output areas - middle layer,152,Other identity only,1425
20037,2021,E02006423,2021 super output areas - middle layer,152,Other identity and at least one UK identity,271
20038,2021,E02006423,2021 super output areas - middle layer,152,Non-UK identity only,1469
20039,2021,E02006423,2021 super output areas - middle layer,152,UK identity and non-UK identity,278
20040,2021,E02006424,2021 super output areas - middle layer,152,Total: All usual residents,6494
20041,2021,E02006424,2021 super output areas - middle layer,152,British only identity,3780
20042,2021,E02006424,2021 super output areas - middle layer,152,English only identity,1075
20043,2021,E02006424,2021 super output areas - middle layer,152,English and British only identity,877
20044,2021,E02006424,2021 super output areas - middle layer,152,Welsh only identity,31
20045,2021,E02006424,2021 super output areas - middle layer,152,Welsh and British only identity,18
20046,2021,E02006424,2021 super output areas - middle layer,152,Any other combination of only UK identities,105
20047,2021,E02006424,2021 super output areas - middle layer,152,Scottish only identity,46
20048,2021,E02006424,2021 super output areas - middle layer,152,Scottish and British only identity,28
20049,2021,E02006424,2021 super output areas - middle layer,152,Northern Irish only identity,5
20050,2021,E02006424,2021 super output areas - middle layer,152,Northern Irish and British only identity,5
20051,2021,E02006424,2021 super output areas - middle layer,152,Cornish only identity,0
20052,2021,E02006424,2021 super output areas - middle layer,152,Cornish and British only identity,0
20053,2021,E02006424,2021 super output areas - middle layer,152,Any other combination of only UK identities ,21
20054,2021,E02006424,2021 super output areas - middle layer,152,Irish only identity,31
20055,2021,E02006424,2021 super output areas - middle layer,152,Irish and at least one UK identity,9
20056,2021,E02006424,2021 super output areas - middle layer,152,Other identity only,389
20057,2021,E02006424,2021 super output areas - middle layer,152,Other identity and at least one UK identity,179
20058,2021,E02006424,2021 super output areas - middle layer,152,Non-UK identity only,420
20059,2021,E02006424,2021 super output areas - middle layer,152,UK identity and non-UK identity,188
20060,2021,E02006425,2021 super output areas - middle layer,152,Total: All usual residents,6442
20061,2021,E02006425,2021 super output areas - middle layer,152,British only identity,3594
20062,2021,E02006425,2021 super output areas - middle layer,152,English only identity,982
20063,2021,E02006425,2021 super output areas - middle layer,152,English and British only identity,866
20064,2021,E02006425,2021 super output areas - middle layer,152,Welsh only identity,16
20065,2021,E02006425,2021 super output areas - middle layer,152,Welsh and British only identity,11
20066,2021,E02006425,2021 super output areas - middle layer,152,Any other combination of only UK identities,64
20067,2021,E02006425,2021 super output areas - middle layer,152,Scottish only identity,33
20068,2021,E02006425,2021 super output areas - middle layer,152,Scottish and British only identity,12
20069,2021,E02006425,2021 super output areas - middle layer,152,Northern Irish only identity,6
20070,2021,E02006425,2021 super output areas - middle layer,152,Northern Irish and British only identity,4
20071,2021,E02006425,2021 super output areas - middle layer,152,Cornish only identity,0
20072,2021,E02006425,2021 super output areas - middle layer,152,Cornish and British only identity,0
20073,2021,E02006425,2021 super output areas - middle layer,152,Any other combination of only UK identities ,9
20074,2021,E02006425,2021 super output areas - middle layer,152,Irish only identity,32
20075,2021,E02006425,2021 super output areas - middle layer,152,Irish and at least one UK identity,6
20076,2021,E02006425,2021 super output areas - middle layer,152,Other identity only,708
20077,2021,E02006425,2021 super output areas - middle layer,152,Other identity and at least one UK identity,163
20078,2021,E02006425,2021 super output areas - middle layer,152,Non-UK identity only,740
20079,2021,E02006425,2021 super output areas - middle layer,152,UK identity and non-UK identity,169
20080,2021,E02006426,2021 super output areas - middle layer,152,Total: All usual residents,5543
20081,2021,E02006426,2021 super output areas - middle layer,152,British only identity,3176
20082,2021,E02006426,2021 super output areas - middle layer,152,English only identity,1075
20083,2021,E02006426,2021 super output areas - middle layer,152,English and British only identity,808
20084,2021,E02006426,2021 super output areas - middle layer,152,Welsh only identity,22
20085,2021,E02006426,2021 super output areas - middle layer,152,Welsh and British only identity,13
20086,2021,E02006426,2021 super output areas - middle layer,152,Any other combination of only UK identities,71
20087,2021,E02006426,2021 super output areas - middle layer,152,Scottish only identity,35
20088,2021,E02006426,2021 super output areas - middle layer,152,Scottish and British only identity,16
20089,2021,E02006426,2021 super output areas - middle layer,152,Northern Irish only identity,4
20090,2021,E02006426,2021 super output areas - middle layer,152,Northern Irish and British only identity,6
20091,2021,E02006426,2021 super output areas - middle layer,152,Cornish only identity,0
20092,2021,E02006426,2021 super output areas - middle layer,152,Cornish and British only identity,0
20093,2021,E02006426,2021 super output areas - middle layer,152,Any other combination of only UK identities ,10
20094,2021,E02006426,2021 super output areas - middle layer,152,Irish only identity,28
20095,2021,E02006426,2021 super output areas - middle layer,152,Irish and at least one UK identity,2
20096,2021,E02006426,2021 super output areas - middle layer,152,Other identity only,275
20097,2021,E02006426,2021 super output areas - middle layer,152,Other identity and at least one UK identity,73
20098,2021,E02006426,2021 super output areas - middle layer,152,Non-UK identity only,303
20099,2021,E02006426,2021 super output areas - middle layer,152,UK identity and non-UK identity,75
20100,2021,E02006427,2021 super output areas - middle layer,152,Total: All usual residents,7228
20101,2021,E02006427,2021 super output areas - middle layer,152,British only identity,4249
20102,2021,E02006427,2021 super output areas - middle layer,152,English only identity,1254
20103,2021,E02006427,2021 super output areas - middle layer,152,English and British only identity,1059
20104,2021,E02006427,2021 super output areas - middle layer,152,Welsh only identity,28
20105,2021,E02006427,2021 super output areas - middle layer,152,Welsh and British only identity,20
20106,2021,E02006427,2021 super output areas - middle layer,152,Any other combination of only UK identities,96
20107,2021,E02006427,2021 super output areas - middle layer,152,Scottish only identity,39
20108,2021,E02006427,2021 super output areas - middle layer,152,Scottish and British only identity,16
20109,2021,E02006427,2021 super output areas - middle layer,152,Northern Irish only identity,19
20110,2021,E02006427,2021 super output areas - middle layer,152,Northern Irish and British only identity,3
20111,2021,E02006427,2021 super output areas - middle layer,152,Cornish only identity,2
20112,2021,E02006427,2021 super output areas - middle layer,152,Cornish and British only identity,0
20113,2021,E02006427,2021 super output areas - middle layer,152,Any other combination of only UK identities ,17
20114,2021,E02006427,2021 super output areas - middle layer,152,Irish only identity,28
20115,2021,E02006427,2021 super output areas - middle layer,152,Irish and at least one UK identity,6
20116,2021,E02006427,2021 super output areas - middle layer,152,Other identity only,341
20117,2021,E02006427,2021 super output areas - middle layer,152,Other identity and at least one UK identity,147
20118,2021,E02006427,2021 super output areas - middle layer,152,Non-UK identity only,369
20119,2021,E02006427,2021 super output areas - middle layer,152,UK identity and non-UK identity,153
20120,2021,E02006429,2021 super output areas - middle layer,152,Total: All usual residents,8209
20121,2021,E02006429,2021 super output areas - middle layer,152,British only identity,4861
20122,2021,E02006429,2021 super output areas - middle layer,152,English only identity,1375
20123,2021,E02006429,2021 super output areas - middle layer,152,English and British only identity,1155
20124,2021,E02006429,2021 super output areas - middle layer,152,Welsh only identity,15
20125,2021,E02006429,2021 super output areas - middle layer,152,Welsh and British only identity,15
20126,2021,E02006429,2021 super output areas - middle layer,152,Any other combination of only UK identities,63
20127,2021,E02006429,2021 super output areas - middle layer,152,Scottish only identity,21
20128,2021,E02006429,2021 super output areas - middle layer,152,Scottish and British only identity,3
20129,2021,E02006429,2021 super output areas - middle layer,152,Northern Irish only identity,7
20130,2021,E02006429,2021 super output areas - middle layer,152,Northern Irish and British only identity,7
20131,2021,E02006429,2021 super output areas - middle layer,152,Cornish only identity,1
20132,2021,E02006429,2021 super output areas - middle layer,152,Cornish and British only identity,1
20133,2021,E02006429,2021 super output areas - middle layer,152,Any other combination of only UK identities ,23
20134,2021,E02006429,2021 super output areas - middle layer,152,Irish only identity,48
20135,2021,E02006429,2021 super output areas - middle layer,152,Irish and at least one UK identity,17
20136,2021,E02006429,2021 super output areas - middle layer,152,Other identity only,479
20137,2021,E02006429,2021 super output areas - middle layer,152,Other identity and at least one UK identity,181
20138,2021,E02006429,2021 super output areas - middle layer,152,Non-UK identity only,527
20139,2021,E02006429,2021 super output areas - middle layer,152,UK identity and non-UK identity,198
20140,2021,E02006430,2021 super output areas - middle layer,152,Total: All usual residents,9517
20141,2021,E02006430,2021 super output areas - middle layer,152,British only identity,5697
20142,2021,E02006430,2021 super output areas - middle layer,152,English only identity,1687
20143,2021,E02006430,2021 super output areas - middle layer,152,English and British only identity,1411
20144,2021,E02006430,2021 super output areas - middle layer,152,Welsh only identity,19
20145,2021,E02006430,2021 super output areas - middle layer,152,Welsh and British only identity,13
20146,2021,E02006430,2021 super output areas - middle layer,152,Any other combination of only UK identities,80
20147,2021,E02006430,2021 super output areas - middle layer,152,Scottish only identity,29
20148,2021,E02006430,2021 super output areas - middle layer,152,Scottish and British only identity,8
20149,2021,E02006430,2021 super output areas - middle layer,152,Northern Irish only identity,8
20150,2021,E02006430,2021 super output areas - middle layer,152,Northern Irish and British only identity,7
20151,2021,E02006430,2021 super output areas - middle layer,152,Cornish only identity,0
20152,2021,E02006430,2021 super output areas - middle layer,152,Cornish and British only identity,0
20153,2021,E02006430,2021 super output areas - middle layer,152,Any other combination of only UK identities ,28
20154,2021,E02006430,2021 super output areas - middle layer,152,Irish only identity,36
20155,2021,E02006430,2021 super output areas - middle layer,152,Irish and at least one UK identity,9
20156,2021,E02006430,2021 super output areas - middle layer,152,Other identity only,406
20157,2021,E02006430,2021 super output areas - middle layer,152,Other identity and at least one UK identity,159
20158,2021,E02006430,2021 super output areas - middle layer,152,Non-UK identity only,442
20159,2021,E02006430,2021 super output areas - middle layer,152,UK identity and non-UK identity,168
20160,2021,E02006431,2021 super output areas - middle layer,152,Total: All usual residents,11568
20161,2021,E02006431,2021 super output areas - middle layer,152,British only identity,6619
20162,2021,E02006431,2021 super output areas - middle layer,152,English only identity,1813
20163,2021,E02006431,2021 super output areas - middle layer,152,English and British only identity,1590
20164,2021,E02006431,2021 super output areas - middle layer,152,Welsh only identity,32
20165,2021,E02006431,2021 super output areas - middle layer,152,Welsh and British only identity,18
20166,2021,E02006431,2021 super output areas - middle layer,152,Any other combination of only UK identities,123
20167,2021,E02006431,2021 super output areas - middle layer,152,Scottish only identity,48
20168,2021,E02006431,2021 super output areas - middle layer,152,Scottish and British only identity,26
20169,2021,E02006431,2021 super output areas - middle layer,152,Northern Irish only identity,26
20170,2021,E02006431,2021 super output areas - middle layer,152,Northern Irish and British only identity,1
20171,2021,E02006431,2021 super output areas - middle layer,152,Cornish only identity,0
20172,2021,E02006431,2021 super output areas - middle layer,152,Cornish and British only identity,0
20173,2021,E02006431,2021 super output areas - middle layer,152,Any other combination of only UK identities ,22
20174,2021,E02006431,2021 super output areas - middle layer,152,Irish only identity,92
20175,2021,E02006431,2021 super output areas - middle layer,152,Irish and at least one UK identity,19
20176,2021,E02006431,2021 super output areas - middle layer,152,Other identity only,965
20177,2021,E02006431,2021 super output areas - middle layer,152,Other identity and at least one UK identity,297
20178,2021,E02006431,2021 super output areas - middle layer,152,Non-UK identity only,1057
20179,2021,E02006431,2021 super output areas - middle layer,152,UK identity and non-UK identity,316
20180,2021,E02006432,2021 super output areas - middle layer,152,Total: All usual residents,5672
20181,2021,E02006432,2021 super output areas - middle layer,152,British only identity,3359
20182,2021,E02006432,2021 super output areas - middle layer,152,English only identity,986
20183,2021,E02006432,2021 super output areas - middle layer,152,English and British only identity,858
20184,2021,E02006432,2021 super output areas - middle layer,152,Welsh only identity,20
20185,2021,E02006432,2021 super output areas - middle layer,152,Welsh and British only identity,11
20186,2021,E02006432,2021 super output areas - middle layer,152,Any other combination of only UK identities,91
20187,2021,E02006432,2021 super output areas - middle layer,152,Scottish only identity,26
20188,2021,E02006432,2021 super output areas - middle layer,152,Scottish and British only identity,23
20189,2021,E02006432,2021 super output areas - middle layer,152,Northern Irish only identity,7
20190,2021,E02006432,2021 super output areas - middle layer,152,Northern Irish and British only identity,6
20191,2021,E02006432,2021 super output areas - middle layer,152,Cornish only identity,1
20192,2021,E02006432,2021 super output areas - middle layer,152,Cornish and British only identity,0
20193,2021,E02006432,2021 super output areas - middle layer,152,Any other combination of only UK identities ,28
20194,2021,E02006432,2021 super output areas - middle layer,152,Irish only identity,43
20195,2021,E02006432,2021 super output areas - middle layer,152,Irish and at least one UK identity,6
20196,2021,E02006432,2021 super output areas - middle layer,152,Other identity only,219
20197,2021,E02006432,2021 super output areas - middle layer,152,Other identity and at least one UK identity,79
20198,2021,E02006432,2021 super output areas - middle layer,152,Non-UK identity only,262
20199,2021,E02006432,2021 super output areas - middle layer,152,UK identity and non-UK identity,85
20200,2021,E02006433,2021 super output areas - middle layer,152,Total: All usual residents,9493
20201,2021,E02006433,2021 super output areas - middle layer,152,British only identity,5707
20202,2021,E02006433,2021 super output areas - middle layer,152,English only identity,1538
20203,2021,E02006433,2021 super output areas - middle layer,152,English and British only identity,1354
20204,2021,E02006433,2021 super output areas - middle layer,152,Welsh only identity,46
20205,2021,E02006433,2021 super output areas - middle layer,152,Welsh and British only identity,31
20206,2021,E02006433,2021 super output areas - middle layer,152,Any other combination of only UK identities,133
20207,2021,E02006433,2021 super output areas - middle layer,152,Scottish only identity,42
20208,2021,E02006433,2021 super output areas - middle layer,152,Scottish and British only identity,44
20209,2021,E02006433,2021 super output areas - middle layer,152,Northern Irish only identity,15
20210,2021,E02006433,2021 super output areas - middle layer,152,Northern Irish and British only identity,7
20211,2021,E02006433,2021 super output areas - middle layer,152,Cornish only identity,0
20212,2021,E02006433,2021 super output areas - middle layer,152,Cornish and British only identity,0
20213,2021,E02006433,2021 super output areas - middle layer,152,Any other combination of only UK identities ,25
20214,2021,E02006433,2021 super output areas - middle layer,152,Irish only identity,52
20215,2021,E02006433,2021 super output areas - middle layer,152,Irish and at least one UK identity,15
20216,2021,E02006433,2021 super output areas - middle layer,152,Other identity only,440
20217,2021,E02006433,2021 super output areas - middle layer,152,Other identity and at least one UK identity,177
20218,2021,E02006433,2021 super output areas - middle layer,152,Non-UK identity only,492
20219,2021,E02006433,2021 super output areas - middle layer,152,UK identity and non-UK identity,192
20220,2021,E02006434,2021 super output areas - middle layer,152,Total: All usual residents,6632
20221,2021,E02006434,2021 super output areas - middle layer,152,British only identity,3944
20222,2021,E02006434,2021 super output areas - middle layer,152,English only identity,1187
20223,2021,E02006434,2021 super output areas - middle layer,152,English and British only identity,1031
20224,2021,E02006434,2021 super output areas - middle layer,152,Welsh only identity,27
20225,2021,E02006434,2021 super output areas - middle layer,152,Welsh and British only identity,20
20226,2021,E02006434,2021 super output areas - middle layer,152,Any other combination of only UK identities,68
20227,2021,E02006434,2021 super output areas - middle layer,152,Scottish only identity,30
20228,2021,E02006434,2021 super output areas - middle layer,152,Scottish and British only identity,12
20229,2021,E02006434,2021 super output areas - middle layer,152,Northern Irish only identity,5
20230,2021,E02006434,2021 super output areas - middle layer,152,Northern Irish and British only identity,6
20231,2021,E02006434,2021 super output areas - middle layer,152,Cornish only identity,0
20232,2021,E02006434,2021 super output areas - middle layer,152,Cornish and British only identity,0
20233,2021,E02006434,2021 super output areas - middle layer,152,Any other combination of only UK identities ,15
20234,2021,E02006434,2021 super output areas - middle layer,152,Irish only identity,40
20235,2021,E02006434,2021 super output areas - middle layer,152,Irish and at least one UK identity,19
20236,2021,E02006434,2021 super output areas - middle layer,152,Other identity only,195
20237,2021,E02006434,2021 super output areas - middle layer,152,Other identity and at least one UK identity,101
20238,2021,E02006434,2021 super output areas - middle layer,152,Non-UK identity only,235
20239,2021,E02006434,2021 super output areas - middle layer,152,UK identity and non-UK identity,120
20240,2021,E02006435,2021 super output areas - middle layer,152,Total: All usual residents,6117
20241,2021,E02006435,2021 super output areas - middle layer,152,British only identity,3615
20242,2021,E02006435,2021 super output areas - middle layer,152,English only identity,1114
20243,2021,E02006435,2021 super output areas - middle layer,152,English and British only identity,951
20244,2021,E02006435,2021 super output areas - middle layer,152,Welsh only identity,18
20245,2021,E02006435,2021 super output areas - middle layer,152,Welsh and British only identity,9
20246,2021,E02006435,2021 super output areas - middle layer,152,Any other combination of only UK identities,75
20247,2021,E02006435,2021 super output areas - middle layer,152,Scottish only identity,24
20248,2021,E02006435,2021 super output areas - middle layer,152,Scottish and British only identity,18
20249,2021,E02006435,2021 super output areas - middle layer,152,Northern Irish only identity,10
20250,2021,E02006435,2021 super output areas - middle layer,152,Northern Irish and British only identity,4
20251,2021,E02006435,2021 super output areas - middle layer,152,Cornish only identity,0
20252,2021,E02006435,2021 super output areas - middle layer,152,Cornish and British only identity,1
20253,2021,E02006435,2021 super output areas - middle layer,152,Any other combination of only UK identities ,18
20254,2021,E02006435,2021 super output areas - middle layer,152,Irish only identity,33
20255,2021,E02006435,2021 super output areas - middle layer,152,Irish and at least one UK identity,15
20256,2021,E02006435,2021 super output areas - middle layer,152,Other identity only,219
20257,2021,E02006435,2021 super output areas - middle layer,152,Other identity and at least one UK identity,68
20258,2021,E02006435,2021 super output areas - middle layer,152,Non-UK identity only,252
20259,2021,E02006435,2021 super output areas - middle layer,152,UK identity and non-UK identity,83
20260,2021,E02006436,2021 super output areas - middle layer,152,Total: All usual residents,6215
20261,2021,E02006436,2021 super output areas - middle layer,152,British only identity,3611
20262,2021,E02006436,2021 super output areas - middle layer,152,English only identity,1185
20263,2021,E02006436,2021 super output areas - middle layer,152,English and British only identity,1003
20264,2021,E02006436,2021 super output areas - middle layer,152,Welsh only identity,20
20265,2021,E02006436,2021 super output areas - middle layer,152,Welsh and British only identity,14
20266,2021,E02006436,2021 super output areas - middle layer,152,Any other combination of only UK identities,47
20267,2021,E02006436,2021 super output areas - middle layer,152,Scottish only identity,16
20268,2021,E02006436,2021 super output areas - middle layer,152,Scottish and British only identity,7
20269,2021,E02006436,2021 super output areas - middle layer,152,Northern Irish only identity,9
20270,2021,E02006436,2021 super output areas - middle layer,152,Northern Irish and British only identity,1
20271,2021,E02006436,2021 super output areas - middle layer,152,Cornish only identity,0
20272,2021,E02006436,2021 super output areas - middle layer,152,Cornish and British only identity,0
20273,2021,E02006436,2021 super output areas - middle layer,152,Any other combination of only UK identities ,14
20274,2021,E02006436,2021 super output areas - middle layer,152,Irish only identity,25
20275,2021,E02006436,2021 super output areas - middle layer,152,Irish and at least one UK identity,5
20276,2021,E02006436,2021 super output areas - middle layer,152,Other identity only,230
20277,2021,E02006436,2021 super output areas - middle layer,152,Other identity and at least one UK identity,75
20278,2021,E02006436,2021 super output areas - middle layer,152,Non-UK identity only,255
20279,2021,E02006436,2021 super output areas - middle layer,152,UK identity and non-UK identity,80
20280,2021,E02006437,2021 super output areas - middle layer,152,Total: All usual residents,8386
20281,2021,E02006437,2021 super output areas - middle layer,152,British only identity,4907
20282,2021,E02006437,2021 super output areas - middle layer,152,English only identity,1606
20283,2021,E02006437,2021 super output areas - middle layer,152,English and British only identity,1249
20284,2021,E02006437,2021 super output areas - middle layer,152,Welsh only identity,34
20285,2021,E02006437,2021 super output areas - middle layer,152,Welsh and British only identity,11
20286,2021,E02006437,2021 super output areas - middle layer,152,Any other combination of only UK identities,119
20287,2021,E02006437,2021 super output areas - middle layer,152,Scottish only identity,50
20288,2021,E02006437,2021 super output areas - middle layer,152,Scottish and British only identity,29
20289,2021,E02006437,2021 super output areas - middle layer,152,Northern Irish only identity,18
20290,2021,E02006437,2021 super output areas - middle layer,152,Northern Irish and British only identity,5
20291,2021,E02006437,2021 super output areas - middle layer,152,Cornish only identity,1
20292,2021,E02006437,2021 super output areas - middle layer,152,Cornish and British only identity,0
20293,2021,E02006437,2021 super output areas - middle layer,152,Any other combination of only UK identities ,16
20294,2021,E02006437,2021 super output areas - middle layer,152,Irish only identity,45
20295,2021,E02006437,2021 super output areas - middle layer,152,Irish and at least one UK identity,12
20296,2021,E02006437,2021 super output areas - middle layer,152,Other identity only,313
20297,2021,E02006437,2021 super output areas - middle layer,152,Other identity and at least one UK identity,90
20298,2021,E02006437,2021 super output areas - middle layer,152,Non-UK identity only,358
20299,2021,E02006437,2021 super output areas - middle layer,152,UK identity and non-UK identity,102
20300,2021,E02006438,2021 super output areas - middle layer,152,Total: All usual residents,8351
20301,2021,E02006438,2021 super output areas - middle layer,152,British only identity,4988
20302,2021,E02006438,2021 super output areas - middle layer,152,English only identity,1598
20303,2021,E02006438,2021 super output areas - middle layer,152,English and British only identity,1228
20304,2021,E02006438,2021 super output areas - middle layer,152,Welsh only identity,20
20305,2021,E02006438,2021 super output areas - middle layer,152,Welsh and British only identity,14
20306,2021,E02006438,2021 super output areas - middle layer,152,Any other combination of only UK identities,77
20307,2021,E02006438,2021 super output areas - middle layer,152,Scottish only identity,25
20308,2021,E02006438,2021 super output areas - middle layer,152,Scottish and British only identity,20
20309,2021,E02006438,2021 super output areas - middle layer,152,Northern Irish only identity,8
20310,2021,E02006438,2021 super output areas - middle layer,152,Northern Irish and British only identity,4
20311,2021,E02006438,2021 super output areas - middle layer,152,Cornish only identity,0
20312,2021,E02006438,2021 super output areas - middle layer,152,Cornish and British only identity,0
20313,2021,E02006438,2021 super output areas - middle layer,152,Any other combination of only UK identities ,20
20314,2021,E02006438,2021 super output areas - middle layer,152,Irish only identity,33
20315,2021,E02006438,2021 super output areas - middle layer,152,Irish and at least one UK identity,8
20316,2021,E02006438,2021 super output areas - middle layer,152,Other identity only,294
20317,2021,E02006438,2021 super output areas - middle layer,152,Other identity and at least one UK identity,91
20318,2021,E02006438,2021 super output areas - middle layer,152,Non-UK identity only,327
20319,2021,E02006438,2021 super output areas - middle layer,152,UK identity and non-UK identity,99
20320,2021,E02006790,2021 super output areas - middle layer,152,Total: All usual residents,7715
20321,2021,E02006790,2021 super output areas - middle layer,152,British only identity,4398
20322,2021,E02006790,2021 super output areas - middle layer,152,English only identity,1750
20323,2021,E02006790,2021 super output areas - middle layer,152,English and British only identity,1084
20324,2021,E02006790,2021 super output areas - middle layer,152,Welsh only identity,23
20325,2021,E02006790,2021 super output areas - middle layer,152,Welsh and British only identity,10
20326,2021,E02006790,2021 super output areas - middle layer,152,Any other combination of only UK identities,79
20327,2021,E02006790,2021 super output areas - middle layer,152,Scottish only identity,32
20328,2021,E02006790,2021 super output areas - middle layer,152,Scottish and British only identity,23
20329,2021,E02006790,2021 super output areas - middle layer,152,Northern Irish only identity,6
20330,2021,E02006790,2021 super output areas - middle layer,152,Northern Irish and British only identity,3
20331,2021,E02006790,2021 super output areas - middle layer,152,Cornish only identity,0
20332,2021,E02006790,2021 super output areas - middle layer,152,Cornish and British only identity,0
20333,2021,E02006790,2021 super output areas - middle layer,152,Any other combination of only UK identities ,15
20334,2021,E02006790,2021 super output areas - middle layer,152,Irish only identity,60
20335,2021,E02006790,2021 super output areas - middle layer,152,Irish and at least one UK identity,6
20336,2021,E02006790,2021 super output areas - middle layer,152,Other identity only,221
20337,2021,E02006790,2021 super output areas - middle layer,152,Other identity and at least one UK identity,84
20338,2021,E02006790,2021 super output areas - middle layer,152,Non-UK identity only,281
20339,2021,E02006790,2021 super output areas - middle layer,152,UK identity and non-UK identity,90
20340,2021,E02006439,2021 super output areas - middle layer,152,Total: All usual residents,6237
20341,2021,E02006439,2021 super output areas - middle layer,152,British only identity,3679
20342,2021,E02006439,2021 super output areas - middle layer,152,English only identity,1135
20343,2021,E02006439,2021 super output areas - middle layer,152,English and British only identity,926
20344,2021,E02006439,2021 super output areas - middle layer,152,Welsh only identity,30
20345,2021,E02006439,2021 super output areas - middle layer,152,Welsh and British only identity,11
20346,2021,E02006439,2021 super output areas - middle layer,152,Any other combination of only UK identities,70
20347,2021,E02006439,2021 super output areas - middle layer,152,Scottish only identity,31
20348,2021,E02006439,2021 super output areas - middle layer,152,Scottish and British only identity,15
20349,2021,E02006439,2021 super output areas - middle layer,152,Northern Irish only identity,1
20350,2021,E02006439,2021 super output areas - middle layer,152,Northern Irish and British only identity,3
20351,2021,E02006439,2021 super output areas - middle layer,152,Cornish only identity,1
20352,2021,E02006439,2021 super output areas - middle layer,152,Cornish and British only identity,0
20353,2021,E02006439,2021 super output areas - middle layer,152,Any other combination of only UK identities ,19
20354,2021,E02006439,2021 super output areas - middle layer,152,Irish only identity,41
20355,2021,E02006439,2021 super output areas - middle layer,152,Irish and at least one UK identity,1
20356,2021,E02006439,2021 super output areas - middle layer,152,Other identity only,262
20357,2021,E02006439,2021 super output areas - middle layer,152,Other identity and at least one UK identity,82
20358,2021,E02006439,2021 super output areas - middle layer,152,Non-UK identity only,303
20359,2021,E02006439,2021 super output areas - middle layer,152,UK identity and non-UK identity,83
20360,2021,E02006440,2021 super output areas - middle layer,152,Total: All usual residents,7198
20361,2021,E02006440,2021 super output areas - middle layer,152,British only identity,4085
20362,2021,E02006440,2021 super output areas - middle layer,152,English only identity,1210
20363,2021,E02006440,2021 super output areas - middle layer,152,English and British only identity,1157
20364,2021,E02006440,2021 super output areas - middle layer,152,Welsh only identity,34
20365,2021,E02006440,2021 super output areas - middle layer,152,Welsh and British only identity,15
20366,2021,E02006440,2021 super output areas - middle layer,152,Any other combination of only UK identities,100
20367,2021,E02006440,2021 super output areas - middle layer,152,Scottish only identity,31
20368,2021,E02006440,2021 super output areas - middle layer,152,Scottish and British only identity,23
20369,2021,E02006440,2021 super output areas - middle layer,152,Northern Irish only identity,11
20370,2021,E02006440,2021 super output areas - middle layer,152,Northern Irish and British only identity,10
20371,2021,E02006440,2021 super output areas - middle layer,152,Cornish only identity,1
20372,2021,E02006440,2021 super output areas - middle layer,152,Cornish and British only identity,1
20373,2021,E02006440,2021 super output areas - middle layer,152,Any other combination of only UK identities ,23
20374,2021,E02006440,2021 super output areas - middle layer,152,Irish only identity,36
20375,2021,E02006440,2021 super output areas - middle layer,152,Irish and at least one UK identity,7
20376,2021,E02006440,2021 super output areas - middle layer,152,Other identity only,416
20377,2021,E02006440,2021 super output areas - middle layer,152,Other identity and at least one UK identity,138
20378,2021,E02006440,2021 super output areas - middle layer,152,Non-UK identity only,452
20379,2021,E02006440,2021 super output areas - middle layer,152,UK identity and non-UK identity,145
20380,2021,E02006441,2021 super output areas - middle layer,152,Total: All usual residents,8427
20381,2021,E02006441,2021 super output areas - middle layer,152,British only identity,4849
20382,2021,E02006441,2021 super output areas - middle layer,152,English only identity,1154
20383,2021,E02006441,2021 super output areas - middle layer,152,English and British only identity,1309
20384,2021,E02006441,2021 super output areas - middle layer,152,Welsh only identity,43
20385,2021,E02006441,2021 super output areas - middle layer,152,Welsh and British only identity,21
20386,2021,E02006441,2021 super output areas - middle layer,152,Any other combination of only UK identities,128
20387,2021,E02006441,2021 super output areas - middle layer,152,Scottish only identity,54
20388,2021,E02006441,2021 super output areas - middle layer,152,Scottish and British only identity,31
20389,2021,E02006441,2021 super output areas - middle layer,152,Northern Irish only identity,8
20390,2021,E02006441,2021 super output areas - middle layer,152,Northern Irish and British only identity,5
20391,2021,E02006441,2021 super output areas - middle layer,152,Cornish only identity,1
20392,2021,E02006441,2021 super output areas - middle layer,152,Cornish and British only identity,1
20393,2021,E02006441,2021 super output areas - middle layer,152,Any other combination of only UK identities ,28
20394,2021,E02006441,2021 super output areas - middle layer,152,Irish only identity,44
20395,2021,E02006441,2021 super output areas - middle layer,152,Irish and at least one UK identity,19
20396,2021,E02006441,2021 super output areas - middle layer,152,Other identity only,694
20397,2021,E02006441,2021 super output areas - middle layer,152,Other identity and at least one UK identity,166
20398,2021,E02006441,2021 super output areas - middle layer,152,Non-UK identity only,738
20399,2021,E02006441,2021 super output areas - middle layer,152,UK identity and non-UK identity,185
20400,2021,E02006442,2021 super output areas - middle layer,152,Total: All usual residents,6415
20401,2021,E02006442,2021 super output areas - middle layer,152,British only identity,3999
20402,2021,E02006442,2021 super output areas - middle layer,152,English only identity,797
20403,2021,E02006442,2021 super output areas - middle layer,152,English and British only identity,920
20404,2021,E02006442,2021 super output areas - middle layer,152,Welsh only identity,24
20405,2021,E02006442,2021 super output areas - middle layer,152,Welsh and British only identity,20
20406,2021,E02006442,2021 super output areas - middle layer,152,Any other combination of only UK identities,102
20407,2021,E02006442,2021 super output areas - middle layer,152,Scottish only identity,44
20408,2021,E02006442,2021 super output areas - middle layer,152,Scottish and British only identity,26
20409,2021,E02006442,2021 super output areas - middle layer,152,Northern Irish only identity,10
20410,2021,E02006442,2021 super output areas - middle layer,152,Northern Irish and British only identity,5
20411,2021,E02006442,2021 super output areas - middle layer,152,Cornish only identity,2
20412,2021,E02006442,2021 super output areas - middle layer,152,Cornish and British only identity,0
20413,2021,E02006442,2021 super output areas - middle layer,152,Any other combination of only UK identities ,15
20414,2021,E02006442,2021 super output areas - middle layer,152,Irish only identity,42
20415,2021,E02006442,2021 super output areas - middle layer,152,Irish and at least one UK identity,10
20416,2021,E02006442,2021 super output areas - middle layer,152,Other identity only,348
20417,2021,E02006442,2021 super output areas - middle layer,152,Other identity and at least one UK identity,153
20418,2021,E02006442,2021 super output areas - middle layer,152,Non-UK identity only,390
20419,2021,E02006442,2021 super output areas - middle layer,152,UK identity and non-UK identity,163
20420,2021,E02006443,2021 super output areas - middle layer,152,Total: All usual residents,7500
20421,2021,E02006443,2021 super output areas - middle layer,152,British only identity,4376
20422,2021,E02006443,2021 super output areas - middle layer,152,English only identity,1198
20423,2021,E02006443,2021 super output areas - middle layer,152,English and British only identity,1176
20424,2021,E02006443,2021 super output areas - middle layer,152,Welsh only identity,23
20425,2021,E02006443,2021 super output areas - middle layer,152,Welsh and British only identity,18
20426,2021,E02006443,2021 super output areas - middle layer,152,Any other combination of only UK identities,76
20427,2021,E02006443,2021 super output areas - middle layer,152,Scottish only identity,21
20428,2021,E02006443,2021 super output areas - middle layer,152,Scottish and British only identity,16
20429,2021,E02006443,2021 super output areas - middle layer,152,Northern Irish only identity,8
20430,2021,E02006443,2021 super output areas - middle layer,152,Northern Irish and British only identity,6
20431,2021,E02006443,2021 super output areas - middle layer,152,Cornish only identity,1
20432,2021,E02006443,2021 super output areas - middle layer,152,Cornish and British only identity,0
20433,2021,E02006443,2021 super output areas - middle layer,152,Any other combination of only UK identities ,24
20434,2021,E02006443,2021 super output areas - middle layer,152,Irish only identity,38
20435,2021,E02006443,2021 super output areas - middle layer,152,Irish and at least one UK identity,13
20436,2021,E02006443,2021 super output areas - middle layer,152,Other identity only,413
20437,2021,E02006443,2021 super output areas - middle layer,152,Other identity and at least one UK identity,169
20438,2021,E02006443,2021 super output areas - middle layer,152,Non-UK identity only,451
20439,2021,E02006443,2021 super output areas - middle layer,152,UK identity and non-UK identity,182
20440,2021,E02006444,2021 super output areas - middle layer,152,Total: All usual residents,7178
20441,2021,E02006444,2021 super output areas - middle layer,152,British only identity,4479
20442,2021,E02006444,2021 super output areas - middle layer,152,English only identity,916
20443,2021,E02006444,2021 super output areas - middle layer,152,English and British only identity,1096
20444,2021,E02006444,2021 super output areas - middle layer,152,Welsh only identity,25
20445,2021,E02006444,2021 super output areas - middle layer,152,Welsh and British only identity,19
20446,2021,E02006444,2021 super output areas - middle layer,152,Any other combination of only UK identities,64
20447,2021,E02006444,2021 super output areas - middle layer,152,Scottish only identity,18
20448,2021,E02006444,2021 super output areas - middle layer,152,Scottish and British only identity,16
20449,2021,E02006444,2021 super output areas - middle layer,152,Northern Irish only identity,6
20450,2021,E02006444,2021 super output areas - middle layer,152,Northern Irish and British only identity,8
20451,2021,E02006444,2021 super output areas - middle layer,152,Cornish only identity,0
20452,2021,E02006444,2021 super output areas - middle layer,152,Cornish and British only identity,0
20453,2021,E02006444,2021 super output areas - middle layer,152,Any other combination of only UK identities ,16
20454,2021,E02006444,2021 super output areas - middle layer,152,Irish only identity,43
20455,2021,E02006444,2021 super output areas - middle layer,152,Irish and at least one UK identity,17
20456,2021,E02006444,2021 super output areas - middle layer,152,Other identity only,351
20457,2021,E02006444,2021 super output areas - middle layer,152,Other identity and at least one UK identity,168
20458,2021,E02006444,2021 super output areas - middle layer,152,Non-UK identity only,394
20459,2021,E02006444,2021 super output areas - middle layer,152,UK identity and non-UK identity,185
20460,2021,E02006445,2021 super output areas - middle layer,152,Total: All usual residents,8432
20461,2021,E02006445,2021 super output areas - middle layer,152,British only identity,4848
20462,2021,E02006445,2021 super output areas - middle layer,152,English only identity,1033
20463,2021,E02006445,2021 super output areas - middle layer,152,English and British only identity,1240
20464,2021,E02006445,2021 super output areas - middle layer,152,Welsh only identity,28
20465,2021,E02006445,2021 super output areas - middle layer,152,Welsh and British only identity,29
20466,2021,E02006445,2021 super output areas - middle layer,152,Any other combination of only UK identities,133
20467,2021,E02006445,2021 super output areas - middle layer,152,Scottish only identity,45
20468,2021,E02006445,2021 super output areas - middle layer,152,Scottish and British only identity,39
20469,2021,E02006445,2021 super output areas - middle layer,152,Northern Irish only identity,4
20470,2021,E02006445,2021 super output areas - middle layer,152,Northern Irish and British only identity,13
20471,2021,E02006445,2021 super output areas - middle layer,152,Cornish only identity,1
20472,2021,E02006445,2021 super output areas - middle layer,152,Cornish and British only identity,0
20473,2021,E02006445,2021 super output areas - middle layer,152,Any other combination of only UK identities ,31
20474,2021,E02006445,2021 super output areas - middle layer,152,Irish only identity,36
20475,2021,E02006445,2021 super output areas - middle layer,152,Irish and at least one UK identity,18
20476,2021,E02006445,2021 super output areas - middle layer,152,Other identity only,723
20477,2021,E02006445,2021 super output areas - middle layer,152,Other identity and at least one UK identity,344
20478,2021,E02006445,2021 super output areas - middle layer,152,Non-UK identity only,759
20479,2021,E02006445,2021 super output areas - middle layer,152,UK identity and non-UK identity,362
20480,2021,E02006446,2021 super output areas - middle layer,152,Total: All usual residents,6980
20481,2021,E02006446,2021 super output areas - middle layer,152,British only identity,4216
20482,2021,E02006446,2021 super output areas - middle layer,152,English only identity,960
20483,2021,E02006446,2021 super output areas - middle layer,152,English and British only identity,1056
20484,2021,E02006446,2021 super output areas - middle layer,152,Welsh only identity,35
20485,2021,E02006446,2021 super output areas - middle layer,152,Welsh and British only identity,25
20486,2021,E02006446,2021 super output areas - middle layer,152,Any other combination of only UK identities,86
20487,2021,E02006446,2021 super output areas - middle layer,152,Scottish only identity,37
20488,2021,E02006446,2021 super output areas - middle layer,152,Scottish and British only identity,20
20489,2021,E02006446,2021 super output areas - middle layer,152,Northern Irish only identity,12
20490,2021,E02006446,2021 super output areas - middle layer,152,Northern Irish and British only identity,6
20491,2021,E02006446,2021 super output areas - middle layer,152,Cornish only identity,0
20492,2021,E02006446,2021 super output areas - middle layer,152,Cornish and British only identity,0
20493,2021,E02006446,2021 super output areas - middle layer,152,Any other combination of only UK identities ,11
20494,2021,E02006446,2021 super output areas - middle layer,152,Irish only identity,38
20495,2021,E02006446,2021 super output areas - middle layer,152,Irish and at least one UK identity,13
20496,2021,E02006446,2021 super output areas - middle layer,152,Other identity only,393
20497,2021,E02006446,2021 super output areas - middle layer,152,Other identity and at least one UK identity,158
20498,2021,E02006446,2021 super output areas - middle layer,152,Non-UK identity only,431
20499,2021,E02006446,2021 super output areas - middle layer,152,UK identity and non-UK identity,171
20500,2021,E02006447,2021 super output areas - middle layer,152,Total: All usual residents,6747
20501,2021,E02006447,2021 super output areas - middle layer,152,British only identity,4069
20502,2021,E02006447,2021 super output areas - middle layer,152,English only identity,958
20503,2021,E02006447,2021 super output areas - middle layer,152,English and British only identity,1050
20504,2021,E02006447,2021 super output areas - middle layer,152,Welsh only identity,27
20505,2021,E02006447,2021 super output areas - middle layer,152,Welsh and British only identity,11
20506,2021,E02006447,2021 super output areas - middle layer,152,Any other combination of only UK identities,94
20507,2021,E02006447,2021 super output areas - middle layer,152,Scottish only identity,36
20508,2021,E02006447,2021 super output areas - middle layer,152,Scottish and British only identity,20
20509,2021,E02006447,2021 super output areas - middle layer,152,Northern Irish only identity,8
20510,2021,E02006447,2021 super output areas - middle layer,152,Northern Irish and British only identity,6
20511,2021,E02006447,2021 super output areas - middle layer,152,Cornish only identity,1
20512,2021,E02006447,2021 super output areas - middle layer,152,Cornish and British only identity,0
20513,2021,E02006447,2021 super output areas - middle layer,152,Any other combination of only UK identities ,23
20514,2021,E02006447,2021 super output areas - middle layer,152,Irish only identity,31
20515,2021,E02006447,2021 super output areas - middle layer,152,Irish and at least one UK identity,9
20516,2021,E02006447,2021 super output areas - middle layer,152,Other identity only,353
20517,2021,E02006447,2021 super output areas - middle layer,152,Other identity and at least one UK identity,145
20518,2021,E02006447,2021 super output areas - middle layer,152,Non-UK identity only,384
20519,2021,E02006447,2021 super output areas - middle layer,152,UK identity and non-UK identity,154
20520,2021,E02006448,2021 super output areas - middle layer,152,Total: All usual residents,7387
20521,2021,E02006448,2021 super output areas - middle layer,152,British only identity,4463
20522,2021,E02006448,2021 super output areas - middle layer,152,English only identity,900
20523,2021,E02006448,2021 super output areas - middle layer,152,English and British only identity,1143
20524,2021,E02006448,2021 super output areas - middle layer,152,Welsh only identity,24
20525,2021,E02006448,2021 super output areas - middle layer,152,Welsh and British only identity,29
20526,2021,E02006448,2021 super output areas - middle layer,152,Any other combination of only UK identities,111
20527,2021,E02006448,2021 super output areas - middle layer,152,Scottish only identity,40
20528,2021,E02006448,2021 super output areas - middle layer,152,Scottish and British only identity,23
20529,2021,E02006448,2021 super output areas - middle layer,152,Northern Irish only identity,13
20530,2021,E02006448,2021 super output areas - middle layer,152,Northern Irish and British only identity,10
20531,2021,E02006448,2021 super output areas - middle layer,152,Cornish only identity,2
20532,2021,E02006448,2021 super output areas - middle layer,152,Cornish and British only identity,1
20533,2021,E02006448,2021 super output areas - middle layer,152,Any other combination of only UK identities ,22
20534,2021,E02006448,2021 super output areas - middle layer,152,Irish only identity,60
20535,2021,E02006448,2021 super output areas - middle layer,152,Irish and at least one UK identity,21
20536,2021,E02006448,2021 super output areas - middle layer,152,Other identity only,418
20537,2021,E02006448,2021 super output areas - middle layer,152,Other identity and at least one UK identity,218
20538,2021,E02006448,2021 super output areas - middle layer,152,Non-UK identity only,478
20539,2021,E02006448,2021 super output areas - middle layer,152,UK identity and non-UK identity,239
20540,2021,E02006449,2021 super output areas - middle layer,152,Total: All usual residents,6955
20541,2021,E02006449,2021 super output areas - middle layer,152,British only identity,4149
20542,2021,E02006449,2021 super output areas - middle layer,152,English only identity,1090
20543,2021,E02006449,2021 super output areas - middle layer,152,English and British only identity,1124
20544,2021,E02006449,2021 super output areas - middle layer,152,Welsh only identity,33
20545,2021,E02006449,2021 super output areas - middle layer,152,Welsh and British only identity,19
20546,2021,E02006449,2021 super output areas - middle layer,152,Any other combination of only UK identities,100
20547,2021,E02006449,2021 super output areas - middle layer,152,Scottish only identity,44
20548,2021,E02006449,2021 super output areas - middle layer,152,Scottish and British only identity,28
20549,2021,E02006449,2021 super output areas - middle layer,152,Northern Irish only identity,6
20550,2021,E02006449,2021 super output areas - middle layer,152,Northern Irish and British only identity,5
20551,2021,E02006449,2021 super output areas - middle layer,152,Cornish only identity,0
20552,2021,E02006449,2021 super output areas - middle layer,152,Cornish and British only identity,0
20553,2021,E02006449,2021 super output areas - middle layer,152,Any other combination of only UK identities ,17
20554,2021,E02006449,2021 super output areas - middle layer,152,Irish only identity,33
20555,2021,E02006449,2021 super output areas - middle layer,152,Irish and at least one UK identity,11
20556,2021,E02006449,2021 super output areas - middle layer,152,Other identity only,266
20557,2021,E02006449,2021 super output areas - middle layer,152,Other identity and at least one UK identity,130
20558,2021,E02006449,2021 super output areas - middle layer,152,Non-UK identity only,299
20559,2021,E02006449,2021 super output areas - middle layer,152,UK identity and non-UK identity,141
20560,2021,E02006450,2021 super output areas - middle layer,152,Total: All usual residents,7166
20561,2021,E02006450,2021 super output areas - middle layer,152,British only identity,4443
20562,2021,E02006450,2021 super output areas - middle layer,152,English only identity,962
20563,2021,E02006450,2021 super output areas - middle layer,152,English and British only identity,976
20564,2021,E02006450,2021 super output areas - middle layer,152,Welsh only identity,24
20565,2021,E02006450,2021 super output areas - middle layer,152,Welsh and British only identity,31
20566,2021,E02006450,2021 super output areas - middle layer,152,Any other combination of only UK identities,103
20567,2021,E02006450,2021 super output areas - middle layer,152,Scottish only identity,43
20568,2021,E02006450,2021 super output areas - middle layer,152,Scottish and British only identity,16
20569,2021,E02006450,2021 super output areas - middle layer,152,Northern Irish only identity,13
20570,2021,E02006450,2021 super output areas - middle layer,152,Northern Irish and British only identity,4
20571,2021,E02006450,2021 super output areas - middle layer,152,Cornish only identity,0
20572,2021,E02006450,2021 super output areas - middle layer,152,Cornish and British only identity,0
20573,2021,E02006450,2021 super output areas - middle layer,152,Any other combination of only UK identities ,27
20574,2021,E02006450,2021 super output areas - middle layer,152,Irish only identity,42
20575,2021,E02006450,2021 super output areas - middle layer,152,Irish and at least one UK identity,12
20576,2021,E02006450,2021 super output areas - middle layer,152,Other identity only,416
20577,2021,E02006450,2021 super output areas - middle layer,152,Other identity and at least one UK identity,157
20578,2021,E02006450,2021 super output areas - middle layer,152,Non-UK identity only,458
20579,2021,E02006450,2021 super output areas - middle layer,152,UK identity and non-UK identity,169
20580,2021,E02006451,2021 super output areas - middle layer,152,Total: All usual residents,11792
20581,2021,E02006451,2021 super output areas - middle layer,152,British only identity,6739
20582,2021,E02006451,2021 super output areas - middle layer,152,English only identity,2062
20583,2021,E02006451,2021 super output areas - middle layer,152,English and British only identity,1867
20584,2021,E02006451,2021 super output areas - middle layer,152,Welsh only identity,58
20585,2021,E02006451,2021 super output areas - middle layer,152,Welsh and British only identity,24
20586,2021,E02006451,2021 super output areas - middle layer,152,Any other combination of only UK identities,186
20587,2021,E02006451,2021 super output areas - middle layer,152,Scottish only identity,67
20588,2021,E02006451,2021 super output areas - middle layer,152,Scottish and British only identity,35
20589,2021,E02006451,2021 super output areas - middle layer,152,Northern Irish only identity,26
20590,2021,E02006451,2021 super output areas - middle layer,152,Northern Irish and British only identity,12
20591,2021,E02006451,2021 super output areas - middle layer,152,Cornish only identity,1
20592,2021,E02006451,2021 super output areas - middle layer,152,Cornish and British only identity,2
20593,2021,E02006451,2021 super output areas - middle layer,152,Any other combination of only UK identities ,43
20594,2021,E02006451,2021 super output areas - middle layer,152,Irish only identity,76
20595,2021,E02006451,2021 super output areas - middle layer,152,Irish and at least one UK identity,19
20596,2021,E02006451,2021 super output areas - middle layer,152,Other identity only,536
20597,2021,E02006451,2021 super output areas - middle layer,152,Other identity and at least one UK identity,225
20598,2021,E02006451,2021 super output areas - middle layer,152,Non-UK identity only,612
20599,2021,E02006451,2021 super output areas - middle layer,152,UK identity and non-UK identity,244
20600,2021,E02006453,2021 super output areas - middle layer,152,Total: All usual residents,8391
20601,2021,E02006453,2021 super output areas - middle layer,152,British only identity,5079
20602,2021,E02006453,2021 super output areas - middle layer,152,English only identity,1331
20603,2021,E02006453,2021 super output areas - middle layer,152,English and British only identity,1266
20604,2021,E02006453,2021 super output areas - middle layer,152,Welsh only identity,35
20605,2021,E02006453,2021 super output areas - middle layer,152,Welsh and British only identity,17
20606,2021,E02006453,2021 super output areas - middle layer,152,Any other combination of only UK identities,105
20607,2021,E02006453,2021 super output areas - middle layer,152,Scottish only identity,39
20608,2021,E02006453,2021 super output areas - middle layer,152,Scottish and British only identity,20
20609,2021,E02006453,2021 super output areas - middle layer,152,Northern Irish only identity,11
20610,2021,E02006453,2021 super output areas - middle layer,152,Northern Irish and British only identity,11
20611,2021,E02006453,2021 super output areas - middle layer,152,Cornish only identity,1
20612,2021,E02006453,2021 super output areas - middle layer,152,Cornish and British only identity,3
20613,2021,E02006453,2021 super output areas - middle layer,152,Any other combination of only UK identities ,20
20614,2021,E02006453,2021 super output areas - middle layer,152,Irish only identity,33
20615,2021,E02006453,2021 super output areas - middle layer,152,Irish and at least one UK identity,14
20616,2021,E02006453,2021 super output areas - middle layer,152,Other identity only,373
20617,2021,E02006453,2021 super output areas - middle layer,152,Other identity and at least one UK identity,138
20618,2021,E02006453,2021 super output areas - middle layer,152,Non-UK identity only,406
20619,2021,E02006453,2021 super output areas - middle layer,152,UK identity and non-UK identity,152
20620,2021,E02006454,2021 super output areas - middle layer,152,Total: All usual residents,6766
20621,2021,E02006454,2021 super output areas - middle layer,152,British only identity,4065
20622,2021,E02006454,2021 super output areas - middle layer,152,English only identity,850
20623,2021,E02006454,2021 super output areas - middle layer,152,English and British only identity,1082
20624,2021,E02006454,2021 super output areas - middle layer,152,Welsh only identity,21
20625,2021,E02006454,2021 super output areas - middle layer,152,Welsh and British only identity,27
20626,2021,E02006454,2021 super output areas - middle layer,152,Any other combination of only UK identities,115
20627,2021,E02006454,2021 super output areas - middle layer,152,Scottish only identity,33
20628,2021,E02006454,2021 super output areas - middle layer,152,Scottish and British only identity,29
20629,2021,E02006454,2021 super output areas - middle layer,152,Northern Irish only identity,11
20630,2021,E02006454,2021 super output areas - middle layer,152,Northern Irish and British only identity,13
20631,2021,E02006454,2021 super output areas - middle layer,152,Cornish only identity,0
20632,2021,E02006454,2021 super output areas - middle layer,152,Cornish and British only identity,0
20633,2021,E02006454,2021 super output areas - middle layer,152,Any other combination of only UK identities ,29
20634,2021,E02006454,2021 super output areas - middle layer,152,Irish only identity,52
20635,2021,E02006454,2021 super output areas - middle layer,152,Irish and at least one UK identity,15
20636,2021,E02006454,2021 super output areas - middle layer,152,Other identity only,370
20637,2021,E02006454,2021 super output areas - middle layer,152,Other identity and at least one UK identity,169
20638,2021,E02006454,2021 super output areas - middle layer,152,Non-UK identity only,422
20639,2021,E02006454,2021 super output areas - middle layer,152,UK identity and non-UK identity,184
20640,2021,E02006455,2021 super output areas - middle layer,152,Total: All usual residents,6141
20641,2021,E02006455,2021 super output areas - middle layer,152,British only identity,3715
20642,2021,E02006455,2021 super output areas - middle layer,152,English only identity,850
20643,2021,E02006455,2021 super output areas - middle layer,152,English and British only identity,860
20644,2021,E02006455,2021 super output areas - middle layer,152,Welsh only identity,14
20645,2021,E02006455,2021 super output areas - middle layer,152,Welsh and British only identity,7
20646,2021,E02006455,2021 super output areas - middle layer,152,Any other combination of only UK identities,69
20647,2021,E02006455,2021 super output areas - middle layer,152,Scottish only identity,25
20648,2021,E02006455,2021 super output areas - middle layer,152,Scottish and British only identity,12
20649,2021,E02006455,2021 super output areas - middle layer,152,Northern Irish only identity,13
20650,2021,E02006455,2021 super output areas - middle layer,152,Northern Irish and British only identity,7
20651,2021,E02006455,2021 super output areas - middle layer,152,Cornish only identity,0
20652,2021,E02006455,2021 super output areas - middle layer,152,Cornish and British only identity,0
20653,2021,E02006455,2021 super output areas - middle layer,152,Any other combination of only UK identities ,12
20654,2021,E02006455,2021 super output areas - middle layer,152,Irish only identity,36
20655,2021,E02006455,2021 super output areas - middle layer,152,Irish and at least one UK identity,7
20656,2021,E02006455,2021 super output areas - middle layer,152,Other identity only,451
20657,2021,E02006455,2021 super output areas - middle layer,152,Other identity and at least one UK identity,132
20658,2021,E02006455,2021 super output areas - middle layer,152,Non-UK identity only,487
20659,2021,E02006455,2021 super output areas - middle layer,152,UK identity and non-UK identity,139
20660,2021,E02006839,2021 super output areas - middle layer,152,Total: All usual residents,8520
20661,2021,E02006839,2021 super output areas - middle layer,152,British only identity,5264
20662,2021,E02006839,2021 super output areas - middle layer,152,English only identity,1228
20663,2021,E02006839,2021 super output areas - middle layer,152,English and British only identity,1185
20664,2021,E02006839,2021 super output areas - middle layer,152,Welsh only identity,38
20665,2021,E02006839,2021 super output areas - middle layer,152,Welsh and British only identity,18
20666,2021,E02006839,2021 super output areas - middle layer,152,Any other combination of only UK identities,101
20667,2021,E02006839,2021 super output areas - middle layer,152,Scottish only identity,33
20668,2021,E02006839,2021 super output areas - middle layer,152,Scottish and British only identity,26
20669,2021,E02006839,2021 super output areas - middle layer,152,Northern Irish only identity,16
20670,2021,E02006839,2021 super output areas - middle layer,152,Northern Irish and British only identity,8
20671,2021,E02006839,2021 super output areas - middle layer,152,Cornish only identity,1
20672,2021,E02006839,2021 super output areas - middle layer,152,Cornish and British only identity,0
20673,2021,E02006839,2021 super output areas - middle layer,152,Any other combination of only UK identities ,17
20674,2021,E02006839,2021 super output areas - middle layer,152,Irish only identity,33
20675,2021,E02006839,2021 super output areas - middle layer,152,Irish and at least one UK identity,11
20676,2021,E02006839,2021 super output areas - middle layer,152,Other identity only,443
20677,2021,E02006839,2021 super output areas - middle layer,152,Other identity and at least one UK identity,199
20678,2021,E02006839,2021 super output areas - middle layer,152,Non-UK identity only,476
20679,2021,E02006839,2021 super output areas - middle layer,152,UK identity and non-UK identity,210
20680,2021,E02006456,2021 super output areas - middle layer,152,Total: All usual residents,8020
20681,2021,E02006456,2021 super output areas - middle layer,152,British only identity,4529
20682,2021,E02006456,2021 super output areas - middle layer,152,English only identity,1416
20683,2021,E02006456,2021 super output areas - middle layer,152,English and British only identity,1125
20684,2021,E02006456,2021 super output areas - middle layer,152,Welsh only identity,42
20685,2021,E02006456,2021 super output areas - middle layer,152,Welsh and British only identity,14
20686,2021,E02006456,2021 super output areas - middle layer,152,Any other combination of only UK identities,60
20687,2021,E02006456,2021 super output areas - middle layer,152,Scottish only identity,21
20688,2021,E02006456,2021 super output areas - middle layer,152,Scottish and British only identity,15
20689,2021,E02006456,2021 super output areas - middle layer,152,Northern Irish only identity,6
20690,2021,E02006456,2021 super output areas - middle layer,152,Northern Irish and British only identity,5
20691,2021,E02006456,2021 super output areas - middle layer,152,Cornish only identity,1
20692,2021,E02006456,2021 super output areas - middle layer,152,Cornish and British only identity,1
20693,2021,E02006456,2021 super output areas - middle layer,152,Any other combination of only UK identities ,11
20694,2021,E02006456,2021 super output areas - middle layer,152,Irish only identity,51
20695,2021,E02006456,2021 super output areas - middle layer,152,Irish and at least one UK identity,8
20696,2021,E02006456,2021 super output areas - middle layer,152,Other identity only,608
20697,2021,E02006456,2021 super output areas - middle layer,152,Other identity and at least one UK identity,167
20698,2021,E02006456,2021 super output areas - middle layer,152,Non-UK identity only,659
20699,2021,E02006456,2021 super output areas - middle layer,152,UK identity and non-UK identity,175
20700,2021,E02006457,2021 super output areas - middle layer,152,Total: All usual residents,9330
20701,2021,E02006457,2021 super output areas - middle layer,152,British only identity,5472
20702,2021,E02006457,2021 super output areas - middle layer,152,English only identity,1293
20703,2021,E02006457,2021 super output areas - middle layer,152,English and British only identity,1336
20704,2021,E02006457,2021 super output areas - middle layer,152,Welsh only identity,32
20705,2021,E02006457,2021 super output areas - middle layer,152,Welsh and British only identity,27
20706,2021,E02006457,2021 super output areas - middle layer,152,Any other combination of only UK identities,175
20707,2021,E02006457,2021 super output areas - middle layer,152,Scottish only identity,55
20708,2021,E02006457,2021 super output areas - middle layer,152,Scottish and British only identity,38
20709,2021,E02006457,2021 super output areas - middle layer,152,Northern Irish only identity,26
20710,2021,E02006457,2021 super output areas - middle layer,152,Northern Irish and British only identity,12
20711,2021,E02006457,2021 super output areas - middle layer,152,Cornish only identity,2
20712,2021,E02006457,2021 super output areas - middle layer,152,Cornish and British only identity,0
20713,2021,E02006457,2021 super output areas - middle layer,152,Any other combination of only UK identities ,42
20714,2021,E02006457,2021 super output areas - middle layer,152,Irish only identity,75
20715,2021,E02006457,2021 super output areas - middle layer,152,Irish and at least one UK identity,14
20716,2021,E02006457,2021 super output areas - middle layer,152,Other identity only,663
20717,2021,E02006457,2021 super output areas - middle layer,152,Other identity and at least one UK identity,243
20718,2021,E02006457,2021 super output areas - middle layer,152,Non-UK identity only,738
20719,2021,E02006457,2021 super output areas - middle layer,152,UK identity and non-UK identity,257
20720,2021,E02006458,2021 super output areas - middle layer,152,Total: All usual residents,9224
20721,2021,E02006458,2021 super output areas - middle layer,152,British only identity,5319
20722,2021,E02006458,2021 super output areas - middle layer,152,English only identity,1177
20723,2021,E02006458,2021 super output areas - middle layer,152,English and British only identity,1339
20724,2021,E02006458,2021 super output areas - middle layer,152,Welsh only identity,38
20725,2021,E02006458,2021 super output areas - middle layer,152,Welsh and British only identity,36
20726,2021,E02006458,2021 super output areas - middle layer,152,Any other combination of only UK identities,139
20727,2021,E02006458,2021 super output areas - middle layer,152,Scottish only identity,57
20728,2021,E02006458,2021 super output areas - middle layer,152,Scottish and British only identity,44
20729,2021,E02006458,2021 super output areas - middle layer,152,Northern Irish only identity,10
20730,2021,E02006458,2021 super output areas - middle layer,152,Northern Irish and British only identity,7
20731,2021,E02006458,2021 super output areas - middle layer,152,Cornish only identity,4
20732,2021,E02006458,2021 super output areas - middle layer,152,Cornish and British only identity,0
20733,2021,E02006458,2021 super output areas - middle layer,152,Any other combination of only UK identities ,17
20734,2021,E02006458,2021 super output areas - middle layer,152,Irish only identity,77
20735,2021,E02006458,2021 super output areas - middle layer,152,Irish and at least one UK identity,13
20736,2021,E02006458,2021 super output areas - middle layer,152,Other identity only,777
20737,2021,E02006458,2021 super output areas - middle layer,152,Other identity and at least one UK identity,309
20738,2021,E02006458,2021 super output areas - middle layer,152,Non-UK identity only,854
20739,2021,E02006458,2021 super output areas - middle layer,152,UK identity and non-UK identity,322
20740,2021,E02006459,2021 super output areas - middle layer,152,Total: All usual residents,10654
20741,2021,E02006459,2021 super output areas - middle layer,152,British only identity,6453
20742,2021,E02006459,2021 super output areas - middle layer,152,English only identity,715
20743,2021,E02006459,2021 super output areas - middle layer,152,English and British only identity,637
20744,2021,E02006459,2021 super output areas - middle layer,152,Welsh only identity,12
20745,2021,E02006459,2021 super output areas - middle layer,152,Welsh and British only identity,6
20746,2021,E02006459,2021 super output areas - middle layer,152,Any other combination of only UK identities,50
20747,2021,E02006459,2021 super output areas - middle layer,152,Scottish only identity,24
20748,2021,E02006459,2021 super output areas - middle layer,152,Scottish and British only identity,10
20749,2021,E02006459,2021 super output areas - middle layer,152,Northern Irish only identity,2
20750,2021,E02006459,2021 super output areas - middle layer,152,Northern Irish and British only identity,4
20751,2021,E02006459,2021 super output areas - middle layer,152,Cornish only identity,2
20752,2021,E02006459,2021 super output areas - middle layer,152,Cornish and British only identity,0
20753,2021,E02006459,2021 super output areas - middle layer,152,Any other combination of only UK identities ,8
20754,2021,E02006459,2021 super output areas - middle layer,152,Irish only identity,25
20755,2021,E02006459,2021 super output areas - middle layer,152,Irish and at least one UK identity,8
20756,2021,E02006459,2021 super output areas - middle layer,152,Other identity only,2379
20757,2021,E02006459,2021 super output areas - middle layer,152,Other identity and at least one UK identity,369
20758,2021,E02006459,2021 super output areas - middle layer,152,Non-UK identity only,2404
20759,2021,E02006459,2021 super output areas - middle layer,152,UK identity and non-UK identity,377
20760,2021,E02006460,2021 super output areas - middle layer,152,Total: All usual residents,9323
20761,2021,E02006460,2021 super output areas - middle layer,152,British only identity,5294
20762,2021,E02006460,2021 super output areas - middle layer,152,English only identity,1363
20763,2021,E02006460,2021 super output areas - middle layer,152,English and British only identity,1164
20764,2021,E02006460,2021 super output areas - middle layer,152,Welsh only identity,22
20765,2021,E02006460,2021 super output areas - middle layer,152,Welsh and British only identity,17
20766,2021,E02006460,2021 super output areas - middle layer,152,Any other combination of only UK identities,85
20767,2021,E02006460,2021 super output areas - middle layer,152,Scottish only identity,39
20768,2021,E02006460,2021 super output areas - middle layer,152,Scottish and British only identity,18
20769,2021,E02006460,2021 super output areas - middle layer,152,Northern Irish only identity,7
20770,2021,E02006460,2021 super output areas - middle layer,152,Northern Irish and British only identity,6
20771,2021,E02006460,2021 super output areas - middle layer,152,Cornish only identity,0
20772,2021,E02006460,2021 super output areas - middle layer,152,Cornish and British only identity,0
20773,2021,E02006460,2021 super output areas - middle layer,152,Any other combination of only UK identities ,15
20774,2021,E02006460,2021 super output areas - middle layer,152,Irish only identity,49
20775,2021,E02006460,2021 super output areas - middle layer,152,Irish and at least one UK identity,3
20776,2021,E02006460,2021 super output areas - middle layer,152,Other identity only,1086
20777,2021,E02006460,2021 super output areas - middle layer,152,Other identity and at least one UK identity,240
20778,2021,E02006460,2021 super output areas - middle layer,152,Non-UK identity only,1135
20779,2021,E02006460,2021 super output areas - middle layer,152,UK identity and non-UK identity,243
20780,2021,E02006461,2021 super output areas - middle layer,152,Total: All usual residents,6790
20781,2021,E02006461,2021 super output areas - middle layer,152,British only identity,3727
20782,2021,E02006461,2021 super output areas - middle layer,152,English only identity,808
20783,2021,E02006461,2021 super output areas - middle layer,152,English and British only identity,852
20784,2021,E02006461,2021 super output areas - middle layer,152,Welsh only identity,34
20785,2021,E02006461,2021 super output areas - middle layer,152,Welsh and British only identity,30
20786,2021,E02006461,2021 super output areas - middle layer,152,Any other combination of only UK identities,91
20787,2021,E02006461,2021 super output areas - middle layer,152,Scottish only identity,34
20788,2021,E02006461,2021 super output areas - middle layer,152,Scottish and British only identity,23
20789,2021,E02006461,2021 super output areas - middle layer,152,Northern Irish only identity,7
20790,2021,E02006461,2021 super output areas - middle layer,152,Northern Irish and British only identity,9
20791,2021,E02006461,2021 super output areas - middle layer,152,Cornish only identity,1
20792,2021,E02006461,2021 super output areas - middle layer,152,Cornish and British only identity,0
20793,2021,E02006461,2021 super output areas - middle layer,152,Any other combination of only UK identities ,17
20794,2021,E02006461,2021 super output areas - middle layer,152,Irish only identity,63
20795,2021,E02006461,2021 super output areas - middle layer,152,Irish and at least one UK identity,12
20796,2021,E02006461,2021 super output areas - middle layer,152,Other identity only,904
20797,2021,E02006461,2021 super output areas - middle layer,152,Other identity and at least one UK identity,269
20798,2021,E02006461,2021 super output areas - middle layer,152,Non-UK identity only,967
20799,2021,E02006461,2021 super output areas - middle layer,152,UK identity and non-UK identity,281
20800,2021,E02006462,2021 super output areas - middle layer,152,Total: All usual residents,8342
20801,2021,E02006462,2021 super output areas - middle layer,152,British only identity,4775
20802,2021,E02006462,2021 super output areas - middle layer,152,English only identity,1274
20803,2021,E02006462,2021 super output areas - middle layer,152,English and British only identity,1190
20804,2021,E02006462,2021 super output areas - middle layer,152,Welsh only identity,26
20805,2021,E02006462,2021 super output areas - middle layer,152,Welsh and British only identity,15
20806,2021,E02006462,2021 super output areas - middle layer,152,Any other combination of only UK identities,77
20807,2021,E02006462,2021 super output areas - middle layer,152,Scottish only identity,30
20808,2021,E02006462,2021 super output areas - middle layer,152,Scottish and British only identity,25
20809,2021,E02006462,2021 super output areas - middle layer,152,Northern Irish only identity,7
20810,2021,E02006462,2021 super output areas - middle layer,152,Northern Irish and British only identity,3
20811,2021,E02006462,2021 super output areas - middle layer,152,Cornish only identity,1
20812,2021,E02006462,2021 super output areas - middle layer,152,Cornish and British only identity,1
20813,2021,E02006462,2021 super output areas - middle layer,152,Any other combination of only UK identities ,10
20814,2021,E02006462,2021 super output areas - middle layer,152,Irish only identity,33
20815,2021,E02006462,2021 super output areas - middle layer,152,Irish and at least one UK identity,7
20816,2021,E02006462,2021 super output areas - middle layer,152,Other identity only,716
20817,2021,E02006462,2021 super output areas - middle layer,152,Other identity and at least one UK identity,229
20818,2021,E02006462,2021 super output areas - middle layer,152,Non-UK identity only,749
20819,2021,E02006462,2021 super output areas - middle layer,152,UK identity and non-UK identity,236
20820,2021,E02006463,2021 super output areas - middle layer,152,Total: All usual residents,10660
20821,2021,E02006463,2021 super output areas - middle layer,152,British only identity,5201
20822,2021,E02006463,2021 super output areas - middle layer,152,English only identity,1046
20823,2021,E02006463,2021 super output areas - middle layer,152,English and British only identity,1178
20824,2021,E02006463,2021 super output areas - middle layer,152,Welsh only identity,37
20825,2021,E02006463,2021 super output areas - middle layer,152,Welsh and British only identity,22
20826,2021,E02006463,2021 super output areas - middle layer,152,Any other combination of only UK identities,172
20827,2021,E02006463,2021 super output areas - middle layer,152,Scottish only identity,64
20828,2021,E02006463,2021 super output areas - middle layer,152,Scottish and British only identity,45
20829,2021,E02006463,2021 super output areas - middle layer,152,Northern Irish only identity,13
20830,2021,E02006463,2021 super output areas - middle layer,152,Northern Irish and British only identity,8
20831,2021,E02006463,2021 super output areas - middle layer,152,Cornish only identity,2
20832,2021,E02006463,2021 super output areas - middle layer,152,Cornish and British only identity,1
20833,2021,E02006463,2021 super output areas - middle layer,152,Any other combination of only UK identities ,39
20834,2021,E02006463,2021 super output areas - middle layer,152,Irish only identity,104
20835,2021,E02006463,2021 super output areas - middle layer,152,Irish and at least one UK identity,22
20836,2021,E02006463,2021 super output areas - middle layer,152,Other identity only,2357
20837,2021,E02006463,2021 super output areas - middle layer,152,Other identity and at least one UK identity,521
20838,2021,E02006463,2021 super output areas - middle layer,152,Non-UK identity only,2461
20839,2021,E02006463,2021 super output areas - middle layer,152,UK identity and non-UK identity,543
20840,2021,E02006464,2021 super output areas - middle layer,152,Total: All usual residents,6812
20841,2021,E02006464,2021 super output areas - middle layer,152,British only identity,3823
20842,2021,E02006464,2021 super output areas - middle layer,152,English only identity,1108
20843,2021,E02006464,2021 super output areas - middle layer,152,English and British only identity,1037
20844,2021,E02006464,2021 super output areas - middle layer,152,Welsh only identity,23
20845,2021,E02006464,2021 super output areas - middle layer,152,Welsh and British only identity,15
20846,2021,E02006464,2021 super output areas - middle layer,152,Any other combination of only UK identities,106
20847,2021,E02006464,2021 super output areas - middle layer,152,Scottish only identity,29
20848,2021,E02006464,2021 super output areas - middle layer,152,Scottish and British only identity,24
20849,2021,E02006464,2021 super output areas - middle layer,152,Northern Irish only identity,10
20850,2021,E02006464,2021 super output areas - middle layer,152,Northern Irish and British only identity,7
20851,2021,E02006464,2021 super output areas - middle layer,152,Cornish only identity,1
20852,2021,E02006464,2021 super output areas - middle layer,152,Cornish and British only identity,3
20853,2021,E02006464,2021 super output areas - middle layer,152,Any other combination of only UK identities ,32
20854,2021,E02006464,2021 super output areas - middle layer,152,Irish only identity,42
20855,2021,E02006464,2021 super output areas - middle layer,152,Irish and at least one UK identity,4
20856,2021,E02006464,2021 super output areas - middle layer,152,Other identity only,474
20857,2021,E02006464,2021 super output areas - middle layer,152,Other identity and at least one UK identity,180
20858,2021,E02006464,2021 super output areas - middle layer,152,Non-UK identity only,516
20859,2021,E02006464,2021 super output areas - middle layer,152,UK identity and non-UK identity,184
20860,2021,E02006465,2021 super output areas - middle layer,152,Total: All usual residents,6213
20861,2021,E02006465,2021 super output areas - middle layer,152,British only identity,3449
20862,2021,E02006465,2021 super output areas - middle layer,152,English only identity,670
20863,2021,E02006465,2021 super output areas - middle layer,152,English and British only identity,847
20864,2021,E02006465,2021 super output areas - middle layer,152,Welsh only identity,25
20865,2021,E02006465,2021 super output areas - middle layer,152,Welsh and British only identity,15
20866,2021,E02006465,2021 super output areas - middle layer,152,Any other combination of only UK identities,109
20867,2021,E02006465,2021 super output areas - middle layer,152,Scottish only identity,37
20868,2021,E02006465,2021 super output areas - middle layer,152,Scottish and British only identity,42
20869,2021,E02006465,2021 super output areas - middle layer,152,Northern Irish only identity,7
20870,2021,E02006465,2021 super output areas - middle layer,152,Northern Irish and British only identity,3
20871,2021,E02006465,2021 super output areas - middle layer,152,Cornish only identity,1
20872,2021,E02006465,2021 super output areas - middle layer,152,Cornish and British only identity,0
20873,2021,E02006465,2021 super output areas - middle layer,152,Any other combination of only UK identities ,19
20874,2021,E02006465,2021 super output areas - middle layer,152,Irish only identity,59
20875,2021,E02006465,2021 super output areas - middle layer,152,Irish and at least one UK identity,7
20876,2021,E02006465,2021 super output areas - middle layer,152,Other identity only,740
20877,2021,E02006465,2021 super output areas - middle layer,152,Other identity and at least one UK identity,292
20878,2021,E02006465,2021 super output areas - middle layer,152,Non-UK identity only,799
20879,2021,E02006465,2021 super output areas - middle layer,152,UK identity and non-UK identity,299
20880,2021,E02006466,2021 super output areas - middle layer,152,Total: All usual residents,11306
20881,2021,E02006466,2021 super output areas - middle layer,152,British only identity,6413
20882,2021,E02006466,2021 super output areas - middle layer,152,English only identity,1492
20883,2021,E02006466,2021 super output areas - middle layer,152,English and British only identity,1492
20884,2021,E02006466,2021 super output areas - middle layer,152,Welsh only identity,36
20885,2021,E02006466,2021 super output areas - middle layer,152,Welsh and British only identity,18
20886,2021,E02006466,2021 super output areas - middle layer,152,Any other combination of only UK identities,105
20887,2021,E02006466,2021 super output areas - middle layer,152,Scottish only identity,34
20888,2021,E02006466,2021 super output areas - middle layer,152,Scottish and British only identity,25
20889,2021,E02006466,2021 super output areas - middle layer,152,Northern Irish only identity,6
20890,2021,E02006466,2021 super output areas - middle layer,152,Northern Irish and British only identity,9
20891,2021,E02006466,2021 super output areas - middle layer,152,Cornish only identity,3
20892,2021,E02006466,2021 super output areas - middle layer,152,Cornish and British only identity,0
20893,2021,E02006466,2021 super output areas - middle layer,152,Any other combination of only UK identities ,28
20894,2021,E02006466,2021 super output areas - middle layer,152,Irish only identity,37
20895,2021,E02006466,2021 super output areas - middle layer,152,Irish and at least one UK identity,9
20896,2021,E02006466,2021 super output areas - middle layer,152,Other identity only,1284
20897,2021,E02006466,2021 super output areas - middle layer,152,Other identity and at least one UK identity,420
20898,2021,E02006466,2021 super output areas - middle layer,152,Non-UK identity only,1321
20899,2021,E02006466,2021 super output areas - middle layer,152,UK identity and non-UK identity,429
20900,2021,E02006467,2021 super output areas - middle layer,152,Total: All usual residents,7266
20901,2021,E02006467,2021 super output areas - middle layer,152,British only identity,4445
20902,2021,E02006467,2021 super output areas - middle layer,152,English only identity,913
20903,2021,E02006467,2021 super output areas - middle layer,152,English and British only identity,1036
20904,2021,E02006467,2021 super output areas - middle layer,152,Welsh only identity,32
20905,2021,E02006467,2021 super output areas - middle layer,152,Welsh and British only identity,22
20906,2021,E02006467,2021 super output areas - middle layer,152,Any other combination of only UK identities,109
20907,2021,E02006467,2021 super output areas - middle layer,152,Scottish only identity,48
20908,2021,E02006467,2021 super output areas - middle layer,152,Scottish and British only identity,22
20909,2021,E02006467,2021 super output areas - middle layer,152,Northern Irish only identity,17
20910,2021,E02006467,2021 super output areas - middle layer,152,Northern Irish and British only identity,6
20911,2021,E02006467,2021 super output areas - middle layer,152,Cornish only identity,0
20912,2021,E02006467,2021 super output areas - middle layer,152,Cornish and British only identity,0
20913,2021,E02006467,2021 super output areas - middle layer,152,Any other combination of only UK identities ,16
20914,2021,E02006467,2021 super output areas - middle layer,152,Irish only identity,42
20915,2021,E02006467,2021 super output areas - middle layer,152,Irish and at least one UK identity,8
20916,2021,E02006467,2021 super output areas - middle layer,152,Other identity only,437
20917,2021,E02006467,2021 super output areas - middle layer,152,Other identity and at least one UK identity,222
20918,2021,E02006467,2021 super output areas - middle layer,152,Non-UK identity only,479
20919,2021,E02006467,2021 super output areas - middle layer,152,UK identity and non-UK identity,230
20920,2021,E02006534,2021 super output areas - middle layer,152,Total: All usual residents,9094
20921,2021,E02006534,2021 super output areas - middle layer,152,British only identity,5435
20922,2021,E02006534,2021 super output areas - middle layer,152,English only identity,1716
20923,2021,E02006534,2021 super output areas - middle layer,152,English and British only identity,1357
20924,2021,E02006534,2021 super output areas - middle layer,152,Welsh only identity,23
20925,2021,E02006534,2021 super output areas - middle layer,152,Welsh and British only identity,6
20926,2021,E02006534,2021 super output areas - middle layer,152,Any other combination of only UK identities,57
20927,2021,E02006534,2021 super output areas - middle layer,152,Scottish only identity,24
20928,2021,E02006534,2021 super output areas - middle layer,152,Scottish and British only identity,6
20929,2021,E02006534,2021 super output areas - middle layer,152,Northern Irish only identity,6
20930,2021,E02006534,2021 super output areas - middle layer,152,Northern Irish and British only identity,2
20931,2021,E02006534,2021 super output areas - middle layer,152,Cornish only identity,2
20932,2021,E02006534,2021 super output areas - middle layer,152,Cornish and British only identity,0
20933,2021,E02006534,2021 super output areas - middle layer,152,Any other combination of only UK identities ,17
20934,2021,E02006534,2021 super output areas - middle layer,152,Irish only identity,36
20935,2021,E02006534,2021 super output areas - middle layer,152,Irish and at least one UK identity,4
20936,2021,E02006534,2021 super output areas - middle layer,152,Other identity only,340
20937,2021,E02006534,2021 super output areas - middle layer,152,Other identity and at least one UK identity,120
20938,2021,E02006534,2021 super output areas - middle layer,152,Non-UK identity only,376
20939,2021,E02006534,2021 super output areas - middle layer,152,UK identity and non-UK identity,124
20940,2021,E02006535,2021 super output areas - middle layer,152,Total: All usual residents,7362
20941,2021,E02006535,2021 super output areas - middle layer,152,British only identity,4469
20942,2021,E02006535,2021 super output areas - middle layer,152,English only identity,1247
20943,2021,E02006535,2021 super output areas - middle layer,152,English and British only identity,1148
20944,2021,E02006535,2021 super output areas - middle layer,152,Welsh only identity,20
20945,2021,E02006535,2021 super output areas - middle layer,152,Welsh and British only identity,11
20946,2021,E02006535,2021 super output areas - middle layer,152,Any other combination of only UK identities,77
20947,2021,E02006535,2021 super output areas - middle layer,152,Scottish only identity,37
20948,2021,E02006535,2021 super output areas - middle layer,152,Scottish and British only identity,15
20949,2021,E02006535,2021 super output areas - middle layer,152,Northern Irish only identity,11
20950,2021,E02006535,2021 super output areas - middle layer,152,Northern Irish and British only identity,3
20951,2021,E02006535,2021 super output areas - middle layer,152,Cornish only identity,0
20952,2021,E02006535,2021 super output areas - middle layer,152,Cornish and British only identity,0
20953,2021,E02006535,2021 super output areas - middle layer,152,Any other combination of only UK identities ,11
20954,2021,E02006535,2021 super output areas - middle layer,152,Irish only identity,30
20955,2021,E02006535,2021 super output areas - middle layer,152,Irish and at least one UK identity,7
20956,2021,E02006535,2021 super output areas - middle layer,152,Other identity only,225
20957,2021,E02006535,2021 super output areas - middle layer,152,Other identity and at least one UK identity,128
20958,2021,E02006535,2021 super output areas - middle layer,152,Non-UK identity only,255
20959,2021,E02006535,2021 super output areas - middle layer,152,UK identity and non-UK identity,135
20960,2021,E02006536,2021 super output areas - middle layer,152,Total: All usual residents,7499
20961,2021,E02006536,2021 super output areas - middle layer,152,British only identity,4279
20962,2021,E02006536,2021 super output areas - middle layer,152,English only identity,1538
20963,2021,E02006536,2021 super output areas - middle layer,152,English and British only identity,1187
20964,2021,E02006536,2021 super output areas - middle layer,152,Welsh only identity,28
20965,2021,E02006536,2021 super output areas - middle layer,152,Welsh and British only identity,3
20966,2021,E02006536,2021 super output areas - middle layer,152,Any other combination of only UK identities,65
20967,2021,E02006536,2021 super output areas - middle layer,152,Scottish only identity,23
20968,2021,E02006536,2021 super output areas - middle layer,152,Scottish and British only identity,11
20969,2021,E02006536,2021 super output areas - middle layer,152,Northern Irish only identity,4
20970,2021,E02006536,2021 super output areas - middle layer,152,Northern Irish and British only identity,4
20971,2021,E02006536,2021 super output areas - middle layer,152,Cornish only identity,1
20972,2021,E02006536,2021 super output areas - middle layer,152,Cornish and British only identity,0
20973,2021,E02006536,2021 super output areas - middle layer,152,Any other combination of only UK identities ,22
20974,2021,E02006536,2021 super output areas - middle layer,152,Irish only identity,24
20975,2021,E02006536,2021 super output areas - middle layer,152,Irish and at least one UK identity,6
20976,2021,E02006536,2021 super output areas - middle layer,152,Other identity only,260
20977,2021,E02006536,2021 super output areas - middle layer,152,Other identity and at least one UK identity,109
20978,2021,E02006536,2021 super output areas - middle layer,152,Non-UK identity only,284
20979,2021,E02006536,2021 super output areas - middle layer,152,UK identity and non-UK identity,115
20980,2021,E02006537,2021 super output areas - middle layer,152,Total: All usual residents,10534
20981,2021,E02006537,2021 super output areas - middle layer,152,British only identity,6306
20982,2021,E02006537,2021 super output areas - middle layer,152,English only identity,1738
20983,2021,E02006537,2021 super output areas - middle layer,152,English and British only identity,1653
20984,2021,E02006537,2021 super output areas - middle layer,152,Welsh only identity,14
20985,2021,E02006537,2021 super output areas - middle layer,152,Welsh and British only identity,4
20986,2021,E02006537,2021 super output areas - middle layer,152,Any other combination of only UK identities,90
20987,2021,E02006537,2021 super output areas - middle layer,152,Scottish only identity,36
20988,2021,E02006537,2021 super output areas - middle layer,152,Scottish and British only identity,17
20989,2021,E02006537,2021 super output areas - middle layer,152,Northern Irish only identity,14
20990,2021,E02006537,2021 super output areas - middle layer,152,Northern Irish and British only identity,5
20991,2021,E02006537,2021 super output areas - middle layer,152,Cornish only identity,2
20992,2021,E02006537,2021 super output areas - middle layer,152,Cornish and British only identity,1
20993,2021,E02006537,2021 super output areas - middle layer,152,Any other combination of only UK identities ,15
20994,2021,E02006537,2021 super output areas - middle layer,152,Irish only identity,48
20995,2021,E02006537,2021 super output areas - middle layer,152,Irish and at least one UK identity,11
20996,2021,E02006537,2021 super output areas - middle layer,152,Other identity only,539
20997,2021,E02006537,2021 super output areas - middle layer,152,Other identity and at least one UK identity,131
20998,2021,E02006537,2021 super output areas - middle layer,152,Non-UK identity only,587
20999,2021,E02006537,2021 super output areas - middle layer,152,UK identity and non-UK identity,142
21000,2021,E02006538,2021 super output areas - middle layer,152,Total: All usual residents,9261
21001,2021,E02006538,2021 super output areas - middle layer,152,British only identity,5652
21002,2021,E02006538,2021 super output areas - middle layer,152,English only identity,1497
21003,2021,E02006538,2021 super output areas - middle layer,152,English and British only identity,1182
21004,2021,E02006538,2021 super output areas - middle layer,152,Welsh only identity,25
21005,2021,E02006538,2021 super output areas - middle layer,152,Welsh and British only identity,18
21006,2021,E02006538,2021 super output areas - middle layer,152,Any other combination of only UK identities,123
21007,2021,E02006538,2021 super output areas - middle layer,152,Scottish only identity,48
21008,2021,E02006538,2021 super output areas - middle layer,152,Scottish and British only identity,15
21009,2021,E02006538,2021 super output areas - middle layer,152,Northern Irish only identity,21
21010,2021,E02006538,2021 super output areas - middle layer,152,Northern Irish and British only identity,9
21011,2021,E02006538,2021 super output areas - middle layer,152,Cornish only identity,0
21012,2021,E02006538,2021 super output areas - middle layer,152,Cornish and British only identity,1
21013,2021,E02006538,2021 super output areas - middle layer,152,Any other combination of only UK identities ,29
21014,2021,E02006538,2021 super output areas - middle layer,152,Irish only identity,51
21015,2021,E02006538,2021 super output areas - middle layer,152,Irish and at least one UK identity,15
21016,2021,E02006538,2021 super output areas - middle layer,152,Other identity only,491
21017,2021,E02006538,2021 super output areas - middle layer,152,Other identity and at least one UK identity,207
21018,2021,E02006538,2021 super output areas - middle layer,152,Non-UK identity only,542
21019,2021,E02006538,2021 super output areas - middle layer,152,UK identity and non-UK identity,222
21020,2021,E02006539,2021 super output areas - middle layer,152,Total: All usual residents,7294
21021,2021,E02006539,2021 super output areas - middle layer,152,British only identity,4185
21022,2021,E02006539,2021 super output areas - middle layer,152,English only identity,1447
21023,2021,E02006539,2021 super output areas - middle layer,152,English and British only identity,1282
21024,2021,E02006539,2021 super output areas - middle layer,152,Welsh only identity,25
21025,2021,E02006539,2021 super output areas - middle layer,152,Welsh and British only identity,6
21026,2021,E02006539,2021 super output areas - middle layer,152,Any other combination of only UK identities,49
21027,2021,E02006539,2021 super output areas - middle layer,152,Scottish only identity,20
21028,2021,E02006539,2021 super output areas - middle layer,152,Scottish and British only identity,7
21029,2021,E02006539,2021 super output areas - middle layer,152,Northern Irish only identity,8
21030,2021,E02006539,2021 super output areas - middle layer,152,Northern Irish and British only identity,3
21031,2021,E02006539,2021 super output areas - middle layer,152,Cornish only identity,1
21032,2021,E02006539,2021 super output areas - middle layer,152,Cornish and British only identity,0
21033,2021,E02006539,2021 super output areas - middle layer,152,Any other combination of only UK identities ,10
21034,2021,E02006539,2021 super output areas - middle layer,152,Irish only identity,30
21035,2021,E02006539,2021 super output areas - middle layer,152,Irish and at least one UK identity,1
21036,2021,E02006539,2021 super output areas - middle layer,152,Other identity only,207
21037,2021,E02006539,2021 super output areas - middle layer,152,Other identity and at least one UK identity,62
21038,2021,E02006539,2021 super output areas - middle layer,152,Non-UK identity only,237
21039,2021,E02006539,2021 super output areas - middle layer,152,UK identity and non-UK identity,63
21040,2021,E02006540,2021 super output areas - middle layer,152,Total: All usual residents,5725
21041,2021,E02006540,2021 super output areas - middle layer,152,British only identity,3314
21042,2021,E02006540,2021 super output areas - middle layer,152,English only identity,1217
21043,2021,E02006540,2021 super output areas - middle layer,152,English and British only identity,853
21044,2021,E02006540,2021 super output areas - middle layer,152,Welsh only identity,18
21045,2021,E02006540,2021 super output areas - middle layer,152,Welsh and British only identity,6
21046,2021,E02006540,2021 super output areas - middle layer,152,Any other combination of only UK identities,45
21047,2021,E02006540,2021 super output areas - middle layer,152,Scottish only identity,24
21048,2021,E02006540,2021 super output areas - middle layer,152,Scottish and British only identity,11
21049,2021,E02006540,2021 super output areas - middle layer,152,Northern Irish only identity,1
21050,2021,E02006540,2021 super output areas - middle layer,152,Northern Irish and British only identity,5
21051,2021,E02006540,2021 super output areas - middle layer,152,Cornish only identity,0
21052,2021,E02006540,2021 super output areas - middle layer,152,Cornish and British only identity,0
21053,2021,E02006540,2021 super output areas - middle layer,152,Any other combination of only UK identities ,4
21054,2021,E02006540,2021 super output areas - middle layer,152,Irish only identity,15
21055,2021,E02006540,2021 super output areas - middle layer,152,Irish and at least one UK identity,6
21056,2021,E02006540,2021 super output areas - middle layer,152,Other identity only,184
21057,2021,E02006540,2021 super output areas - middle layer,152,Other identity and at least one UK identity,67
21058,2021,E02006540,2021 super output areas - middle layer,152,Non-UK identity only,199
21059,2021,E02006540,2021 super output areas - middle layer,152,UK identity and non-UK identity,73
21060,2021,E02006541,2021 super output areas - middle layer,152,Total: All usual residents,7774
21061,2021,E02006541,2021 super output areas - middle layer,152,British only identity,4272
21062,2021,E02006541,2021 super output areas - middle layer,152,English only identity,1618
21063,2021,E02006541,2021 super output areas - middle layer,152,English and British only identity,1262
21064,2021,E02006541,2021 super output areas - middle layer,152,Welsh only identity,26
21065,2021,E02006541,2021 super output areas - middle layer,152,Welsh and British only identity,13
21066,2021,E02006541,2021 super output areas - middle layer,152,Any other combination of only UK identities,86
21067,2021,E02006541,2021 super output areas - middle layer,152,Scottish only identity,45
21068,2021,E02006541,2021 super output areas - middle layer,152,Scottish and British only identity,12
21069,2021,E02006541,2021 super output areas - middle layer,152,Northern Irish only identity,10
21070,2021,E02006541,2021 super output areas - middle layer,152,Northern Irish and British only identity,1
21071,2021,E02006541,2021 super output areas - middle layer,152,Cornish only identity,0
21072,2021,E02006541,2021 super output areas - middle layer,152,Cornish and British only identity,0
21073,2021,E02006541,2021 super output areas - middle layer,152,Any other combination of only UK identities ,18
21074,2021,E02006541,2021 super output areas - middle layer,152,Irish only identity,21
21075,2021,E02006541,2021 super output areas - middle layer,152,Irish and at least one UK identity,12
21076,2021,E02006541,2021 super output areas - middle layer,152,Other identity only,366
21077,2021,E02006541,2021 super output areas - middle layer,152,Other identity and at least one UK identity,98
21078,2021,E02006541,2021 super output areas - middle layer,152,Non-UK identity only,387
21079,2021,E02006541,2021 super output areas - middle layer,152,UK identity and non-UK identity,110
21080,2021,E02006542,2021 super output areas - middle layer,152,Total: All usual residents,5737
21081,2021,E02006542,2021 super output areas - middle layer,152,British only identity,3388
21082,2021,E02006542,2021 super output areas - middle layer,152,English only identity,1056
21083,2021,E02006542,2021 super output areas - middle layer,152,English and British only identity,830
21084,2021,E02006542,2021 super output areas - middle layer,152,Welsh only identity,28
21085,2021,E02006542,2021 super output areas - middle layer,152,Welsh and British only identity,8
21086,2021,E02006542,2021 super output areas - middle layer,152,Any other combination of only UK identities,78
21087,2021,E02006542,2021 super output areas - middle layer,152,Scottish only identity,34
21088,2021,E02006542,2021 super output areas - middle layer,152,Scottish and British only identity,15
21089,2021,E02006542,2021 super output areas - middle layer,152,Northern Irish only identity,7
21090,2021,E02006542,2021 super output areas - middle layer,152,Northern Irish and British only identity,7
21091,2021,E02006542,2021 super output areas - middle layer,152,Cornish only identity,1
21092,2021,E02006542,2021 super output areas - middle layer,152,Cornish and British only identity,0
21093,2021,E02006542,2021 super output areas - middle layer,152,Any other combination of only UK identities ,14
21094,2021,E02006542,2021 super output areas - middle layer,152,Irish only identity,32
21095,2021,E02006542,2021 super output areas - middle layer,152,Irish and at least one UK identity,7
21096,2021,E02006542,2021 super output areas - middle layer,152,Other identity only,229
21097,2021,E02006542,2021 super output areas - middle layer,152,Other identity and at least one UK identity,81
21098,2021,E02006542,2021 super output areas - middle layer,152,Non-UK identity only,261
21099,2021,E02006542,2021 super output areas - middle layer,152,UK identity and non-UK identity,88
21100,2021,E02006543,2021 super output areas - middle layer,152,Total: All usual residents,5598
21101,2021,E02006543,2021 super output areas - middle layer,152,British only identity,3195
21102,2021,E02006543,2021 super output areas - middle layer,152,English only identity,1222
21103,2021,E02006543,2021 super output areas - middle layer,152,English and British only identity,917
21104,2021,E02006543,2021 super output areas - middle layer,152,Welsh only identity,23
21105,2021,E02006543,2021 super output areas - middle layer,152,Welsh and British only identity,7
21106,2021,E02006543,2021 super output areas - middle layer,152,Any other combination of only UK identities,44
21107,2021,E02006543,2021 super output areas - middle layer,152,Scottish only identity,21
21108,2021,E02006543,2021 super output areas - middle layer,152,Scottish and British only identity,6
21109,2021,E02006543,2021 super output areas - middle layer,152,Northern Irish only identity,3
21110,2021,E02006543,2021 super output areas - middle layer,152,Northern Irish and British only identity,3
21111,2021,E02006543,2021 super output areas - middle layer,152,Cornish only identity,2
21112,2021,E02006543,2021 super output areas - middle layer,152,Cornish and British only identity,0
21113,2021,E02006543,2021 super output areas - middle layer,152,Any other combination of only UK identities ,9
21114,2021,E02006543,2021 super output areas - middle layer,152,Irish only identity,22
21115,2021,E02006543,2021 super output areas - middle layer,152,Irish and at least one UK identity,4
21116,2021,E02006543,2021 super output areas - middle layer,152,Other identity only,111
21117,2021,E02006543,2021 super output areas - middle layer,152,Other identity and at least one UK identity,53
21118,2021,E02006543,2021 super output areas - middle layer,152,Non-UK identity only,133
21119,2021,E02006543,2021 super output areas - middle layer,152,UK identity and non-UK identity,57
21120,2021,E02006544,2021 super output areas - middle layer,152,Total: All usual residents,11617
21121,2021,E02006544,2021 super output areas - middle layer,152,British only identity,6822
21122,2021,E02006544,2021 super output areas - middle layer,152,English only identity,2103
21123,2021,E02006544,2021 super output areas - middle layer,152,English and British only identity,1948
21124,2021,E02006544,2021 super output areas - middle layer,152,Welsh only identity,47
21125,2021,E02006544,2021 super output areas - middle layer,152,Welsh and British only identity,26
21126,2021,E02006544,2021 super output areas - middle layer,152,Any other combination of only UK identities,99
21127,2021,E02006544,2021 super output areas - middle layer,152,Scottish only identity,44
21128,2021,E02006544,2021 super output areas - middle layer,152,Scottish and British only identity,19
21129,2021,E02006544,2021 super output areas - middle layer,152,Northern Irish only identity,12
21130,2021,E02006544,2021 super output areas - middle layer,152,Northern Irish and British only identity,8
21131,2021,E02006544,2021 super output areas - middle layer,152,Cornish only identity,1
21132,2021,E02006544,2021 super output areas - middle layer,152,Cornish and British only identity,0
21133,2021,E02006544,2021 super output areas - middle layer,152,Any other combination of only UK identities ,15
21134,2021,E02006544,2021 super output areas - middle layer,152,Irish only identity,39
21135,2021,E02006544,2021 super output areas - middle layer,152,Irish and at least one UK identity,15
21136,2021,E02006544,2021 super output areas - middle layer,152,Other identity only,396
21137,2021,E02006544,2021 super output areas - middle layer,152,Other identity and at least one UK identity,122
21138,2021,E02006544,2021 super output areas - middle layer,152,Non-UK identity only,435
21139,2021,E02006544,2021 super output areas - middle layer,152,UK identity and non-UK identity,137
21140,2021,E02006545,2021 super output areas - middle layer,152,Total: All usual residents,12161
21141,2021,E02006545,2021 super output areas - middle layer,152,British only identity,6720
21142,2021,E02006545,2021 super output areas - middle layer,152,English only identity,2132
21143,2021,E02006545,2021 super output areas - middle layer,152,English and British only identity,2155
21144,2021,E02006545,2021 super output areas - middle layer,152,Welsh only identity,28
21145,2021,E02006545,2021 super output areas - middle layer,152,Welsh and British only identity,11
21146,2021,E02006545,2021 super output areas - middle layer,152,Any other combination of only UK identities,88
21147,2021,E02006545,2021 super output areas - middle layer,152,Scottish only identity,27
21148,2021,E02006545,2021 super output areas - middle layer,152,Scottish and British only identity,21
21149,2021,E02006545,2021 super output areas - middle layer,152,Northern Irish only identity,11
21150,2021,E02006545,2021 super output areas - middle layer,152,Northern Irish and British only identity,3
21151,2021,E02006545,2021 super output areas - middle layer,152,Cornish only identity,0
21152,2021,E02006545,2021 super output areas - middle layer,152,Cornish and British only identity,0
21153,2021,E02006545,2021 super output areas - middle layer,152,Any other combination of only UK identities ,26
21154,2021,E02006545,2021 super output areas - middle layer,152,Irish only identity,24
21155,2021,E02006545,2021 super output areas - middle layer,152,Irish and at least one UK identity,0
21156,2021,E02006545,2021 super output areas - middle layer,152,Other identity only,817
21157,2021,E02006545,2021 super output areas - middle layer,152,Other identity and at least one UK identity,186
21158,2021,E02006545,2021 super output areas - middle layer,152,Non-UK identity only,841
21159,2021,E02006545,2021 super output areas - middle layer,152,UK identity and non-UK identity,186
21160,2021,E02006546,2021 super output areas - middle layer,152,Total: All usual residents,10968
21161,2021,E02006546,2021 super output areas - middle layer,152,British only identity,6244
21162,2021,E02006546,2021 super output areas - middle layer,152,English only identity,2282
21163,2021,E02006546,2021 super output areas - middle layer,152,English and British only identity,1830
21164,2021,E02006546,2021 super output areas - middle layer,152,Welsh only identity,34
21165,2021,E02006546,2021 super output areas - middle layer,152,Welsh and British only identity,13
21166,2021,E02006546,2021 super output areas - middle layer,152,Any other combination of only UK identities,85
21167,2021,E02006546,2021 super output areas - middle layer,152,Scottish only identity,32
21168,2021,E02006546,2021 super output areas - middle layer,152,Scottish and British only identity,19
21169,2021,E02006546,2021 super output areas - middle layer,152,Northern Irish only identity,10
21170,2021,E02006546,2021 super output areas - middle layer,152,Northern Irish and British only identity,2
21171,2021,E02006546,2021 super output areas - middle layer,152,Cornish only identity,2
21172,2021,E02006546,2021 super output areas - middle layer,152,Cornish and British only identity,1
21173,2021,E02006546,2021 super output areas - middle layer,152,Any other combination of only UK identities ,19
21174,2021,E02006546,2021 super output areas - middle layer,152,Irish only identity,38
21175,2021,E02006546,2021 super output areas - middle layer,152,Irish and at least one UK identity,13
21176,2021,E02006546,2021 super output areas - middle layer,152,Other identity only,330
21177,2021,E02006546,2021 super output areas - middle layer,152,Other identity and at least one UK identity,99
21178,2021,E02006546,2021 super output areas - middle layer,152,Non-UK identity only,368
21179,2021,E02006546,2021 super output areas - middle layer,152,UK identity and non-UK identity,112
21180,2021,E02006547,2021 super output areas - middle layer,152,Total: All usual residents,6913
21181,2021,E02006547,2021 super output areas - middle layer,152,British only identity,3869
21182,2021,E02006547,2021 super output areas - middle layer,152,English only identity,1418
21183,2021,E02006547,2021 super output areas - middle layer,152,English and British only identity,1188
21184,2021,E02006547,2021 super output areas - middle layer,152,Welsh only identity,20
21185,2021,E02006547,2021 super output areas - middle layer,152,Welsh and British only identity,9
21186,2021,E02006547,2021 super output areas - middle layer,152,Any other combination of only UK identities,59
21187,2021,E02006547,2021 super output areas - middle layer,152,Scottish only identity,21
21188,2021,E02006547,2021 super output areas - middle layer,152,Scottish and British only identity,11
21189,2021,E02006547,2021 super output areas - middle layer,152,Northern Irish only identity,4
21190,2021,E02006547,2021 super output areas - middle layer,152,Northern Irish and British only identity,7
21191,2021,E02006547,2021 super output areas - middle layer,152,Cornish only identity,0
21192,2021,E02006547,2021 super output areas - middle layer,152,Cornish and British only identity,0
21193,2021,E02006547,2021 super output areas - middle layer,152,Any other combination of only UK identities ,16
21194,2021,E02006547,2021 super output areas - middle layer,152,Irish only identity,29
21195,2021,E02006547,2021 super output areas - middle layer,152,Irish and at least one UK identity,3
21196,2021,E02006547,2021 super output areas - middle layer,152,Other identity only,238
21197,2021,E02006547,2021 super output areas - middle layer,152,Other identity and at least one UK identity,80
21198,2021,E02006547,2021 super output areas - middle layer,152,Non-UK identity only,267
21199,2021,E02006547,2021 super output areas - middle layer,152,UK identity and non-UK identity,83
21200,2021,E02006548,2021 super output areas - middle layer,152,Total: All usual residents,9755
21201,2021,E02006548,2021 super output areas - middle layer,152,British only identity,5406
21202,2021,E02006548,2021 super output areas - middle layer,152,English only identity,2085
21203,2021,E02006548,2021 super output areas - middle layer,152,English and British only identity,1743
21204,2021,E02006548,2021 super output areas - middle layer,152,Welsh only identity,21
21205,2021,E02006548,2021 super output areas - middle layer,152,Welsh and British only identity,7
21206,2021,E02006548,2021 super output areas - middle layer,152,Any other combination of only UK identities,65
21207,2021,E02006548,2021 super output areas - middle layer,152,Scottish only identity,33
21208,2021,E02006548,2021 super output areas - middle layer,152,Scottish and British only identity,11
21209,2021,E02006548,2021 super output areas - middle layer,152,Northern Irish only identity,7
21210,2021,E02006548,2021 super output areas - middle layer,152,Northern Irish and British only identity,1
21211,2021,E02006548,2021 super output areas - middle layer,152,Cornish only identity,1
21212,2021,E02006548,2021 super output areas - middle layer,152,Cornish and British only identity,0
21213,2021,E02006548,2021 super output areas - middle layer,152,Any other combination of only UK identities ,12
21214,2021,E02006548,2021 super output areas - middle layer,152,Irish only identity,18
21215,2021,E02006548,2021 super output areas - middle layer,152,Irish and at least one UK identity,3
21216,2021,E02006548,2021 super output areas - middle layer,152,Other identity only,312
21217,2021,E02006548,2021 super output areas - middle layer,152,Other identity and at least one UK identity,95
21218,2021,E02006548,2021 super output areas - middle layer,152,Non-UK identity only,330
21219,2021,E02006548,2021 super output areas - middle layer,152,UK identity and non-UK identity,98
21220,2021,E02006549,2021 super output areas - middle layer,152,Total: All usual residents,6249
21221,2021,E02006549,2021 super output areas - middle layer,152,British only identity,3473
21222,2021,E02006549,2021 super output areas - middle layer,152,English only identity,1489
21223,2021,E02006549,2021 super output areas - middle layer,152,English and British only identity,939
21224,2021,E02006549,2021 super output areas - middle layer,152,Welsh only identity,21
21225,2021,E02006549,2021 super output areas - middle layer,152,Welsh and British only identity,5
21226,2021,E02006549,2021 super output areas - middle layer,152,Any other combination of only UK identities,75
21227,2021,E02006549,2021 super output areas - middle layer,152,Scottish only identity,38
21228,2021,E02006549,2021 super output areas - middle layer,152,Scottish and British only identity,15
21229,2021,E02006549,2021 super output areas - middle layer,152,Northern Irish only identity,10
21230,2021,E02006549,2021 super output areas - middle layer,152,Northern Irish and British only identity,2
21231,2021,E02006549,2021 super output areas - middle layer,152,Cornish only identity,0
21232,2021,E02006549,2021 super output areas - middle layer,152,Cornish and British only identity,0
21233,2021,E02006549,2021 super output areas - middle layer,152,Any other combination of only UK identities ,10
21234,2021,E02006549,2021 super output areas - middle layer,152,Irish only identity,22
21235,2021,E02006549,2021 super output areas - middle layer,152,Irish and at least one UK identity,7
21236,2021,E02006549,2021 super output areas - middle layer,152,Other identity only,161
21237,2021,E02006549,2021 super output areas - middle layer,152,Other identity and at least one UK identity,57
21238,2021,E02006549,2021 super output areas - middle layer,152,Non-UK identity only,183
21239,2021,E02006549,2021 super output areas - middle layer,152,UK identity and non-UK identity,64
21240,2021,E02006550,2021 super output areas - middle layer,152,Total: All usual residents,9612
21241,2021,E02006550,2021 super output areas - middle layer,152,British only identity,5136
21242,2021,E02006550,2021 super output areas - middle layer,152,English only identity,2344
21243,2021,E02006550,2021 super output areas - middle layer,152,English and British only identity,1554
21244,2021,E02006550,2021 super output areas - middle layer,152,Welsh only identity,29
21245,2021,E02006550,2021 super output areas - middle layer,152,Welsh and British only identity,6
21246,2021,E02006550,2021 super output areas - middle layer,152,Any other combination of only UK identities,74
21247,2021,E02006550,2021 super output areas - middle layer,152,Scottish only identity,24
21248,2021,E02006550,2021 super output areas - middle layer,152,Scottish and British only identity,18
21249,2021,E02006550,2021 super output areas - middle layer,152,Northern Irish only identity,5
21250,2021,E02006550,2021 super output areas - middle layer,152,Northern Irish and British only identity,6
21251,2021,E02006550,2021 super output areas - middle layer,152,Cornish only identity,2
21252,2021,E02006550,2021 super output areas - middle layer,152,Cornish and British only identity,0
21253,2021,E02006550,2021 super output areas - middle layer,152,Any other combination of only UK identities ,19
21254,2021,E02006550,2021 super output areas - middle layer,152,Irish only identity,36
21255,2021,E02006550,2021 super output areas - middle layer,152,Irish and at least one UK identity,11
21256,2021,E02006550,2021 super output areas - middle layer,152,Other identity only,348
21257,2021,E02006550,2021 super output areas - middle layer,152,Other identity and at least one UK identity,74
21258,2021,E02006550,2021 super output areas - middle layer,152,Non-UK identity only,384
21259,2021,E02006550,2021 super output areas - middle layer,152,UK identity and non-UK identity,85
21260,2021,E02006551,2021 super output areas - middle layer,152,Total: All usual residents,7956
21261,2021,E02006551,2021 super output areas - middle layer,152,British only identity,4140
21262,2021,E02006551,2021 super output areas - middle layer,152,English only identity,2105
21263,2021,E02006551,2021 super output areas - middle layer,152,English and British only identity,1219
21264,2021,E02006551,2021 super output areas - middle layer,152,Welsh only identity,29
21265,2021,E02006551,2021 super output areas - middle layer,152,Welsh and British only identity,18
21266,2021,E02006551,2021 super output areas - middle layer,152,Any other combination of only UK identities,114
21267,2021,E02006551,2021 super output areas - middle layer,152,Scottish only identity,51
21268,2021,E02006551,2021 super output areas - middle layer,152,Scottish and British only identity,22
21269,2021,E02006551,2021 super output areas - middle layer,152,Northern Irish only identity,15
21270,2021,E02006551,2021 super output areas - middle layer,152,Northern Irish and British only identity,7
21271,2021,E02006551,2021 super output areas - middle layer,152,Cornish only identity,3
21272,2021,E02006551,2021 super output areas - middle layer,152,Cornish and British only identity,0
21273,2021,E02006551,2021 super output areas - middle layer,152,Any other combination of only UK identities ,16
21274,2021,E02006551,2021 super output areas - middle layer,152,Irish only identity,36
21275,2021,E02006551,2021 super output areas - middle layer,152,Irish and at least one UK identity,11
21276,2021,E02006551,2021 super output areas - middle layer,152,Other identity only,225
21277,2021,E02006551,2021 super output areas - middle layer,152,Other identity and at least one UK identity,59
21278,2021,E02006551,2021 super output areas - middle layer,152,Non-UK identity only,261
21279,2021,E02006551,2021 super output areas - middle layer,152,UK identity and non-UK identity,70
21280,2021,E02006552,2021 super output areas - middle layer,152,Total: All usual residents,7381
21281,2021,E02006552,2021 super output areas - middle layer,152,British only identity,3794
21282,2021,E02006552,2021 super output areas - middle layer,152,English only identity,1425
21283,2021,E02006552,2021 super output areas - middle layer,152,English and British only identity,1034
21284,2021,E02006552,2021 super output areas - middle layer,152,Welsh only identity,19
21285,2021,E02006552,2021 super output areas - middle layer,152,Welsh and British only identity,7
21286,2021,E02006552,2021 super output areas - middle layer,152,Any other combination of only UK identities,54
21287,2021,E02006552,2021 super output areas - middle layer,152,Scottish only identity,22
21288,2021,E02006552,2021 super output areas - middle layer,152,Scottish and British only identity,13
21289,2021,E02006552,2021 super output areas - middle layer,152,Northern Irish only identity,5
21290,2021,E02006552,2021 super output areas - middle layer,152,Northern Irish and British only identity,3
21291,2021,E02006552,2021 super output areas - middle layer,152,Cornish only identity,0
21292,2021,E02006552,2021 super output areas - middle layer,152,Cornish and British only identity,0
21293,2021,E02006552,2021 super output areas - middle layer,152,Any other combination of only UK identities ,11
21294,2021,E02006552,2021 super output areas - middle layer,152,Irish only identity,25
21295,2021,E02006552,2021 super output areas - middle layer,152,Irish and at least one UK identity,10
21296,2021,E02006552,2021 super output areas - middle layer,152,Other identity only,870
21297,2021,E02006552,2021 super output areas - middle layer,152,Other identity and at least one UK identity,143
21298,2021,E02006552,2021 super output areas - middle layer,152,Non-UK identity only,895
21299,2021,E02006552,2021 super output areas - middle layer,152,UK identity and non-UK identity,153
21300,2021,E02006553,2021 super output areas - middle layer,152,Total: All usual residents,9663
21301,2021,E02006553,2021 super output areas - middle layer,152,British only identity,4981
21302,2021,E02006553,2021 super output areas - middle layer,152,English only identity,2013
21303,2021,E02006553,2021 super output areas - middle layer,152,English and British only identity,1607
21304,2021,E02006553,2021 super output areas - middle layer,152,Welsh only identity,14
21305,2021,E02006553,2021 super output areas - middle layer,152,Welsh and British only identity,16
21306,2021,E02006553,2021 super output areas - middle layer,152,Any other combination of only UK identities,77
21307,2021,E02006553,2021 super output areas - middle layer,152,Scottish only identity,38
21308,2021,E02006553,2021 super output areas - middle layer,152,Scottish and British only identity,13
21309,2021,E02006553,2021 super output areas - middle layer,152,Northern Irish only identity,7
21310,2021,E02006553,2021 super output areas - middle layer,152,Northern Irish and British only identity,3
21311,2021,E02006553,2021 super output areas - middle layer,152,Cornish only identity,2
21312,2021,E02006553,2021 super output areas - middle layer,152,Cornish and British only identity,0
21313,2021,E02006553,2021 super output areas - middle layer,152,Any other combination of only UK identities ,14
21314,2021,E02006553,2021 super output areas - middle layer,152,Irish only identity,15
21315,2021,E02006553,2021 super output areas - middle layer,152,Irish and at least one UK identity,2
21316,2021,E02006553,2021 super output areas - middle layer,152,Other identity only,806
21317,2021,E02006553,2021 super output areas - middle layer,152,Other identity and at least one UK identity,132
21318,2021,E02006553,2021 super output areas - middle layer,152,Non-UK identity only,821
21319,2021,E02006553,2021 super output areas - middle layer,152,UK identity and non-UK identity,134
21320,2021,E02006554,2021 super output areas - middle layer,152,Total: All usual residents,6619
21321,2021,E02006554,2021 super output areas - middle layer,152,British only identity,3753
21322,2021,E02006554,2021 super output areas - middle layer,152,English only identity,1542
21323,2021,E02006554,2021 super output areas - middle layer,152,English and British only identity,973
21324,2021,E02006554,2021 super output areas - middle layer,152,Welsh only identity,21
21325,2021,E02006554,2021 super output areas - middle layer,152,Welsh and British only identity,7
21326,2021,E02006554,2021 super output areas - middle layer,152,Any other combination of only UK identities,56
21327,2021,E02006554,2021 super output areas - middle layer,152,Scottish only identity,24
21328,2021,E02006554,2021 super output areas - middle layer,152,Scottish and British only identity,8
21329,2021,E02006554,2021 super output areas - middle layer,152,Northern Irish only identity,8
21330,2021,E02006554,2021 super output areas - middle layer,152,Northern Irish and British only identity,4
21331,2021,E02006554,2021 super output areas - middle layer,152,Cornish only identity,2
21332,2021,E02006554,2021 super output areas - middle layer,152,Cornish and British only identity,0
21333,2021,E02006554,2021 super output areas - middle layer,152,Any other combination of only UK identities ,10
21334,2021,E02006554,2021 super output areas - middle layer,152,Irish only identity,34
21335,2021,E02006554,2021 super output areas - middle layer,152,Irish and at least one UK identity,4
21336,2021,E02006554,2021 super output areas - middle layer,152,Other identity only,189
21337,2021,E02006554,2021 super output areas - middle layer,152,Other identity and at least one UK identity,40
21338,2021,E02006554,2021 super output areas - middle layer,152,Non-UK identity only,223
21339,2021,E02006554,2021 super output areas - middle layer,152,UK identity and non-UK identity,44
21340,2021,E02006555,2021 super output areas - middle layer,152,Total: All usual residents,7694
21341,2021,E02006555,2021 super output areas - middle layer,152,British only identity,3826
21342,2021,E02006555,2021 super output areas - middle layer,152,English only identity,1410
21343,2021,E02006555,2021 super output areas - middle layer,152,English and British only identity,1192
21344,2021,E02006555,2021 super output areas - middle layer,152,Welsh only identity,14
21345,2021,E02006555,2021 super output areas - middle layer,152,Welsh and British only identity,5
21346,2021,E02006555,2021 super output areas - middle layer,152,Any other combination of only UK identities,58
21347,2021,E02006555,2021 super output areas - middle layer,152,Scottish only identity,35
21348,2021,E02006555,2021 super output areas - middle layer,152,Scottish and British only identity,11
21349,2021,E02006555,2021 super output areas - middle layer,152,Northern Irish only identity,5
21350,2021,E02006555,2021 super output areas - middle layer,152,Northern Irish and British only identity,0
21351,2021,E02006555,2021 super output areas - middle layer,152,Cornish only identity,0
21352,2021,E02006555,2021 super output areas - middle layer,152,Cornish and British only identity,0
21353,2021,E02006555,2021 super output areas - middle layer,152,Any other combination of only UK identities ,7
21354,2021,E02006555,2021 super output areas - middle layer,152,Irish only identity,15
21355,2021,E02006555,2021 super output areas - middle layer,152,Irish and at least one UK identity,5
21356,2021,E02006555,2021 super output areas - middle layer,152,Other identity only,1035
21357,2021,E02006555,2021 super output areas - middle layer,152,Other identity and at least one UK identity,134
21358,2021,E02006555,2021 super output areas - middle layer,152,Non-UK identity only,1050
21359,2021,E02006555,2021 super output areas - middle layer,152,UK identity and non-UK identity,139
21360,2021,E02006556,2021 super output areas - middle layer,152,Total: All usual residents,10594
21361,2021,E02006556,2021 super output areas - middle layer,152,British only identity,5834
21362,2021,E02006556,2021 super output areas - middle layer,152,English only identity,2326
21363,2021,E02006556,2021 super output areas - middle layer,152,English and British only identity,1790
21364,2021,E02006556,2021 super output areas - middle layer,152,Welsh only identity,30
21365,2021,E02006556,2021 super output areas - middle layer,152,Welsh and British only identity,15
21366,2021,E02006556,2021 super output areas - middle layer,152,Any other combination of only UK identities,89
21367,2021,E02006556,2021 super output areas - middle layer,152,Scottish only identity,40
21368,2021,E02006556,2021 super output areas - middle layer,152,Scottish and British only identity,17
21369,2021,E02006556,2021 super output areas - middle layer,152,Northern Irish only identity,10
21370,2021,E02006556,2021 super output areas - middle layer,152,Northern Irish and British only identity,3
21371,2021,E02006556,2021 super output areas - middle layer,152,Cornish only identity,0
21372,2021,E02006556,2021 super output areas - middle layer,152,Cornish and British only identity,2
21373,2021,E02006556,2021 super output areas - middle layer,152,Any other combination of only UK identities ,17
21374,2021,E02006556,2021 super output areas - middle layer,152,Irish only identity,36
21375,2021,E02006556,2021 super output areas - middle layer,152,Irish and at least one UK identity,6
21376,2021,E02006556,2021 super output areas - middle layer,152,Other identity only,390
21377,2021,E02006556,2021 super output areas - middle layer,152,Other identity and at least one UK identity,78
21378,2021,E02006556,2021 super output areas - middle layer,152,Non-UK identity only,426
21379,2021,E02006556,2021 super output areas - middle layer,152,UK identity and non-UK identity,84
21380,2021,E02006557,2021 super output areas - middle layer,152,Total: All usual residents,7770
21381,2021,E02006557,2021 super output areas - middle layer,152,British only identity,4057
21382,2021,E02006557,2021 super output areas - middle layer,152,English only identity,1415
21383,2021,E02006557,2021 super output areas - middle layer,152,English and British only identity,1083
21384,2021,E02006557,2021 super output areas - middle layer,152,Welsh only identity,19
21385,2021,E02006557,2021 super output areas - middle layer,152,Welsh and British only identity,4
21386,2021,E02006557,2021 super output areas - middle layer,152,Any other combination of only UK identities,39
21387,2021,E02006557,2021 super output areas - middle layer,152,Scottish only identity,15
21388,2021,E02006557,2021 super output areas - middle layer,152,Scottish and British only identity,5
21389,2021,E02006557,2021 super output areas - middle layer,152,Northern Irish only identity,8
21390,2021,E02006557,2021 super output areas - middle layer,152,Northern Irish and British only identity,0
21391,2021,E02006557,2021 super output areas - middle layer,152,Cornish only identity,1
21392,2021,E02006557,2021 super output areas - middle layer,152,Cornish and British only identity,0
21393,2021,E02006557,2021 super output areas - middle layer,152,Any other combination of only UK identities ,10
21394,2021,E02006557,2021 super output areas - middle layer,152,Irish only identity,13
21395,2021,E02006557,2021 super output areas - middle layer,152,Irish and at least one UK identity,7
21396,2021,E02006557,2021 super output areas - middle layer,152,Other identity only,1016
21397,2021,E02006557,2021 super output areas - middle layer,152,Other identity and at least one UK identity,117
21398,2021,E02006557,2021 super output areas - middle layer,152,Non-UK identity only,1029
21399,2021,E02006557,2021 super output areas - middle layer,152,UK identity and non-UK identity,124
21400,2021,E02006558,2021 super output areas - middle layer,152,Total: All usual residents,10726
21401,2021,E02006558,2021 super output areas - middle layer,152,British only identity,4991
21402,2021,E02006558,2021 super output areas - middle layer,152,English only identity,1797
21403,2021,E02006558,2021 super output areas - middle layer,152,English and British only identity,1272
21404,2021,E02006558,2021 super output areas - middle layer,152,Welsh only identity,18
21405,2021,E02006558,2021 super output areas - middle layer,152,Welsh and British only identity,24
21406,2021,E02006558,2021 super output areas - middle layer,152,Any other combination of only UK identities,116
21407,2021,E02006558,2021 super output areas - middle layer,152,Scottish only identity,61
21408,2021,E02006558,2021 super output areas - middle layer,152,Scottish and British only identity,17
21409,2021,E02006558,2021 super output areas - middle layer,152,Northern Irish only identity,13
21410,2021,E02006558,2021 super output areas - middle layer,152,Northern Irish and British only identity,2
21411,2021,E02006558,2021 super output areas - middle layer,152,Cornish only identity,2
21412,2021,E02006558,2021 super output areas - middle layer,152,Cornish and British only identity,2
21413,2021,E02006558,2021 super output areas - middle layer,152,Any other combination of only UK identities ,19
21414,2021,E02006558,2021 super output areas - middle layer,152,Irish only identity,42
21415,2021,E02006558,2021 super output areas - middle layer,152,Irish and at least one UK identity,12
21416,2021,E02006558,2021 super output areas - middle layer,152,Other identity only,2203
21417,2021,E02006558,2021 super output areas - middle layer,152,Other identity and at least one UK identity,251
21418,2021,E02006558,2021 super output areas - middle layer,152,Non-UK identity only,2245
21419,2021,E02006558,2021 super output areas - middle layer,152,UK identity and non-UK identity,263
21420,2021,E02006559,2021 super output areas - middle layer,152,Total: All usual residents,8181
21421,2021,E02006559,2021 super output areas - middle layer,152,British only identity,4315
21422,2021,E02006559,2021 super output areas - middle layer,152,English only identity,2075
21423,2021,E02006559,2021 super output areas - middle layer,152,English and British only identity,1207
21424,2021,E02006559,2021 super output areas - middle layer,152,Welsh only identity,36
21425,2021,E02006559,2021 super output areas - middle layer,152,Welsh and British only identity,14
21426,2021,E02006559,2021 super output areas - middle layer,152,Any other combination of only UK identities,75
21427,2021,E02006559,2021 super output areas - middle layer,152,Scottish only identity,44
21428,2021,E02006559,2021 super output areas - middle layer,152,Scottish and British only identity,7
21429,2021,E02006559,2021 super output areas - middle layer,152,Northern Irish only identity,9
21430,2021,E02006559,2021 super output areas - middle layer,152,Northern Irish and British only identity,3
21431,2021,E02006559,2021 super output areas - middle layer,152,Cornish only identity,1
21432,2021,E02006559,2021 super output areas - middle layer,152,Cornish and British only identity,2
21433,2021,E02006559,2021 super output areas - middle layer,152,Any other combination of only UK identities ,9
21434,2021,E02006559,2021 super output areas - middle layer,152,Irish only identity,29
21435,2021,E02006559,2021 super output areas - middle layer,152,Irish and at least one UK identity,7
21436,2021,E02006559,2021 super output areas - middle layer,152,Other identity only,352
21437,2021,E02006559,2021 super output areas - middle layer,152,Other identity and at least one UK identity,71
21438,2021,E02006559,2021 super output areas - middle layer,152,Non-UK identity only,381
21439,2021,E02006559,2021 super output areas - middle layer,152,UK identity and non-UK identity,78
21440,2021,E02006560,2021 super output areas - middle layer,152,Total: All usual residents,9706
21441,2021,E02006560,2021 super output areas - middle layer,152,British only identity,4921
21442,2021,E02006560,2021 super output areas - middle layer,152,English only identity,2583
21443,2021,E02006560,2021 super output areas - middle layer,152,English and British only identity,1655
21444,2021,E02006560,2021 super output areas - middle layer,152,Welsh only identity,25
21445,2021,E02006560,2021 super output areas - middle layer,152,Welsh and British only identity,9
21446,2021,E02006560,2021 super output areas - middle layer,152,Any other combination of only UK identities,69
21447,2021,E02006560,2021 super output areas - middle layer,152,Scottish only identity,32
21448,2021,E02006560,2021 super output areas - middle layer,152,Scottish and British only identity,7
21449,2021,E02006560,2021 super output areas - middle layer,152,Northern Irish only identity,6
21450,2021,E02006560,2021 super output areas - middle layer,152,Northern Irish and British only identity,1
21451,2021,E02006560,2021 super output areas - middle layer,152,Cornish only identity,2
21452,2021,E02006560,2021 super output areas - middle layer,152,Cornish and British only identity,8
21453,2021,E02006560,2021 super output areas - middle layer,152,Any other combination of only UK identities ,13
21454,2021,E02006560,2021 super output areas - middle layer,152,Irish only identity,32
21455,2021,E02006560,2021 super output areas - middle layer,152,Irish and at least one UK identity,8
21456,2021,E02006560,2021 super output areas - middle layer,152,Other identity only,340
21457,2021,E02006560,2021 super output areas - middle layer,152,Other identity and at least one UK identity,64
21458,2021,E02006560,2021 super output areas - middle layer,152,Non-UK identity only,372
21459,2021,E02006560,2021 super output areas - middle layer,152,UK identity and non-UK identity,72
21460,2021,E02006561,2021 super output areas - middle layer,152,Total: All usual residents,6704
21461,2021,E02006561,2021 super output areas - middle layer,152,British only identity,4137
21462,2021,E02006561,2021 super output areas - middle layer,152,English only identity,1051
21463,2021,E02006561,2021 super output areas - middle layer,152,English and British only identity,970
21464,2021,E02006561,2021 super output areas - middle layer,152,Welsh only identity,21
21465,2021,E02006561,2021 super output areas - middle layer,152,Welsh and British only identity,11
21466,2021,E02006561,2021 super output areas - middle layer,152,Any other combination of only UK identities,95
21467,2021,E02006561,2021 super output areas - middle layer,152,Scottish only identity,29
21468,2021,E02006561,2021 super output areas - middle layer,152,Scottish and British only identity,27
21469,2021,E02006561,2021 super output areas - middle layer,152,Northern Irish only identity,8
21470,2021,E02006561,2021 super output areas - middle layer,152,Northern Irish and British only identity,6
21471,2021,E02006561,2021 super output areas - middle layer,152,Cornish only identity,1
21472,2021,E02006561,2021 super output areas - middle layer,152,Cornish and British only identity,0
21473,2021,E02006561,2021 super output areas - middle layer,152,Any other combination of only UK identities ,24
21474,2021,E02006561,2021 super output areas - middle layer,152,Irish only identity,31
21475,2021,E02006561,2021 super output areas - middle layer,152,Irish and at least one UK identity,3
21476,2021,E02006561,2021 super output areas - middle layer,152,Other identity only,260
21477,2021,E02006561,2021 super output areas - middle layer,152,Other identity and at least one UK identity,125
21478,2021,E02006561,2021 super output areas - middle layer,152,Non-UK identity only,291
21479,2021,E02006561,2021 super output areas - middle layer,152,UK identity and non-UK identity,128
21480,2021,E02006562,2021 super output areas - middle layer,152,Total: All usual residents,6160
21481,2021,E02006562,2021 super output areas - middle layer,152,British only identity,3773
21482,2021,E02006562,2021 super output areas - middle layer,152,English only identity,1088
21483,2021,E02006562,2021 super output areas - middle layer,152,English and British only identity,933
21484,2021,E02006562,2021 super output areas - middle layer,152,Welsh only identity,20
21485,2021,E02006562,2021 super output areas - middle layer,152,Welsh and British only identity,10
21486,2021,E02006562,2021 super output areas - middle layer,152,Any other combination of only UK identities,56
21487,2021,E02006562,2021 super output areas - middle layer,152,Scottish only identity,20
21488,2021,E02006562,2021 super output areas - middle layer,152,Scottish and British only identity,18
21489,2021,E02006562,2021 super output areas - middle layer,152,Northern Irish only identity,4
21490,2021,E02006562,2021 super output areas - middle layer,152,Northern Irish and British only identity,3
21491,2021,E02006562,2021 super output areas - middle layer,152,Cornish only identity,1
21492,2021,E02006562,2021 super output areas - middle layer,152,Cornish and British only identity,0
21493,2021,E02006562,2021 super output areas - middle layer,152,Any other combination of only UK identities ,10
21494,2021,E02006562,2021 super output areas - middle layer,152,Irish only identity,27
21495,2021,E02006562,2021 super output areas - middle layer,152,Irish and at least one UK identity,8
21496,2021,E02006562,2021 super output areas - middle layer,152,Other identity only,162
21497,2021,E02006562,2021 super output areas - middle layer,152,Other identity and at least one UK identity,83
21498,2021,E02006562,2021 super output areas - middle layer,152,Non-UK identity only,189
21499,2021,E02006562,2021 super output areas - middle layer,152,UK identity and non-UK identity,91
21500,2021,E02006563,2021 super output areas - middle layer,152,Total: All usual residents,5752
21501,2021,E02006563,2021 super output areas - middle layer,152,British only identity,3563
21502,2021,E02006563,2021 super output areas - middle layer,152,English only identity,886
21503,2021,E02006563,2021 super output areas - middle layer,152,English and British only identity,874
21504,2021,E02006563,2021 super output areas - middle layer,152,Welsh only identity,17
21505,2021,E02006563,2021 super output areas - middle layer,152,Welsh and British only identity,8
21506,2021,E02006563,2021 super output areas - middle layer,152,Any other combination of only UK identities,87
21507,2021,E02006563,2021 super output areas - middle layer,152,Scottish only identity,31
21508,2021,E02006563,2021 super output areas - middle layer,152,Scottish and British only identity,31
21509,2021,E02006563,2021 super output areas - middle layer,152,Northern Irish only identity,14
21510,2021,E02006563,2021 super output areas - middle layer,152,Northern Irish and British only identity,1
21511,2021,E02006563,2021 super output areas - middle layer,152,Cornish only identity,0
21512,2021,E02006563,2021 super output areas - middle layer,152,Cornish and British only identity,0
21513,2021,E02006563,2021 super output areas - middle layer,152,Any other combination of only UK identities ,10
21514,2021,E02006563,2021 super output areas - middle layer,152,Irish only identity,14
21515,2021,E02006563,2021 super output areas - middle layer,152,Irish and at least one UK identity,9
21516,2021,E02006563,2021 super output areas - middle layer,152,Other identity only,203
21517,2021,E02006563,2021 super output areas - middle layer,152,Other identity and at least one UK identity,91
21518,2021,E02006563,2021 super output areas - middle layer,152,Non-UK identity only,217
21519,2021,E02006563,2021 super output areas - middle layer,152,UK identity and non-UK identity,100
21520,2021,E02006564,2021 super output areas - middle layer,152,Total: All usual residents,7991
21521,2021,E02006564,2021 super output areas - middle layer,152,British only identity,4652
21522,2021,E02006564,2021 super output areas - middle layer,152,English only identity,1400
21523,2021,E02006564,2021 super output areas - middle layer,152,English and British only identity,1296
21524,2021,E02006564,2021 super output areas - middle layer,152,Welsh only identity,34
21525,2021,E02006564,2021 super output areas - middle layer,152,Welsh and British only identity,17
21526,2021,E02006564,2021 super output areas - middle layer,152,Any other combination of only UK identities,110
21527,2021,E02006564,2021 super output areas - middle layer,152,Scottish only identity,42
21528,2021,E02006564,2021 super output areas - middle layer,152,Scottish and British only identity,30
21529,2021,E02006564,2021 super output areas - middle layer,152,Northern Irish only identity,10
21530,2021,E02006564,2021 super output areas - middle layer,152,Northern Irish and British only identity,4
21531,2021,E02006564,2021 super output areas - middle layer,152,Cornish only identity,2
21532,2021,E02006564,2021 super output areas - middle layer,152,Cornish and British only identity,0
21533,2021,E02006564,2021 super output areas - middle layer,152,Any other combination of only UK identities ,22
21534,2021,E02006564,2021 super output areas - middle layer,152,Irish only identity,34
21535,2021,E02006564,2021 super output areas - middle layer,152,Irish and at least one UK identity,2
21536,2021,E02006564,2021 super output areas - middle layer,152,Other identity only,353
21537,2021,E02006564,2021 super output areas - middle layer,152,Other identity and at least one UK identity,93
21538,2021,E02006564,2021 super output areas - middle layer,152,Non-UK identity only,387
21539,2021,E02006564,2021 super output areas - middle layer,152,UK identity and non-UK identity,95
21540,2021,E02006565,2021 super output areas - middle layer,152,Total: All usual residents,8162
21541,2021,E02006565,2021 super output areas - middle layer,152,British only identity,4740
21542,2021,E02006565,2021 super output areas - middle layer,152,English only identity,1581
21543,2021,E02006565,2021 super output areas - middle layer,152,English and British only identity,1271
21544,2021,E02006565,2021 super output areas - middle layer,152,Welsh only identity,22
21545,2021,E02006565,2021 super output areas - middle layer,152,Welsh and British only identity,18
21546,2021,E02006565,2021 super output areas - middle layer,152,Any other combination of only UK identities,97
21547,2021,E02006565,2021 super output areas - middle layer,152,Scottish only identity,37
21548,2021,E02006565,2021 super output areas - middle layer,152,Scottish and British only identity,15
21549,2021,E02006565,2021 super output areas - middle layer,152,Northern Irish only identity,9
21550,2021,E02006565,2021 super output areas - middle layer,152,Northern Irish and British only identity,8
21551,2021,E02006565,2021 super output areas - middle layer,152,Cornish only identity,1
21552,2021,E02006565,2021 super output areas - middle layer,152,Cornish and British only identity,1
21553,2021,E02006565,2021 super output areas - middle layer,152,Any other combination of only UK identities ,26
21554,2021,E02006565,2021 super output areas - middle layer,152,Irish only identity,35
21555,2021,E02006565,2021 super output areas - middle layer,152,Irish and at least one UK identity,5
21556,2021,E02006565,2021 super output areas - middle layer,152,Other identity only,295
21557,2021,E02006565,2021 super output areas - middle layer,152,Other identity and at least one UK identity,98
21558,2021,E02006565,2021 super output areas - middle layer,152,Non-UK identity only,330
21559,2021,E02006565,2021 super output areas - middle layer,152,UK identity and non-UK identity,103
21560,2021,E02006566,2021 super output areas - middle layer,152,Total: All usual residents,8232
21561,2021,E02006566,2021 super output areas - middle layer,152,British only identity,4860
21562,2021,E02006566,2021 super output areas - middle layer,152,English only identity,1404
21563,2021,E02006566,2021 super output areas - middle layer,152,English and British only identity,1379
21564,2021,E02006566,2021 super output areas - middle layer,152,Welsh only identity,33
21565,2021,E02006566,2021 super output areas - middle layer,152,Welsh and British only identity,17
21566,2021,E02006566,2021 super output areas - middle layer,152,Any other combination of only UK identities,118
21567,2021,E02006566,2021 super output areas - middle layer,152,Scottish only identity,50
21568,2021,E02006566,2021 super output areas - middle layer,152,Scottish and British only identity,29
21569,2021,E02006566,2021 super output areas - middle layer,152,Northern Irish only identity,5
21570,2021,E02006566,2021 super output areas - middle layer,152,Northern Irish and British only identity,4
21571,2021,E02006566,2021 super output areas - middle layer,152,Cornish only identity,0
21572,2021,E02006566,2021 super output areas - middle layer,152,Cornish and British only identity,0
21573,2021,E02006566,2021 super output areas - middle layer,152,Any other combination of only UK identities ,30
21574,2021,E02006566,2021 super output areas - middle layer,152,Irish only identity,31
21575,2021,E02006566,2021 super output areas - middle layer,152,Irish and at least one UK identity,8
21576,2021,E02006566,2021 super output areas - middle layer,152,Other identity only,278
21577,2021,E02006566,2021 super output areas - middle layer,152,Other identity and at least one UK identity,104
21578,2021,E02006566,2021 super output areas - middle layer,152,Non-UK identity only,309
21579,2021,E02006566,2021 super output areas - middle layer,152,UK identity and non-UK identity,112
21580,2021,E02006567,2021 super output areas - middle layer,152,Total: All usual residents,7681
21581,2021,E02006567,2021 super output areas - middle layer,152,British only identity,4612
21582,2021,E02006567,2021 super output areas - middle layer,152,English only identity,1391
21583,2021,E02006567,2021 super output areas - middle layer,152,English and British only identity,1267
21584,2021,E02006567,2021 super output areas - middle layer,152,Welsh only identity,25
21585,2021,E02006567,2021 super output areas - middle layer,152,Welsh and British only identity,10
21586,2021,E02006567,2021 super output areas - middle layer,152,Any other combination of only UK identities,85
21587,2021,E02006567,2021 super output areas - middle layer,152,Scottish only identity,43
21588,2021,E02006567,2021 super output areas - middle layer,152,Scottish and British only identity,21
21589,2021,E02006567,2021 super output areas - middle layer,152,Northern Irish only identity,4
21590,2021,E02006567,2021 super output areas - middle layer,152,Northern Irish and British only identity,2
21591,2021,E02006567,2021 super output areas - middle layer,152,Cornish only identity,0
21592,2021,E02006567,2021 super output areas - middle layer,152,Cornish and British only identity,0
21593,2021,E02006567,2021 super output areas - middle layer,152,Any other combination of only UK identities ,15
21594,2021,E02006567,2021 super output areas - middle layer,152,Irish only identity,20
21595,2021,E02006567,2021 super output areas - middle layer,152,Irish and at least one UK identity,6
21596,2021,E02006567,2021 super output areas - middle layer,152,Other identity only,177
21597,2021,E02006567,2021 super output areas - middle layer,152,Other identity and at least one UK identity,88
21598,2021,E02006567,2021 super output areas - middle layer,152,Non-UK identity only,197
21599,2021,E02006567,2021 super output areas - middle layer,152,UK identity and non-UK identity,94
21600,2021,E02006568,2021 super output areas - middle layer,152,Total: All usual residents,12298
21601,2021,E02006568,2021 super output areas - middle layer,152,British only identity,6860
21602,2021,E02006568,2021 super output areas - middle layer,152,English only identity,1860
21603,2021,E02006568,2021 super output areas - middle layer,152,English and British only identity,2160
21604,2021,E02006568,2021 super output areas - middle layer,152,Welsh only identity,52
21605,2021,E02006568,2021 super output areas - middle layer,152,Welsh and British only identity,25
21606,2021,E02006568,2021 super output areas - middle layer,152,Any other combination of only UK identities,115
21607,2021,E02006568,2021 super output areas - middle layer,152,Scottish only identity,42
21608,2021,E02006568,2021 super output areas - middle layer,152,Scottish and British only identity,31
21609,2021,E02006568,2021 super output areas - middle layer,152,Northern Irish only identity,8
21610,2021,E02006568,2021 super output areas - middle layer,152,Northern Irish and British only identity,4
21611,2021,E02006568,2021 super output areas - middle layer,152,Cornish only identity,3
21612,2021,E02006568,2021 super output areas - middle layer,152,Cornish and British only identity,0
21613,2021,E02006568,2021 super output areas - middle layer,152,Any other combination of only UK identities ,27
21614,2021,E02006568,2021 super output areas - middle layer,152,Irish only identity,37
21615,2021,E02006568,2021 super output areas - middle layer,152,Irish and at least one UK identity,16
21616,2021,E02006568,2021 super output areas - middle layer,152,Other identity only,913
21617,2021,E02006568,2021 super output areas - middle layer,152,Other identity and at least one UK identity,260
21618,2021,E02006568,2021 super output areas - middle layer,152,Non-UK identity only,950
21619,2021,E02006568,2021 super output areas - middle layer,152,UK identity and non-UK identity,276
21620,2021,E02006569,2021 super output areas - middle layer,152,Total: All usual residents,9626
21621,2021,E02006569,2021 super output areas - middle layer,152,British only identity,5710
21622,2021,E02006569,2021 super output areas - middle layer,152,English only identity,1566
21623,2021,E02006569,2021 super output areas - middle layer,152,English and British only identity,1571
21624,2021,E02006569,2021 super output areas - middle layer,152,Welsh only identity,27
21625,2021,E02006569,2021 super output areas - middle layer,152,Welsh and British only identity,25
21626,2021,E02006569,2021 super output areas - middle layer,152,Any other combination of only UK identities,133
21627,2021,E02006569,2021 super output areas - middle layer,152,Scottish only identity,55
21628,2021,E02006569,2021 super output areas - middle layer,152,Scottish and British only identity,32
21629,2021,E02006569,2021 super output areas - middle layer,152,Northern Irish only identity,11
21630,2021,E02006569,2021 super output areas - middle layer,152,Northern Irish and British only identity,4
21631,2021,E02006569,2021 super output areas - middle layer,152,Cornish only identity,2
21632,2021,E02006569,2021 super output areas - middle layer,152,Cornish and British only identity,0
21633,2021,E02006569,2021 super output areas - middle layer,152,Any other combination of only UK identities ,29
21634,2021,E02006569,2021 super output areas - middle layer,152,Irish only identity,35
21635,2021,E02006569,2021 super output areas - middle layer,152,Irish and at least one UK identity,13
21636,2021,E02006569,2021 super output areas - middle layer,152,Other identity only,409
21637,2021,E02006569,2021 super output areas - middle layer,152,Other identity and at least one UK identity,137
21638,2021,E02006569,2021 super output areas - middle layer,152,Non-UK identity only,444
21639,2021,E02006569,2021 super output areas - middle layer,152,UK identity and non-UK identity,150
21640,2021,E02006570,2021 super output areas - middle layer,152,Total: All usual residents,8905
21641,2021,E02006570,2021 super output areas - middle layer,152,British only identity,4864
21642,2021,E02006570,2021 super output areas - middle layer,152,English only identity,1448
21643,2021,E02006570,2021 super output areas - middle layer,152,English and British only identity,1320
21644,2021,E02006570,2021 super output areas - middle layer,152,Welsh only identity,34
21645,2021,E02006570,2021 super output areas - middle layer,152,Welsh and British only identity,26
21646,2021,E02006570,2021 super output areas - middle layer,152,Any other combination of only UK identities,110
21647,2021,E02006570,2021 super output areas - middle layer,152,Scottish only identity,46
21648,2021,E02006570,2021 super output areas - middle layer,152,Scottish and British only identity,16
21649,2021,E02006570,2021 super output areas - middle layer,152,Northern Irish only identity,9
21650,2021,E02006570,2021 super output areas - middle layer,152,Northern Irish and British only identity,9
21651,2021,E02006570,2021 super output areas - middle layer,152,Cornish only identity,3
21652,2021,E02006570,2021 super output areas - middle layer,152,Cornish and British only identity,0
21653,2021,E02006570,2021 super output areas - middle layer,152,Any other combination of only UK identities ,27
21654,2021,E02006570,2021 super output areas - middle layer,152,Irish only identity,39
21655,2021,E02006570,2021 super output areas - middle layer,152,Irish and at least one UK identity,11
21656,2021,E02006570,2021 super output areas - middle layer,152,Other identity only,845
21657,2021,E02006570,2021 super output areas - middle layer,152,Other identity and at least one UK identity,208
21658,2021,E02006570,2021 super output areas - middle layer,152,Non-UK identity only,884
21659,2021,E02006570,2021 super output areas - middle layer,152,UK identity and non-UK identity,219
21660,2021,E02006571,2021 super output areas - middle layer,152,Total: All usual residents,8515
21661,2021,E02006571,2021 super output areas - middle layer,152,British only identity,5154
21662,2021,E02006571,2021 super output areas - middle layer,152,English only identity,1393
21663,2021,E02006571,2021 super output areas - middle layer,152,English and British only identity,1290
21664,2021,E02006571,2021 super output areas - middle layer,152,Welsh only identity,30
21665,2021,E02006571,2021 super output areas - middle layer,152,Welsh and British only identity,11
21666,2021,E02006571,2021 super output areas - middle layer,152,Any other combination of only UK identities,88
21667,2021,E02006571,2021 super output areas - middle layer,152,Scottish only identity,32
21668,2021,E02006571,2021 super output areas - middle layer,152,Scottish and British only identity,23
21669,2021,E02006571,2021 super output areas - middle layer,152,Northern Irish only identity,13
21670,2021,E02006571,2021 super output areas - middle layer,152,Northern Irish and British only identity,4
21671,2021,E02006571,2021 super output areas - middle layer,152,Cornish only identity,3
21672,2021,E02006571,2021 super output areas - middle layer,152,Cornish and British only identity,0
21673,2021,E02006571,2021 super output areas - middle layer,152,Any other combination of only UK identities ,13
21674,2021,E02006571,2021 super output areas - middle layer,152,Irish only identity,32
21675,2021,E02006571,2021 super output areas - middle layer,152,Irish and at least one UK identity,6
21676,2021,E02006571,2021 super output areas - middle layer,152,Other identity only,375
21677,2021,E02006571,2021 super output areas - middle layer,152,Other identity and at least one UK identity,136
21678,2021,E02006571,2021 super output areas - middle layer,152,Non-UK identity only,407
21679,2021,E02006571,2021 super output areas - middle layer,152,UK identity and non-UK identity,142
21680,2021,E02006572,2021 super output areas - middle layer,152,Total: All usual residents,11483
21681,2021,E02006572,2021 super output areas - middle layer,152,British only identity,6459
21682,2021,E02006572,2021 super output areas - middle layer,152,English only identity,1880
21683,2021,E02006572,2021 super output areas - middle layer,152,English and British only identity,1928
21684,2021,E02006572,2021 super output areas - middle layer,152,Welsh only identity,39
21685,2021,E02006572,2021 super output areas - middle layer,152,Welsh and British only identity,15
21686,2021,E02006572,2021 super output areas - middle layer,152,Any other combination of only UK identities,89
21687,2021,E02006572,2021 super output areas - middle layer,152,Scottish only identity,28
21688,2021,E02006572,2021 super output areas - middle layer,152,Scottish and British only identity,21
21689,2021,E02006572,2021 super output areas - middle layer,152,Northern Irish only identity,13
21690,2021,E02006572,2021 super output areas - middle layer,152,Northern Irish and British only identity,5
21691,2021,E02006572,2021 super output areas - middle layer,152,Cornish only identity,2
21692,2021,E02006572,2021 super output areas - middle layer,152,Cornish and British only identity,0
21693,2021,E02006572,2021 super output areas - middle layer,152,Any other combination of only UK identities ,20
21694,2021,E02006572,2021 super output areas - middle layer,152,Irish only identity,37
21695,2021,E02006572,2021 super output areas - middle layer,152,Irish and at least one UK identity,12
21696,2021,E02006572,2021 super output areas - middle layer,152,Other identity only,849
21697,2021,E02006572,2021 super output areas - middle layer,152,Other identity and at least one UK identity,175
21698,2021,E02006572,2021 super output areas - middle layer,152,Non-UK identity only,886
21699,2021,E02006572,2021 super output areas - middle layer,152,UK identity and non-UK identity,187
21700,2021,E02006573,2021 super output areas - middle layer,152,Total: All usual residents,11627
21701,2021,E02006573,2021 super output areas - middle layer,152,British only identity,6870
21702,2021,E02006573,2021 super output areas - middle layer,152,English only identity,2424
21703,2021,E02006573,2021 super output areas - middle layer,152,English and British only identity,1719
21704,2021,E02006573,2021 super output areas - middle layer,152,Welsh only identity,45
21705,2021,E02006573,2021 super output areas - middle layer,152,Welsh and British only identity,14
21706,2021,E02006573,2021 super output areas - middle layer,152,Any other combination of only UK identities,107
21707,2021,E02006573,2021 super output areas - middle layer,152,Scottish only identity,42
21708,2021,E02006573,2021 super output areas - middle layer,152,Scottish and British only identity,20
21709,2021,E02006573,2021 super output areas - middle layer,152,Northern Irish only identity,18
21710,2021,E02006573,2021 super output areas - middle layer,152,Northern Irish and British only identity,5
21711,2021,E02006573,2021 super output areas - middle layer,152,Cornish only identity,3
21712,2021,E02006573,2021 super output areas - middle layer,152,Cornish and British only identity,0
21713,2021,E02006573,2021 super output areas - middle layer,152,Any other combination of only UK identities ,19
21714,2021,E02006573,2021 super output areas - middle layer,152,Irish only identity,50
21715,2021,E02006573,2021 super output areas - middle layer,152,Irish and at least one UK identity,9
21716,2021,E02006573,2021 super output areas - middle layer,152,Other identity only,276
21717,2021,E02006573,2021 super output areas - middle layer,152,Other identity and at least one UK identity,113
21718,2021,E02006573,2021 super output areas - middle layer,152,Non-UK identity only,326
21719,2021,E02006573,2021 super output areas - middle layer,152,UK identity and non-UK identity,122
21720,2021,E02006574,2021 super output areas - middle layer,152,Total: All usual residents,10922
21721,2021,E02006574,2021 super output areas - middle layer,152,British only identity,5636
21722,2021,E02006574,2021 super output areas - middle layer,152,English only identity,2913
21723,2021,E02006574,2021 super output areas - middle layer,152,English and British only identity,1679
21724,2021,E02006574,2021 super output areas - middle layer,152,Welsh only identity,32
21725,2021,E02006574,2021 super output areas - middle layer,152,Welsh and British only identity,9
21726,2021,E02006574,2021 super output areas - middle layer,152,Any other combination of only UK identities,73
21727,2021,E02006574,2021 super output areas - middle layer,152,Scottish only identity,29
21728,2021,E02006574,2021 super output areas - middle layer,152,Scottish and British only identity,23
21729,2021,E02006574,2021 super output areas - middle layer,152,Northern Irish only identity,6
21730,2021,E02006574,2021 super output areas - middle layer,152,Northern Irish and British only identity,4
21731,2021,E02006574,2021 super output areas - middle layer,152,Cornish only identity,1
21732,2021,E02006574,2021 super output areas - middle layer,152,Cornish and British only identity,0
21733,2021,E02006574,2021 super output areas - middle layer,152,Any other combination of only UK identities ,10
21734,2021,E02006574,2021 super output areas - middle layer,152,Irish only identity,44
21735,2021,E02006574,2021 super output areas - middle layer,152,Irish and at least one UK identity,2
21736,2021,E02006574,2021 super output areas - middle layer,152,Other identity only,445
21737,2021,E02006574,2021 super output areas - middle layer,152,Other identity and at least one UK identity,89
21738,2021,E02006574,2021 super output areas - middle layer,152,Non-UK identity only,489
21739,2021,E02006574,2021 super output areas - middle layer,152,UK identity and non-UK identity,91
21740,2021,E02006575,2021 super output areas - middle layer,152,Total: All usual residents,8943
21741,2021,E02006575,2021 super output areas - middle layer,152,British only identity,5177
21742,2021,E02006575,2021 super output areas - middle layer,152,English only identity,928
21743,2021,E02006575,2021 super output areas - middle layer,152,English and British only identity,753
21744,2021,E02006575,2021 super output areas - middle layer,152,Welsh only identity,6
21745,2021,E02006575,2021 super output areas - middle layer,152,Welsh and British only identity,4
21746,2021,E02006575,2021 super output areas - middle layer,152,Any other combination of only UK identities,50
21747,2021,E02006575,2021 super output areas - middle layer,152,Scottish only identity,22
21748,2021,E02006575,2021 super output areas - middle layer,152,Scottish and British only identity,11
21749,2021,E02006575,2021 super output areas - middle layer,152,Northern Irish only identity,7
21750,2021,E02006575,2021 super output areas - middle layer,152,Northern Irish and British only identity,0
21751,2021,E02006575,2021 super output areas - middle layer,152,Cornish only identity,0
21752,2021,E02006575,2021 super output areas - middle layer,152,Cornish and British only identity,0
21753,2021,E02006575,2021 super output areas - middle layer,152,Any other combination of only UK identities ,10
21754,2021,E02006575,2021 super output areas - middle layer,152,Irish only identity,33
21755,2021,E02006575,2021 super output areas - middle layer,152,Irish and at least one UK identity,10
21756,2021,E02006575,2021 super output areas - middle layer,152,Other identity only,1726
21757,2021,E02006575,2021 super output areas - middle layer,152,Other identity and at least one UK identity,256
21758,2021,E02006575,2021 super output areas - middle layer,152,Non-UK identity only,1759
21759,2021,E02006575,2021 super output areas - middle layer,152,UK identity and non-UK identity,266
21760,2021,E02006576,2021 super output areas - middle layer,152,Total: All usual residents,10714
21761,2021,E02006576,2021 super output areas - middle layer,152,British only identity,6227
21762,2021,E02006576,2021 super output areas - middle layer,152,English only identity,1470
21763,2021,E02006576,2021 super output areas - middle layer,152,English and British only identity,1563
21764,2021,E02006576,2021 super output areas - middle layer,152,Welsh only identity,27
21765,2021,E02006576,2021 super output areas - middle layer,152,Welsh and British only identity,14
21766,2021,E02006576,2021 super output areas - middle layer,152,Any other combination of only UK identities,92
21767,2021,E02006576,2021 super output areas - middle layer,152,Scottish only identity,27
21768,2021,E02006576,2021 super output areas - middle layer,152,Scottish and British only identity,34
21769,2021,E02006576,2021 super output areas - middle layer,152,Northern Irish only identity,9
21770,2021,E02006576,2021 super output areas - middle layer,152,Northern Irish and British only identity,6
21771,2021,E02006576,2021 super output areas - middle layer,152,Cornish only identity,0
21772,2021,E02006576,2021 super output areas - middle layer,152,Cornish and British only identity,0
21773,2021,E02006576,2021 super output areas - middle layer,152,Any other combination of only UK identities ,16
21774,2021,E02006576,2021 super output areas - middle layer,152,Irish only identity,43
21775,2021,E02006576,2021 super output areas - middle layer,152,Irish and at least one UK identity,10
21776,2021,E02006576,2021 super output areas - middle layer,152,Other identity only,1017
21777,2021,E02006576,2021 super output areas - middle layer,152,Other identity and at least one UK identity,251
21778,2021,E02006576,2021 super output areas - middle layer,152,Non-UK identity only,1060
21779,2021,E02006576,2021 super output areas - middle layer,152,UK identity and non-UK identity,261
21780,2021,E02006577,2021 super output areas - middle layer,152,Total: All usual residents,9089
21781,2021,E02006577,2021 super output areas - middle layer,152,British only identity,4921
21782,2021,E02006577,2021 super output areas - middle layer,152,English only identity,1459
21783,2021,E02006577,2021 super output areas - middle layer,152,English and British only identity,1141
21784,2021,E02006577,2021 super output areas - middle layer,152,Welsh only identity,22
21785,2021,E02006577,2021 super output areas - middle layer,152,Welsh and British only identity,6
21786,2021,E02006577,2021 super output areas - middle layer,152,Any other combination of only UK identities,60
21787,2021,E02006577,2021 super output areas - middle layer,152,Scottish only identity,29
21788,2021,E02006577,2021 super output areas - middle layer,152,Scottish and British only identity,11
21789,2021,E02006577,2021 super output areas - middle layer,152,Northern Irish only identity,7
21790,2021,E02006577,2021 super output areas - middle layer,152,Northern Irish and British only identity,2
21791,2021,E02006577,2021 super output areas - middle layer,152,Cornish only identity,0
21792,2021,E02006577,2021 super output areas - middle layer,152,Cornish and British only identity,0
21793,2021,E02006577,2021 super output areas - middle layer,152,Any other combination of only UK identities ,11
21794,2021,E02006577,2021 super output areas - middle layer,152,Irish only identity,42
21795,2021,E02006577,2021 super output areas - middle layer,152,Irish and at least one UK identity,10
21796,2021,E02006577,2021 super output areas - middle layer,152,Other identity only,1227
21797,2021,E02006577,2021 super output areas - middle layer,152,Other identity and at least one UK identity,201
21798,2021,E02006577,2021 super output areas - middle layer,152,Non-UK identity only,1269
21799,2021,E02006577,2021 super output areas - middle layer,152,UK identity and non-UK identity,211
21800,2021,E02006578,2021 super output areas - middle layer,152,Total: All usual residents,12584
21801,2021,E02006578,2021 super output areas - middle layer,152,British only identity,6229
21802,2021,E02006578,2021 super output areas - middle layer,152,English only identity,1325
21803,2021,E02006578,2021 super output areas - middle layer,152,English and British only identity,1118
21804,2021,E02006578,2021 super output areas - middle layer,152,Welsh only identity,21
21805,2021,E02006578,2021 super output areas - middle layer,152,Welsh and British only identity,10
21806,2021,E02006578,2021 super output areas - middle layer,152,Any other combination of only UK identities,64
21807,2021,E02006578,2021 super output areas - middle layer,152,Scottish only identity,26
21808,2021,E02006578,2021 super output areas - middle layer,152,Scottish and British only identity,15
21809,2021,E02006578,2021 super output areas - middle layer,152,Northern Irish only identity,4
21810,2021,E02006578,2021 super output areas - middle layer,152,Northern Irish and British only identity,0
21811,2021,E02006578,2021 super output areas - middle layer,152,Cornish only identity,2
21812,2021,E02006578,2021 super output areas - middle layer,152,Cornish and British only identity,1
21813,2021,E02006578,2021 super output areas - middle layer,152,Any other combination of only UK identities ,16
21814,2021,E02006578,2021 super output areas - middle layer,152,Irish only identity,45
21815,2021,E02006578,2021 super output areas - middle layer,152,Irish and at least one UK identity,18
21816,2021,E02006578,2021 super output areas - middle layer,152,Other identity only,3325
21817,2021,E02006578,2021 super output areas - middle layer,152,Other identity and at least one UK identity,429
21818,2021,E02006578,2021 super output areas - middle layer,152,Non-UK identity only,3370
21819,2021,E02006578,2021 super output areas - middle layer,152,UK identity and non-UK identity,447
21820,2021,E02006579,2021 super output areas - middle layer,152,Total: All usual residents,8354
21821,2021,E02006579,2021 super output areas - middle layer,152,British only identity,4636
21822,2021,E02006579,2021 super output areas - middle layer,152,English only identity,1176
21823,2021,E02006579,2021 super output areas - middle layer,152,English and British only identity,999
21824,2021,E02006579,2021 super output areas - middle layer,152,Welsh only identity,17
21825,2021,E02006579,2021 super output areas - middle layer,152,Welsh and British only identity,6
21826,2021,E02006579,2021 super output areas - middle layer,152,Any other combination of only UK identities,59
21827,2021,E02006579,2021 super output areas - middle layer,152,Scottish only identity,25
21828,2021,E02006579,2021 super output areas - middle layer,152,Scottish and British only identity,16
21829,2021,E02006579,2021 super output areas - middle layer,152,Northern Irish only identity,5
21830,2021,E02006579,2021 super output areas - middle layer,152,Northern Irish and British only identity,4
21831,2021,E02006579,2021 super output areas - middle layer,152,Cornish only identity,0
21832,2021,E02006579,2021 super output areas - middle layer,152,Cornish and British only identity,0
21833,2021,E02006579,2021 super output areas - middle layer,152,Any other combination of only UK identities ,9
21834,2021,E02006579,2021 super output areas - middle layer,152,Irish only identity,39
21835,2021,E02006579,2021 super output areas - middle layer,152,Irish and at least one UK identity,4
21836,2021,E02006579,2021 super output areas - middle layer,152,Other identity only,1205
21837,2021,E02006579,2021 super output areas - middle layer,152,Other identity and at least one UK identity,213
21838,2021,E02006579,2021 super output areas - middle layer,152,Non-UK identity only,1244
21839,2021,E02006579,2021 super output areas - middle layer,152,UK identity and non-UK identity,217
21840,2021,E02006580,2021 super output areas - middle layer,152,Total: All usual residents,8395
21841,2021,E02006580,2021 super output areas - middle layer,152,British only identity,4646
21842,2021,E02006580,2021 super output areas - middle layer,152,English only identity,1524
21843,2021,E02006580,2021 super output areas - middle layer,152,English and British only identity,1145
21844,2021,E02006580,2021 super output areas - middle layer,152,Welsh only identity,11
21845,2021,E02006580,2021 super output areas - middle layer,152,Welsh and British only identity,10
21846,2021,E02006580,2021 super output areas - middle layer,152,Any other combination of only UK identities,70
21847,2021,E02006580,2021 super output areas - middle layer,152,Scottish only identity,29
21848,2021,E02006580,2021 super output areas - middle layer,152,Scottish and British only identity,16
21849,2021,E02006580,2021 super output areas - middle layer,152,Northern Irish only identity,8
21850,2021,E02006580,2021 super output areas - middle layer,152,Northern Irish and British only identity,2
21851,2021,E02006580,2021 super output areas - middle layer,152,Cornish only identity,1
21852,2021,E02006580,2021 super output areas - middle layer,152,Cornish and British only identity,0
21853,2021,E02006580,2021 super output areas - middle layer,152,Any other combination of only UK identities ,14
21854,2021,E02006580,2021 super output areas - middle layer,152,Irish only identity,35
21855,2021,E02006580,2021 super output areas - middle layer,152,Irish and at least one UK identity,5
21856,2021,E02006580,2021 super output areas - middle layer,152,Other identity only,792
21857,2021,E02006580,2021 super output areas - middle layer,152,Other identity and at least one UK identity,157
21858,2021,E02006580,2021 super output areas - middle layer,152,Non-UK identity only,827
21859,2021,E02006580,2021 super output areas - middle layer,152,UK identity and non-UK identity,162
21860,2021,E02006581,2021 super output areas - middle layer,152,Total: All usual residents,10354
21861,2021,E02006581,2021 super output areas - middle layer,152,British only identity,5573
21862,2021,E02006581,2021 super output areas - middle layer,152,English only identity,1333
21863,2021,E02006581,2021 super output areas - middle layer,152,English and British only identity,1064
21864,2021,E02006581,2021 super output areas - middle layer,152,Welsh only identity,13
21865,2021,E02006581,2021 super output areas - middle layer,152,Welsh and British only identity,11
21866,2021,E02006581,2021 super output areas - middle layer,152,Any other combination of only UK identities,81
21867,2021,E02006581,2021 super output areas - middle layer,152,Scottish only identity,38
21868,2021,E02006581,2021 super output areas - middle layer,152,Scottish and British only identity,19
21869,2021,E02006581,2021 super output areas - middle layer,152,Northern Irish only identity,11
21870,2021,E02006581,2021 super output areas - middle layer,152,Northern Irish and British only identity,1
21871,2021,E02006581,2021 super output areas - middle layer,152,Cornish only identity,3
21872,2021,E02006581,2021 super output areas - middle layer,152,Cornish and British only identity,0
21873,2021,E02006581,2021 super output areas - middle layer,152,Any other combination of only UK identities ,9
21874,2021,E02006581,2021 super output areas - middle layer,152,Irish only identity,71
21875,2021,E02006581,2021 super output areas - middle layer,152,Irish and at least one UK identity,13
21876,2021,E02006581,2021 super output areas - middle layer,152,Other identity only,1901
21877,2021,E02006581,2021 super output areas - middle layer,152,Other identity and at least one UK identity,294
21878,2021,E02006581,2021 super output areas - middle layer,152,Non-UK identity only,1972
21879,2021,E02006581,2021 super output areas - middle layer,152,UK identity and non-UK identity,307
21880,2021,E02006582,2021 super output areas - middle layer,152,Total: All usual residents,7850
21881,2021,E02006582,2021 super output areas - middle layer,152,British only identity,4517
21882,2021,E02006582,2021 super output areas - middle layer,152,English only identity,1239
21883,2021,E02006582,2021 super output areas - middle layer,152,English and British only identity,1229
21884,2021,E02006582,2021 super output areas - middle layer,152,Welsh only identity,28
21885,2021,E02006582,2021 super output areas - middle layer,152,Welsh and British only identity,16
21886,2021,E02006582,2021 super output areas - middle layer,152,Any other combination of only UK identities,75
21887,2021,E02006582,2021 super output areas - middle layer,152,Scottish only identity,28
21888,2021,E02006582,2021 super output areas - middle layer,152,Scottish and British only identity,16
21889,2021,E02006582,2021 super output areas - middle layer,152,Northern Irish only identity,12
21890,2021,E02006582,2021 super output areas - middle layer,152,Northern Irish and British only identity,5
21891,2021,E02006582,2021 super output areas - middle layer,152,Cornish only identity,0
21892,2021,E02006582,2021 super output areas - middle layer,152,Cornish and British only identity,0
21893,2021,E02006582,2021 super output areas - middle layer,152,Any other combination of only UK identities ,14
21894,2021,E02006582,2021 super output areas - middle layer,152,Irish only identity,47
21895,2021,E02006582,2021 super output areas - middle layer,152,Irish and at least one UK identity,12
21896,2021,E02006582,2021 super output areas - middle layer,152,Other identity only,515
21897,2021,E02006582,2021 super output areas - middle layer,152,Other identity and at least one UK identity,172
21898,2021,E02006582,2021 super output areas - middle layer,152,Non-UK identity only,562
21899,2021,E02006582,2021 super output areas - middle layer,152,UK identity and non-UK identity,184
21900,2021,E02006583,2021 super output areas - middle layer,152,Total: All usual residents,9482
21901,2021,E02006583,2021 super output areas - middle layer,152,British only identity,5141
21902,2021,E02006583,2021 super output areas - middle layer,152,English only identity,1632
21903,2021,E02006583,2021 super output areas - middle layer,152,English and British only identity,1296
21904,2021,E02006583,2021 super output areas - middle layer,152,Welsh only identity,21
21905,2021,E02006583,2021 super output areas - middle layer,152,Welsh and British only identity,11
21906,2021,E02006583,2021 super output areas - middle layer,152,Any other combination of only UK identities,89
21907,2021,E02006583,2021 super output areas - middle layer,152,Scottish only identity,40
21908,2021,E02006583,2021 super output areas - middle layer,152,Scottish and British only identity,19
21909,2021,E02006583,2021 super output areas - middle layer,152,Northern Irish only identity,7
21910,2021,E02006583,2021 super output areas - middle layer,152,Northern Irish and British only identity,5
21911,2021,E02006583,2021 super output areas - middle layer,152,Cornish only identity,1
21912,2021,E02006583,2021 super output areas - middle layer,152,Cornish and British only identity,0
21913,2021,E02006583,2021 super output areas - middle layer,152,Any other combination of only UK identities ,17
21914,2021,E02006583,2021 super output areas - middle layer,152,Irish only identity,49
21915,2021,E02006583,2021 super output areas - middle layer,152,Irish and at least one UK identity,11
21916,2021,E02006583,2021 super output areas - middle layer,152,Other identity only,970
21917,2021,E02006583,2021 super output areas - middle layer,152,Other identity and at least one UK identity,262
21918,2021,E02006583,2021 super output areas - middle layer,152,Non-UK identity only,1019
21919,2021,E02006583,2021 super output areas - middle layer,152,UK identity and non-UK identity,273
21920,2021,E02006584,2021 super output areas - middle layer,152,Total: All usual residents,7840
21921,2021,E02006584,2021 super output areas - middle layer,152,British only identity,4462
21922,2021,E02006584,2021 super output areas - middle layer,152,English only identity,1182
21923,2021,E02006584,2021 super output areas - middle layer,152,English and British only identity,921
21924,2021,E02006584,2021 super output areas - middle layer,152,Welsh only identity,6
21925,2021,E02006584,2021 super output areas - middle layer,152,Welsh and British only identity,4
21926,2021,E02006584,2021 super output areas - middle layer,152,Any other combination of only UK identities,57
21927,2021,E02006584,2021 super output areas - middle layer,152,Scottish only identity,31
21928,2021,E02006584,2021 super output areas - middle layer,152,Scottish and British only identity,6
21929,2021,E02006584,2021 super output areas - middle layer,152,Northern Irish only identity,11
21930,2021,E02006584,2021 super output areas - middle layer,152,Northern Irish and British only identity,0
21931,2021,E02006584,2021 super output areas - middle layer,152,Cornish only identity,1
21932,2021,E02006584,2021 super output areas - middle layer,152,Cornish and British only identity,0
21933,2021,E02006584,2021 super output areas - middle layer,152,Any other combination of only UK identities ,8
21934,2021,E02006584,2021 super output areas - middle layer,152,Irish only identity,32
21935,2021,E02006584,2021 super output areas - middle layer,152,Irish and at least one UK identity,4
21936,2021,E02006584,2021 super output areas - middle layer,152,Other identity only,1004
21937,2021,E02006584,2021 super output areas - middle layer,152,Other identity and at least one UK identity,168
21938,2021,E02006584,2021 super output areas - middle layer,152,Non-UK identity only,1036
21939,2021,E02006584,2021 super output areas - middle layer,152,UK identity and non-UK identity,172
21940,2021,E02006585,2021 super output areas - middle layer,152,Total: All usual residents,8311
21941,2021,E02006585,2021 super output areas - middle layer,152,British only identity,4547
21942,2021,E02006585,2021 super output areas - middle layer,152,English only identity,1361
21943,2021,E02006585,2021 super output areas - middle layer,152,English and British only identity,1135
21944,2021,E02006585,2021 super output areas - middle layer,152,Welsh only identity,17
21945,2021,E02006585,2021 super output areas - middle layer,152,Welsh and British only identity,8
21946,2021,E02006585,2021 super output areas - middle layer,152,Any other combination of only UK identities,54
21947,2021,E02006585,2021 super output areas - middle layer,152,Scottish only identity,24
21948,2021,E02006585,2021 super output areas - middle layer,152,Scottish and British only identity,9
21949,2021,E02006585,2021 super output areas - middle layer,152,Northern Irish only identity,9
21950,2021,E02006585,2021 super output areas - middle layer,152,Northern Irish and British only identity,1
21951,2021,E02006585,2021 super output areas - middle layer,152,Cornish only identity,0
21952,2021,E02006585,2021 super output areas - middle layer,152,Cornish and British only identity,0
21953,2021,E02006585,2021 super output areas - middle layer,152,Any other combination of only UK identities ,11
21954,2021,E02006585,2021 super output areas - middle layer,152,Irish only identity,27
21955,2021,E02006585,2021 super output areas - middle layer,152,Irish and at least one UK identity,2
21956,2021,E02006585,2021 super output areas - middle layer,152,Other identity only,1000
21957,2021,E02006585,2021 super output areas - middle layer,152,Other identity and at least one UK identity,160
21958,2021,E02006585,2021 super output areas - middle layer,152,Non-UK identity only,1027
21959,2021,E02006585,2021 super output areas - middle layer,152,UK identity and non-UK identity,162
21960,2021,E02006586,2021 super output areas - middle layer,152,Total: All usual residents,8037
21961,2021,E02006586,2021 super output areas - middle layer,152,British only identity,4475
21962,2021,E02006586,2021 super output areas - middle layer,152,English only identity,877
21963,2021,E02006586,2021 super output areas - middle layer,152,English and British only identity,898
21964,2021,E02006586,2021 super output areas - middle layer,152,Welsh only identity,8
21965,2021,E02006586,2021 super output areas - middle layer,152,Welsh and British only identity,3
21966,2021,E02006586,2021 super output areas - middle layer,152,Any other combination of only UK identities,48
21967,2021,E02006586,2021 super output areas - middle layer,152,Scottish only identity,23
21968,2021,E02006586,2021 super output areas - middle layer,152,Scottish and British only identity,9
21969,2021,E02006586,2021 super output areas - middle layer,152,Northern Irish only identity,6
21970,2021,E02006586,2021 super output areas - middle layer,152,Northern Irish and British only identity,2
21971,2021,E02006586,2021 super output areas - middle layer,152,Cornish only identity,1
21972,2021,E02006586,2021 super output areas - middle layer,152,Cornish and British only identity,0
21973,2021,E02006586,2021 super output areas - middle layer,152,Any other combination of only UK identities ,7
21974,2021,E02006586,2021 super output areas - middle layer,152,Irish only identity,24
21975,2021,E02006586,2021 super output areas - middle layer,152,Irish and at least one UK identity,0
21976,2021,E02006586,2021 super output areas - middle layer,152,Other identity only,1499
21977,2021,E02006586,2021 super output areas - middle layer,152,Other identity and at least one UK identity,205
21978,2021,E02006586,2021 super output areas - middle layer,152,Non-UK identity only,1523
21979,2021,E02006586,2021 super output areas - middle layer,152,UK identity and non-UK identity,205
21980,2021,E02006587,2021 super output areas - middle layer,152,Total: All usual residents,8533
21981,2021,E02006587,2021 super output areas - middle layer,152,British only identity,4887
21982,2021,E02006587,2021 super output areas - middle layer,152,English only identity,1205
21983,2021,E02006587,2021 super output areas - middle layer,152,English and British only identity,974
21984,2021,E02006587,2021 super output areas - middle layer,152,Welsh only identity,7
21985,2021,E02006587,2021 super output areas - middle layer,152,Welsh and British only identity,3
21986,2021,E02006587,2021 super output areas - middle layer,152,Any other combination of only UK identities,59
21987,2021,E02006587,2021 super output areas - middle layer,152,Scottish only identity,29
21988,2021,E02006587,2021 super output areas - middle layer,152,Scottish and British only identity,8
21989,2021,E02006587,2021 super output areas - middle layer,152,Northern Irish only identity,12
21990,2021,E02006587,2021 super output areas - middle layer,152,Northern Irish and British only identity,1
21991,2021,E02006587,2021 super output areas - middle layer,152,Cornish only identity,0
21992,2021,E02006587,2021 super output areas - middle layer,152,Cornish and British only identity,0
21993,2021,E02006587,2021 super output areas - middle layer,152,Any other combination of only UK identities ,9
21994,2021,E02006587,2021 super output areas - middle layer,152,Irish only identity,30
21995,2021,E02006587,2021 super output areas - middle layer,152,Irish and at least one UK identity,5
21996,2021,E02006587,2021 super output areas - middle layer,152,Other identity only,1173
21997,2021,E02006587,2021 super output areas - middle layer,152,Other identity and at least one UK identity,190
21998,2021,E02006587,2021 super output areas - middle layer,152,Non-UK identity only,1203
21999,2021,E02006587,2021 super output areas - middle layer,152,UK identity and non-UK identity,195
22000,2021,E02006588,2021 super output areas - middle layer,152,Total: All usual residents,10410
22001,2021,E02006588,2021 super output areas - middle layer,152,British only identity,5878
22002,2021,E02006588,2021 super output areas - middle layer,152,English only identity,1638
22003,2021,E02006588,2021 super output areas - middle layer,152,English and British only identity,1622
22004,2021,E02006588,2021 super output areas - middle layer,152,Welsh only identity,23
22005,2021,E02006588,2021 super output areas - middle layer,152,Welsh and British only identity,13
22006,2021,E02006588,2021 super output areas - middle layer,152,Any other combination of only UK identities,119
22007,2021,E02006588,2021 super output areas - middle layer,152,Scottish only identity,60
22008,2021,E02006588,2021 super output areas - middle layer,152,Scottish and British only identity,21
22009,2021,E02006588,2021 super output areas - middle layer,152,Northern Irish only identity,12
22010,2021,E02006588,2021 super output areas - middle layer,152,Northern Irish and British only identity,8
22011,2021,E02006588,2021 super output areas - middle layer,152,Cornish only identity,1
22012,2021,E02006588,2021 super output areas - middle layer,152,Cornish and British only identity,0
22013,2021,E02006588,2021 super output areas - middle layer,152,Any other combination of only UK identities ,17
22014,2021,E02006588,2021 super output areas - middle layer,152,Irish only identity,44
22015,2021,E02006588,2021 super output areas - middle layer,152,Irish and at least one UK identity,5
22016,2021,E02006588,2021 super output areas - middle layer,152,Other identity only,844
22017,2021,E02006588,2021 super output areas - middle layer,152,Other identity and at least one UK identity,224
22018,2021,E02006588,2021 super output areas - middle layer,152,Non-UK identity only,888
22019,2021,E02006588,2021 super output areas - middle layer,152,UK identity and non-UK identity,229
22020,2021,E02006589,2021 super output areas - middle layer,152,Total: All usual residents,11343
22021,2021,E02006589,2021 super output areas - middle layer,152,British only identity,6581
22022,2021,E02006589,2021 super output areas - middle layer,152,English only identity,1957
22023,2021,E02006589,2021 super output areas - middle layer,152,English and British only identity,1846
22024,2021,E02006589,2021 super output areas - middle layer,152,Welsh only identity,44
22025,2021,E02006589,2021 super output areas - middle layer,152,Welsh and British only identity,41
22026,2021,E02006589,2021 super output areas - middle layer,152,Any other combination of only UK identities,144
22027,2021,E02006589,2021 super output areas - middle layer,152,Scottish only identity,59
22028,2021,E02006589,2021 super output areas - middle layer,152,Scottish and British only identity,35
22029,2021,E02006589,2021 super output areas - middle layer,152,Northern Irish only identity,9
22030,2021,E02006589,2021 super output areas - middle layer,152,Northern Irish and British only identity,9
22031,2021,E02006589,2021 super output areas - middle layer,152,Cornish only identity,1
22032,2021,E02006589,2021 super output areas - middle layer,152,Cornish and British only identity,0
22033,2021,E02006589,2021 super output areas - middle layer,152,Any other combination of only UK identities ,31
22034,2021,E02006589,2021 super output areas - middle layer,152,Irish only identity,61
22035,2021,E02006589,2021 super output areas - middle layer,152,Irish and at least one UK identity,5
22036,2021,E02006589,2021 super output areas - middle layer,152,Other identity only,477
22037,2021,E02006589,2021 super output areas - middle layer,152,Other identity and at least one UK identity,187
22038,2021,E02006589,2021 super output areas - middle layer,152,Non-UK identity only,538
22039,2021,E02006589,2021 super output areas - middle layer,152,UK identity and non-UK identity,192
22040,2021,E02006590,2021 super output areas - middle layer,152,Total: All usual residents,8785
22041,2021,E02006590,2021 super output areas - middle layer,152,British only identity,5023
22042,2021,E02006590,2021 super output areas - middle layer,152,English only identity,1461
22043,2021,E02006590,2021 super output areas - middle layer,152,English and British only identity,1461
22044,2021,E02006590,2021 super output areas - middle layer,152,Welsh only identity,21
22045,2021,E02006590,2021 super output areas - middle layer,152,Welsh and British only identity,11
22046,2021,E02006590,2021 super output areas - middle layer,152,Any other combination of only UK identities,121
22047,2021,E02006590,2021 super output areas - middle layer,152,Scottish only identity,48
22048,2021,E02006590,2021 super output areas - middle layer,152,Scottish and British only identity,23
22049,2021,E02006590,2021 super output areas - middle layer,152,Northern Irish only identity,12
22050,2021,E02006590,2021 super output areas - middle layer,152,Northern Irish and British only identity,3
22051,2021,E02006590,2021 super output areas - middle layer,152,Cornish only identity,3
22052,2021,E02006590,2021 super output areas - middle layer,152,Cornish and British only identity,5
22053,2021,E02006590,2021 super output areas - middle layer,152,Any other combination of only UK identities ,27
22054,2021,E02006590,2021 super output areas - middle layer,152,Irish only identity,37
22055,2021,E02006590,2021 super output areas - middle layer,152,Irish and at least one UK identity,13
22056,2021,E02006590,2021 super output areas - middle layer,152,Other identity only,478
22057,2021,E02006590,2021 super output areas - middle layer,152,Other identity and at least one UK identity,159
22058,2021,E02006590,2021 super output areas - middle layer,152,Non-UK identity only,515
22059,2021,E02006590,2021 super output areas - middle layer,152,UK identity and non-UK identity,172
22060,2021,E02006591,2021 super output areas - middle layer,152,Total: All usual residents,8276
22061,2021,E02006591,2021 super output areas - middle layer,152,British only identity,4823
22062,2021,E02006591,2021 super output areas - middle layer,152,English only identity,1346
22063,2021,E02006591,2021 super output areas - middle layer,152,English and British only identity,1213
22064,2021,E02006591,2021 super output areas - middle layer,152,Welsh only identity,37
22065,2021,E02006591,2021 super output areas - middle layer,152,Welsh and British only identity,13
22066,2021,E02006591,2021 super output areas - middle layer,152,Any other combination of only UK identities,108
22067,2021,E02006591,2021 super output areas - middle layer,152,Scottish only identity,42
22068,2021,E02006591,2021 super output areas - middle layer,152,Scottish and British only identity,24
22069,2021,E02006591,2021 super output areas - middle layer,152,Northern Irish only identity,14
22070,2021,E02006591,2021 super output areas - middle layer,152,Northern Irish and British only identity,9
22071,2021,E02006591,2021 super output areas - middle layer,152,Cornish only identity,0
22072,2021,E02006591,2021 super output areas - middle layer,152,Cornish and British only identity,1
22073,2021,E02006591,2021 super output areas - middle layer,152,Any other combination of only UK identities ,18
22074,2021,E02006591,2021 super output areas - middle layer,152,Irish only identity,43
22075,2021,E02006591,2021 super output areas - middle layer,152,Irish and at least one UK identity,10
22076,2021,E02006591,2021 super output areas - middle layer,152,Other identity only,518
22077,2021,E02006591,2021 super output areas - middle layer,152,Other identity and at least one UK identity,165
22078,2021,E02006591,2021 super output areas - middle layer,152,Non-UK identity only,561
22079,2021,E02006591,2021 super output areas - middle layer,152,UK identity and non-UK identity,175
22080,2021,E02006592,2021 super output areas - middle layer,152,Total: All usual residents,6673
22081,2021,E02006592,2021 super output areas - middle layer,152,British only identity,3894
22082,2021,E02006592,2021 super output areas - middle layer,152,English only identity,1081
22083,2021,E02006592,2021 super output areas - middle layer,152,English and British only identity,1129
22084,2021,E02006592,2021 super output areas - middle layer,152,Welsh only identity,20
22085,2021,E02006592,2021 super output areas - middle layer,152,Welsh and British only identity,11
22086,2021,E02006592,2021 super output areas - middle layer,152,Any other combination of only UK identities,76
22087,2021,E02006592,2021 super output areas - middle layer,152,Scottish only identity,24
22088,2021,E02006592,2021 super output areas - middle layer,152,Scottish and British only identity,18
22089,2021,E02006592,2021 super output areas - middle layer,152,Northern Irish only identity,7
22090,2021,E02006592,2021 super output areas - middle layer,152,Northern Irish and British only identity,9
22091,2021,E02006592,2021 super output areas - middle layer,152,Cornish only identity,0
22092,2021,E02006592,2021 super output areas - middle layer,152,Cornish and British only identity,0
22093,2021,E02006592,2021 super output areas - middle layer,152,Any other combination of only UK identities ,18
22094,2021,E02006592,2021 super output areas - middle layer,152,Irish only identity,23
22095,2021,E02006592,2021 super output areas - middle layer,152,Irish and at least one UK identity,6
22096,2021,E02006592,2021 super output areas - middle layer,152,Other identity only,352
22097,2021,E02006592,2021 super output areas - middle layer,152,Other identity and at least one UK identity,81
22098,2021,E02006592,2021 super output areas - middle layer,152,Non-UK identity only,375
22099,2021,E02006592,2021 super output areas - middle layer,152,UK identity and non-UK identity,87
22100,2021,E02006593,2021 super output areas - middle layer,152,Total: All usual residents,11285
22101,2021,E02006593,2021 super output areas - middle layer,152,British only identity,6278
22102,2021,E02006593,2021 super output areas - middle layer,152,English only identity,1650
22103,2021,E02006593,2021 super output areas - middle layer,152,English and British only identity,1662
22104,2021,E02006593,2021 super output areas - middle layer,152,Welsh only identity,40
22105,2021,E02006593,2021 super output areas - middle layer,152,Welsh and British only identity,17
22106,2021,E02006593,2021 super output areas - middle layer,152,Any other combination of only UK identities,144
22107,2021,E02006593,2021 super output areas - middle layer,152,Scottish only identity,65
22108,2021,E02006593,2021 super output areas - middle layer,152,Scottish and British only identity,36
22109,2021,E02006593,2021 super output areas - middle layer,152,Northern Irish only identity,8
22110,2021,E02006593,2021 super output areas - middle layer,152,Northern Irish and British only identity,2
22111,2021,E02006593,2021 super output areas - middle layer,152,Cornish only identity,4
22112,2021,E02006593,2021 super output areas - middle layer,152,Cornish and British only identity,0
22113,2021,E02006593,2021 super output areas - middle layer,152,Any other combination of only UK identities ,29
22114,2021,E02006593,2021 super output areas - middle layer,152,Irish only identity,68
22115,2021,E02006593,2021 super output areas - middle layer,152,Irish and at least one UK identity,13
22116,2021,E02006593,2021 super output areas - middle layer,152,Other identity only,1159
22117,2021,E02006593,2021 super output areas - middle layer,152,Other identity and at least one UK identity,254
22118,2021,E02006593,2021 super output areas - middle layer,152,Non-UK identity only,1227
22119,2021,E02006593,2021 super output areas - middle layer,152,UK identity and non-UK identity,267
22120,2021,E02006594,2021 super output areas - middle layer,152,Total: All usual residents,10942
22121,2021,E02006594,2021 super output areas - middle layer,152,British only identity,6417
22122,2021,E02006594,2021 super output areas - middle layer,152,English only identity,1726
22123,2021,E02006594,2021 super output areas - middle layer,152,English and British only identity,1710
22124,2021,E02006594,2021 super output areas - middle layer,152,Welsh only identity,33
22125,2021,E02006594,2021 super output areas - middle layer,152,Welsh and British only identity,19
22126,2021,E02006594,2021 super output areas - middle layer,152,Any other combination of only UK identities,113
22127,2021,E02006594,2021 super output areas - middle layer,152,Scottish only identity,48
22128,2021,E02006594,2021 super output areas - middle layer,152,Scottish and British only identity,28
22129,2021,E02006594,2021 super output areas - middle layer,152,Northern Irish only identity,12
22130,2021,E02006594,2021 super output areas - middle layer,152,Northern Irish and British only identity,3
22131,2021,E02006594,2021 super output areas - middle layer,152,Cornish only identity,0
22132,2021,E02006594,2021 super output areas - middle layer,152,Cornish and British only identity,0
22133,2021,E02006594,2021 super output areas - middle layer,152,Any other combination of only UK identities ,22
22134,2021,E02006594,2021 super output areas - middle layer,152,Irish only identity,69
22135,2021,E02006594,2021 super output areas - middle layer,152,Irish and at least one UK identity,11
22136,2021,E02006594,2021 super output areas - middle layer,152,Other identity only,614
22137,2021,E02006594,2021 super output areas - middle layer,152,Other identity and at least one UK identity,230
22138,2021,E02006594,2021 super output areas - middle layer,152,Non-UK identity only,683
22139,2021,E02006594,2021 super output areas - middle layer,152,UK identity and non-UK identity,241
22140,2021,E02006595,2021 super output areas - middle layer,152,Total: All usual residents,8952
22141,2021,E02006595,2021 super output areas - middle layer,152,British only identity,5094
22142,2021,E02006595,2021 super output areas - middle layer,152,English only identity,1476
22143,2021,E02006595,2021 super output areas - middle layer,152,English and British only identity,1399
22144,2021,E02006595,2021 super output areas - middle layer,152,Welsh only identity,27
22145,2021,E02006595,2021 super output areas - middle layer,152,Welsh and British only identity,11
22146,2021,E02006595,2021 super output areas - middle layer,152,Any other combination of only UK identities,112
22147,2021,E02006595,2021 super output areas - middle layer,152,Scottish only identity,56
22148,2021,E02006595,2021 super output areas - middle layer,152,Scottish and British only identity,15
22149,2021,E02006595,2021 super output areas - middle layer,152,Northern Irish only identity,2
22150,2021,E02006595,2021 super output areas - middle layer,152,Northern Irish and British only identity,10
22151,2021,E02006595,2021 super output areas - middle layer,152,Cornish only identity,1
22152,2021,E02006595,2021 super output areas - middle layer,152,Cornish and British only identity,0
22153,2021,E02006595,2021 super output areas - middle layer,152,Any other combination of only UK identities ,28
22154,2021,E02006595,2021 super output areas - middle layer,152,Irish only identity,61
22155,2021,E02006595,2021 super output areas - middle layer,152,Irish and at least one UK identity,9
22156,2021,E02006595,2021 super output areas - middle layer,152,Other identity only,511
22157,2021,E02006595,2021 super output areas - middle layer,152,Other identity and at least one UK identity,252
22158,2021,E02006595,2021 super output areas - middle layer,152,Non-UK identity only,572
22159,2021,E02006595,2021 super output areas - middle layer,152,UK identity and non-UK identity,261
22160,2021,E02006596,2021 super output areas - middle layer,152,Total: All usual residents,9364
22161,2021,E02006596,2021 super output areas - middle layer,152,British only identity,5432
22162,2021,E02006596,2021 super output areas - middle layer,152,English only identity,1664
22163,2021,E02006596,2021 super output areas - middle layer,152,English and British only identity,1715
22164,2021,E02006596,2021 super output areas - middle layer,152,Welsh only identity,27
22165,2021,E02006596,2021 super output areas - middle layer,152,Welsh and British only identity,13
22166,2021,E02006596,2021 super output areas - middle layer,152,Any other combination of only UK identities,102
22167,2021,E02006596,2021 super output areas - middle layer,152,Scottish only identity,45
22168,2021,E02006596,2021 super output areas - middle layer,152,Scottish and British only identity,26
22169,2021,E02006596,2021 super output areas - middle layer,152,Northern Irish only identity,3
22170,2021,E02006596,2021 super output areas - middle layer,152,Northern Irish and British only identity,5
22171,2021,E02006596,2021 super output areas - middle layer,152,Cornish only identity,0
22172,2021,E02006596,2021 super output areas - middle layer,152,Cornish and British only identity,0
22173,2021,E02006596,2021 super output areas - middle layer,152,Any other combination of only UK identities ,23
22174,2021,E02006596,2021 super output areas - middle layer,152,Irish only identity,30
22175,2021,E02006596,2021 super output areas - middle layer,152,Irish and at least one UK identity,11
22176,2021,E02006596,2021 super output areas - middle layer,152,Other identity only,265
22177,2021,E02006596,2021 super output areas - middle layer,152,Other identity and at least one UK identity,105
22178,2021,E02006596,2021 super output areas - middle layer,152,Non-UK identity only,295
22179,2021,E02006596,2021 super output areas - middle layer,152,UK identity and non-UK identity,116
22180,2021,E02006597,2021 super output areas - middle layer,152,Total: All usual residents,12395
22181,2021,E02006597,2021 super output areas - middle layer,152,British only identity,7259
22182,2021,E02006597,2021 super output areas - middle layer,152,English only identity,2091
22183,2021,E02006597,2021 super output areas - middle layer,152,English and British only identity,2196
22184,2021,E02006597,2021 super output areas - middle layer,152,Welsh only identity,31
22185,2021,E02006597,2021 super output areas - middle layer,152,Welsh and British only identity,19
22186,2021,E02006597,2021 super output areas - middle layer,152,Any other combination of only UK identities,121
22187,2021,E02006597,2021 super output areas - middle layer,152,Scottish only identity,44
22188,2021,E02006597,2021 super output areas - middle layer,152,Scottish and British only identity,31
22189,2021,E02006597,2021 super output areas - middle layer,152,Northern Irish only identity,17
22190,2021,E02006597,2021 super output areas - middle layer,152,Northern Irish and British only identity,6
22191,2021,E02006597,2021 super output areas - middle layer,152,Cornish only identity,3
22192,2021,E02006597,2021 super output areas - middle layer,152,Cornish and British only identity,1
22193,2021,E02006597,2021 super output areas - middle layer,152,Any other combination of only UK identities ,19
22194,2021,E02006597,2021 super output areas - middle layer,152,Irish only identity,40
22195,2021,E02006597,2021 super output areas - middle layer,152,Irish and at least one UK identity,14
22196,2021,E02006597,2021 super output areas - middle layer,152,Other identity only,425
22197,2021,E02006597,2021 super output areas - middle layer,152,Other identity and at least one UK identity,199
22198,2021,E02006597,2021 super output areas - middle layer,152,Non-UK identity only,465
22199,2021,E02006597,2021 super output areas - middle layer,152,UK identity and non-UK identity,213
22200,2021,E02006598,2021 super output areas - middle layer,152,Total: All usual residents,5451
22201,2021,E02006598,2021 super output areas - middle layer,152,British only identity,3257
22202,2021,E02006598,2021 super output areas - middle layer,152,English only identity,1047
22203,2021,E02006598,2021 super output areas - middle layer,152,English and British only identity,826
22204,2021,E02006598,2021 super output areas - middle layer,152,Welsh only identity,22
22205,2021,E02006598,2021 super output areas - middle layer,152,Welsh and British only identity,9
22206,2021,E02006598,2021 super output areas - middle layer,152,Any other combination of only UK identities,41
22207,2021,E02006598,2021 super output areas - middle layer,152,Scottish only identity,25
22208,2021,E02006598,2021 super output areas - middle layer,152,Scottish and British only identity,9
22209,2021,E02006598,2021 super output areas - middle layer,152,Northern Irish only identity,2
22210,2021,E02006598,2021 super output areas - middle layer,152,Northern Irish and British only identity,0
22211,2021,E02006598,2021 super output areas - middle layer,152,Cornish only identity,0
22212,2021,E02006598,2021 super output areas - middle layer,152,Cornish and British only identity,1
22213,2021,E02006598,2021 super output areas - middle layer,152,Any other combination of only UK identities ,4
22214,2021,E02006598,2021 super output areas - middle layer,152,Irish only identity,30
22215,2021,E02006598,2021 super output areas - middle layer,152,Irish and at least one UK identity,1
22216,2021,E02006598,2021 super output areas - middle layer,152,Other identity only,161
22217,2021,E02006598,2021 super output areas - middle layer,152,Other identity and at least one UK identity,57
22218,2021,E02006598,2021 super output areas - middle layer,152,Non-UK identity only,191
22219,2021,E02006598,2021 super output areas - middle layer,152,UK identity and non-UK identity,58
22220,2021,E02006599,2021 super output areas - middle layer,152,Total: All usual residents,6889
22221,2021,E02006599,2021 super output areas - middle layer,152,British only identity,3900
22222,2021,E02006599,2021 super output areas - middle layer,152,English only identity,1423
22223,2021,E02006599,2021 super output areas - middle layer,152,English and British only identity,1109
22224,2021,E02006599,2021 super output areas - middle layer,152,Welsh only identity,25
22225,2021,E02006599,2021 super output areas - middle layer,152,Welsh and British only identity,20
22226,2021,E02006599,2021 super output areas - middle layer,152,Any other combination of only UK identities,105
22227,2021,E02006599,2021 super output areas - middle layer,152,Scottish only identity,31
22228,2021,E02006599,2021 super output areas - middle layer,152,Scottish and British only identity,19
22229,2021,E02006599,2021 super output areas - middle layer,152,Northern Irish only identity,30
22230,2021,E02006599,2021 super output areas - middle layer,152,Northern Irish and British only identity,9
22231,2021,E02006599,2021 super output areas - middle layer,152,Cornish only identity,2
22232,2021,E02006599,2021 super output areas - middle layer,152,Cornish and British only identity,0
22233,2021,E02006599,2021 super output areas - middle layer,152,Any other combination of only UK identities ,14
22234,2021,E02006599,2021 super output areas - middle layer,152,Irish only identity,35
22235,2021,E02006599,2021 super output areas - middle layer,152,Irish and at least one UK identity,20
22236,2021,E02006599,2021 super output areas - middle layer,152,Other identity only,173
22237,2021,E02006599,2021 super output areas - middle layer,152,Other identity and at least one UK identity,79
22238,2021,E02006599,2021 super output areas - middle layer,152,Non-UK identity only,208
22239,2021,E02006599,2021 super output areas - middle layer,152,UK identity and non-UK identity,99
22240,2021,E02006600,2021 super output areas - middle layer,152,Total: All usual residents,9865
22241,2021,E02006600,2021 super output areas - middle layer,152,British only identity,5764
22242,2021,E02006600,2021 super output areas - middle layer,152,English only identity,1934
22243,2021,E02006600,2021 super output areas - middle layer,152,English and British only identity,1574
22244,2021,E02006600,2021 super output areas - middle layer,152,Welsh only identity,26
22245,2021,E02006600,2021 super output areas - middle layer,152,Welsh and British only identity,18
22246,2021,E02006600,2021 super output areas - middle layer,152,Any other combination of only UK identities,96
22247,2021,E02006600,2021 super output areas - middle layer,152,Scottish only identity,47
22248,2021,E02006600,2021 super output areas - middle layer,152,Scottish and British only identity,15
22249,2021,E02006600,2021 super output areas - middle layer,152,Northern Irish only identity,8
22250,2021,E02006600,2021 super output areas - middle layer,152,Northern Irish and British only identity,8
22251,2021,E02006600,2021 super output areas - middle layer,152,Cornish only identity,0
22252,2021,E02006600,2021 super output areas - middle layer,152,Cornish and British only identity,0
22253,2021,E02006600,2021 super output areas - middle layer,152,Any other combination of only UK identities ,18
22254,2021,E02006600,2021 super output areas - middle layer,152,Irish only identity,44
22255,2021,E02006600,2021 super output areas - middle layer,152,Irish and at least one UK identity,17
22256,2021,E02006600,2021 super output areas - middle layer,152,Other identity only,279
22257,2021,E02006600,2021 super output areas - middle layer,152,Other identity and at least one UK identity,113
22258,2021,E02006600,2021 super output areas - middle layer,152,Non-UK identity only,323
22259,2021,E02006600,2021 super output areas - middle layer,152,UK identity and non-UK identity,130
22260,2021,E02006601,2021 super output areas - middle layer,152,Total: All usual residents,8956
22261,2021,E02006601,2021 super output areas - middle layer,152,British only identity,5422
22262,2021,E02006601,2021 super output areas - middle layer,152,English only identity,1560
22263,2021,E02006601,2021 super output areas - middle layer,152,English and British only identity,1343
22264,2021,E02006601,2021 super output areas - middle layer,152,Welsh only identity,39
22265,2021,E02006601,2021 super output areas - middle layer,152,Welsh and British only identity,21
22266,2021,E02006601,2021 super output areas - middle layer,152,Any other combination of only UK identities,68
22267,2021,E02006601,2021 super output areas - middle layer,152,Scottish only identity,22
22268,2021,E02006601,2021 super output areas - middle layer,152,Scottish and British only identity,13
22269,2021,E02006601,2021 super output areas - middle layer,152,Northern Irish only identity,13
22270,2021,E02006601,2021 super output areas - middle layer,152,Northern Irish and British only identity,2
22271,2021,E02006601,2021 super output areas - middle layer,152,Cornish only identity,2
22272,2021,E02006601,2021 super output areas - middle layer,152,Cornish and British only identity,1
22273,2021,E02006601,2021 super output areas - middle layer,152,Any other combination of only UK identities ,15
22274,2021,E02006601,2021 super output areas - middle layer,152,Irish only identity,37
22275,2021,E02006601,2021 super output areas - middle layer,152,Irish and at least one UK identity,7
22276,2021,E02006601,2021 super output areas - middle layer,152,Other identity only,325
22277,2021,E02006601,2021 super output areas - middle layer,152,Other identity and at least one UK identity,134
22278,2021,E02006601,2021 super output areas - middle layer,152,Non-UK identity only,362
22279,2021,E02006601,2021 super output areas - middle layer,152,UK identity and non-UK identity,141
22280,2021,E02006602,2021 super output areas - middle layer,152,Total: All usual residents,8716
22281,2021,E02006602,2021 super output areas - middle layer,152,British only identity,5182
22282,2021,E02006602,2021 super output areas - middle layer,152,English only identity,1526
22283,2021,E02006602,2021 super output areas - middle layer,152,English and British only identity,1464
22284,2021,E02006602,2021 super output areas - middle layer,152,Welsh only identity,26
22285,2021,E02006602,2021 super output areas - middle layer,152,Welsh and British only identity,18
22286,2021,E02006602,2021 super output areas - middle layer,152,Any other combination of only UK identities,102
22287,2021,E02006602,2021 super output areas - middle layer,152,Scottish only identity,45
22288,2021,E02006602,2021 super output areas - middle layer,152,Scottish and British only identity,28
22289,2021,E02006602,2021 super output areas - middle layer,152,Northern Irish only identity,7
22290,2021,E02006602,2021 super output areas - middle layer,152,Northern Irish and British only identity,3
22291,2021,E02006602,2021 super output areas - middle layer,152,Cornish only identity,2
22292,2021,E02006602,2021 super output areas - middle layer,152,Cornish and British only identity,0
22293,2021,E02006602,2021 super output areas - middle layer,152,Any other combination of only UK identities ,17
22294,2021,E02006602,2021 super output areas - middle layer,152,Irish only identity,31
22295,2021,E02006602,2021 super output areas - middle layer,152,Irish and at least one UK identity,10
22296,2021,E02006602,2021 super output areas - middle layer,152,Other identity only,251
22297,2021,E02006602,2021 super output areas - middle layer,152,Other identity and at least one UK identity,106
22298,2021,E02006602,2021 super output areas - middle layer,152,Non-UK identity only,282
22299,2021,E02006602,2021 super output areas - middle layer,152,UK identity and non-UK identity,116
22300,2021,E02006603,2021 super output areas - middle layer,152,Total: All usual residents,8469
22301,2021,E02006603,2021 super output areas - middle layer,152,British only identity,5018
22302,2021,E02006603,2021 super output areas - middle layer,152,English only identity,1573
22303,2021,E02006603,2021 super output areas - middle layer,152,English and British only identity,1340
22304,2021,E02006603,2021 super output areas - middle layer,152,Welsh only identity,33
22305,2021,E02006603,2021 super output areas - middle layer,152,Welsh and British only identity,14
22306,2021,E02006603,2021 super output areas - middle layer,152,Any other combination of only UK identities,79
22307,2021,E02006603,2021 super output areas - middle layer,152,Scottish only identity,32
22308,2021,E02006603,2021 super output areas - middle layer,152,Scottish and British only identity,16
22309,2021,E02006603,2021 super output areas - middle layer,152,Northern Irish only identity,10
22310,2021,E02006603,2021 super output areas - middle layer,152,Northern Irish and British only identity,5
22311,2021,E02006603,2021 super output areas - middle layer,152,Cornish only identity,1
22312,2021,E02006603,2021 super output areas - middle layer,152,Cornish and British only identity,0
22313,2021,E02006603,2021 super output areas - middle layer,152,Any other combination of only UK identities ,15
22314,2021,E02006603,2021 super output areas - middle layer,152,Irish only identity,35
22315,2021,E02006603,2021 super output areas - middle layer,152,Irish and at least one UK identity,4
22316,2021,E02006603,2021 super output areas - middle layer,152,Other identity only,253
22317,2021,E02006603,2021 super output areas - middle layer,152,Other identity and at least one UK identity,120
22318,2021,E02006603,2021 super output areas - middle layer,152,Non-UK identity only,288
22319,2021,E02006603,2021 super output areas - middle layer,152,UK identity and non-UK identity,124
22320,2021,E02006604,2021 super output areas - middle layer,152,Total: All usual residents,13277
22321,2021,E02006604,2021 super output areas - middle layer,152,British only identity,7216
22322,2021,E02006604,2021 super output areas - middle layer,152,English only identity,2257
22323,2021,E02006604,2021 super output areas - middle layer,152,English and British only identity,2011
22324,2021,E02006604,2021 super output areas - middle layer,152,Welsh only identity,30
22325,2021,E02006604,2021 super output areas - middle layer,152,Welsh and British only identity,9
22326,2021,E02006604,2021 super output areas - middle layer,152,Any other combination of only UK identities,146
22327,2021,E02006604,2021 super output areas - middle layer,152,Scottish only identity,81
22328,2021,E02006604,2021 super output areas - middle layer,152,Scottish and British only identity,27
22329,2021,E02006604,2021 super output areas - middle layer,152,Northern Irish only identity,13
22330,2021,E02006604,2021 super output areas - middle layer,152,Northern Irish and British only identity,4
22331,2021,E02006604,2021 super output areas - middle layer,152,Cornish only identity,3
22332,2021,E02006604,2021 super output areas - middle layer,152,Cornish and British only identity,0
22333,2021,E02006604,2021 super output areas - middle layer,152,Any other combination of only UK identities ,18
22334,2021,E02006604,2021 super output areas - middle layer,152,Irish only identity,64
22335,2021,E02006604,2021 super output areas - middle layer,152,Irish and at least one UK identity,22
22336,2021,E02006604,2021 super output areas - middle layer,152,Other identity only,1203
22337,2021,E02006604,2021 super output areas - middle layer,152,Other identity and at least one UK identity,319
22338,2021,E02006604,2021 super output areas - middle layer,152,Non-UK identity only,1267
22339,2021,E02006604,2021 super output areas - middle layer,152,UK identity and non-UK identity,341
22340,2021,E02006605,2021 super output areas - middle layer,152,Total: All usual residents,6365
22341,2021,E02006605,2021 super output areas - middle layer,152,British only identity,3737
22342,2021,E02006605,2021 super output areas - middle layer,152,English only identity,1171
22343,2021,E02006605,2021 super output areas - middle layer,152,English and British only identity,949
22344,2021,E02006605,2021 super output areas - middle layer,152,Welsh only identity,11
22345,2021,E02006605,2021 super output areas - middle layer,152,Welsh and British only identity,6
22346,2021,E02006605,2021 super output areas - middle layer,152,Any other combination of only UK identities,62
22347,2021,E02006605,2021 super output areas - middle layer,152,Scottish only identity,28
22348,2021,E02006605,2021 super output areas - middle layer,152,Scottish and British only identity,12
22349,2021,E02006605,2021 super output areas - middle layer,152,Northern Irish only identity,8
22350,2021,E02006605,2021 super output areas - middle layer,152,Northern Irish and British only identity,1
22351,2021,E02006605,2021 super output areas - middle layer,152,Cornish only identity,0
22352,2021,E02006605,2021 super output areas - middle layer,152,Cornish and British only identity,0
22353,2021,E02006605,2021 super output areas - middle layer,152,Any other combination of only UK identities ,13
22354,2021,E02006605,2021 super output areas - middle layer,152,Irish only identity,24
22355,2021,E02006605,2021 super output areas - middle layer,152,Irish and at least one UK identity,6
22356,2021,E02006605,2021 super output areas - middle layer,152,Other identity only,289
22357,2021,E02006605,2021 super output areas - middle layer,152,Other identity and at least one UK identity,110
22358,2021,E02006605,2021 super output areas - middle layer,152,Non-UK identity only,313
22359,2021,E02006605,2021 super output areas - middle layer,152,UK identity and non-UK identity,116
22360,2021,E02006606,2021 super output areas - middle layer,152,Total: All usual residents,8351
22361,2021,E02006606,2021 super output areas - middle layer,152,British only identity,4893
22362,2021,E02006606,2021 super output areas - middle layer,152,English only identity,1484
22363,2021,E02006606,2021 super output areas - middle layer,152,English and British only identity,1285
22364,2021,E02006606,2021 super output areas - middle layer,152,Welsh only identity,28
22365,2021,E02006606,2021 super output areas - middle layer,152,Welsh and British only identity,9
22366,2021,E02006606,2021 super output areas - middle layer,152,Any other combination of only UK identities,93
22367,2021,E02006606,2021 super output areas - middle layer,152,Scottish only identity,43
22368,2021,E02006606,2021 super output areas - middle layer,152,Scottish and British only identity,20
22369,2021,E02006606,2021 super output areas - middle layer,152,Northern Irish only identity,5
22370,2021,E02006606,2021 super output areas - middle layer,152,Northern Irish and British only identity,4
22371,2021,E02006606,2021 super output areas - middle layer,152,Cornish only identity,1
22372,2021,E02006606,2021 super output areas - middle layer,152,Cornish and British only identity,0
22373,2021,E02006606,2021 super output areas - middle layer,152,Any other combination of only UK identities ,20
22374,2021,E02006606,2021 super output areas - middle layer,152,Irish only identity,36
22375,2021,E02006606,2021 super output areas - middle layer,152,Irish and at least one UK identity,9
22376,2021,E02006606,2021 super output areas - middle layer,152,Other identity only,364
22377,2021,E02006606,2021 super output areas - middle layer,152,Other identity and at least one UK identity,150
22378,2021,E02006606,2021 super output areas - middle layer,152,Non-UK identity only,400
22379,2021,E02006606,2021 super output areas - middle layer,152,UK identity and non-UK identity,159
22380,2021,E02006607,2021 super output areas - middle layer,152,Total: All usual residents,7959
22381,2021,E02006607,2021 super output areas - middle layer,152,British only identity,4647
22382,2021,E02006607,2021 super output areas - middle layer,152,English only identity,1415
22383,2021,E02006607,2021 super output areas - middle layer,152,English and British only identity,1208
22384,2021,E02006607,2021 super output areas - middle layer,152,Welsh only identity,30
22385,2021,E02006607,2021 super output areas - middle layer,152,Welsh and British only identity,9
22386,2021,E02006607,2021 super output areas - middle layer,152,Any other combination of only UK identities,107
22387,2021,E02006607,2021 super output areas - middle layer,152,Scottish only identity,45
22388,2021,E02006607,2021 super output areas - middle layer,152,Scottish and British only identity,26
22389,2021,E02006607,2021 super output areas - middle layer,152,Northern Irish only identity,10
22390,2021,E02006607,2021 super output areas - middle layer,152,Northern Irish and British only identity,7
22391,2021,E02006607,2021 super output areas - middle layer,152,Cornish only identity,2
22392,2021,E02006607,2021 super output areas - middle layer,152,Cornish and British only identity,0
22393,2021,E02006607,2021 super output areas - middle layer,152,Any other combination of only UK identities ,17
22394,2021,E02006607,2021 super output areas - middle layer,152,Irish only identity,38
22395,2021,E02006607,2021 super output areas - middle layer,152,Irish and at least one UK identity,17
22396,2021,E02006607,2021 super output areas - middle layer,152,Other identity only,336
22397,2021,E02006607,2021 super output areas - middle layer,152,Other identity and at least one UK identity,152
22398,2021,E02006607,2021 super output areas - middle layer,152,Non-UK identity only,374
22399,2021,E02006607,2021 super output areas - middle layer,152,UK identity and non-UK identity,169
22400,2021,E02006608,2021 super output areas - middle layer,152,Total: All usual residents,6334
22401,2021,E02006608,2021 super output areas - middle layer,152,British only identity,3632
22402,2021,E02006608,2021 super output areas - middle layer,152,English only identity,1296
22403,2021,E02006608,2021 super output areas - middle layer,152,English and British only identity,1029
22404,2021,E02006608,2021 super output areas - middle layer,152,Welsh only identity,20
22405,2021,E02006608,2021 super output areas - middle layer,152,Welsh and British only identity,5
22406,2021,E02006608,2021 super output areas - middle layer,152,Any other combination of only UK identities,76
22407,2021,E02006608,2021 super output areas - middle layer,152,Scottish only identity,28
22408,2021,E02006608,2021 super output areas - middle layer,152,Scottish and British only identity,26
22409,2021,E02006608,2021 super output areas - middle layer,152,Northern Irish only identity,11
22410,2021,E02006608,2021 super output areas - middle layer,152,Northern Irish and British only identity,3
22411,2021,E02006608,2021 super output areas - middle layer,152,Cornish only identity,1
22412,2021,E02006608,2021 super output areas - middle layer,152,Cornish and British only identity,0
22413,2021,E02006608,2021 super output areas - middle layer,152,Any other combination of only UK identities ,7
22414,2021,E02006608,2021 super output areas - middle layer,152,Irish only identity,22
22415,2021,E02006608,2021 super output areas - middle layer,152,Irish and at least one UK identity,5
22416,2021,E02006608,2021 super output areas - middle layer,152,Other identity only,197
22417,2021,E02006608,2021 super output areas - middle layer,152,Other identity and at least one UK identity,52
22418,2021,E02006608,2021 super output areas - middle layer,152,Non-UK identity only,219
22419,2021,E02006608,2021 super output areas - middle layer,152,UK identity and non-UK identity,57
22420,2021,E02006609,2021 super output areas - middle layer,152,Total: All usual residents,6891
22421,2021,E02006609,2021 super output areas - middle layer,152,British only identity,4116
22422,2021,E02006609,2021 super output areas - middle layer,152,English only identity,1145
22423,2021,E02006609,2021 super output areas - middle layer,152,English and British only identity,1018
22424,2021,E02006609,2021 super output areas - middle layer,152,Welsh only identity,41
22425,2021,E02006609,2021 super output areas - middle layer,152,Welsh and British only identity,17
22426,2021,E02006609,2021 super output areas - middle layer,152,Any other combination of only UK identities,86
22427,2021,E02006609,2021 super output areas - middle layer,152,Scottish only identity,34
22428,2021,E02006609,2021 super output areas - middle layer,152,Scottish and British only identity,24
22429,2021,E02006609,2021 super output areas - middle layer,152,Northern Irish only identity,9
22430,2021,E02006609,2021 super output areas - middle layer,152,Northern Irish and British only identity,6
22431,2021,E02006609,2021 super output areas - middle layer,152,Cornish only identity,1
22432,2021,E02006609,2021 super output areas - middle layer,152,Cornish and British only identity,1
22433,2021,E02006609,2021 super output areas - middle layer,152,Any other combination of only UK identities ,11
22434,2021,E02006609,2021 super output areas - middle layer,152,Irish only identity,23
22435,2021,E02006609,2021 super output areas - middle layer,152,Irish and at least one UK identity,9
22436,2021,E02006609,2021 super output areas - middle layer,152,Other identity only,317
22437,2021,E02006609,2021 super output areas - middle layer,152,Other identity and at least one UK identity,119
22438,2021,E02006609,2021 super output areas - middle layer,152,Non-UK identity only,340
22439,2021,E02006609,2021 super output areas - middle layer,152,UK identity and non-UK identity,128
22440,2021,E02006610,2021 super output areas - middle layer,152,Total: All usual residents,7869
22441,2021,E02006610,2021 super output areas - middle layer,152,British only identity,4739
22442,2021,E02006610,2021 super output areas - middle layer,152,English only identity,1151
22443,2021,E02006610,2021 super output areas - middle layer,152,English and British only identity,1292
22444,2021,E02006610,2021 super output areas - middle layer,152,Welsh only identity,31
22445,2021,E02006610,2021 super output areas - middle layer,152,Welsh and British only identity,15
22446,2021,E02006610,2021 super output areas - middle layer,152,Any other combination of only UK identities,97
22447,2021,E02006610,2021 super output areas - middle layer,152,Scottish only identity,39
22448,2021,E02006610,2021 super output areas - middle layer,152,Scottish and British only identity,25
22449,2021,E02006610,2021 super output areas - middle layer,152,Northern Irish only identity,11
22450,2021,E02006610,2021 super output areas - middle layer,152,Northern Irish and British only identity,0
22451,2021,E02006610,2021 super output areas - middle layer,152,Cornish only identity,1
22452,2021,E02006610,2021 super output areas - middle layer,152,Cornish and British only identity,0
22453,2021,E02006610,2021 super output areas - middle layer,152,Any other combination of only UK identities ,21
22454,2021,E02006610,2021 super output areas - middle layer,152,Irish only identity,57
22455,2021,E02006610,2021 super output areas - middle layer,152,Irish and at least one UK identity,11
22456,2021,E02006610,2021 super output areas - middle layer,152,Other identity only,349
22457,2021,E02006610,2021 super output areas - middle layer,152,Other identity and at least one UK identity,127
22458,2021,E02006610,2021 super output areas - middle layer,152,Non-UK identity only,406
22459,2021,E02006610,2021 super output areas - middle layer,152,UK identity and non-UK identity,138
22460,2021,E02006611,2021 super output areas - middle layer,152,Total: All usual residents,11480
22461,2021,E02006611,2021 super output areas - middle layer,152,British only identity,6731
22462,2021,E02006611,2021 super output areas - middle layer,152,English only identity,1838
22463,2021,E02006611,2021 super output areas - middle layer,152,English and British only identity,1834
22464,2021,E02006611,2021 super output areas - middle layer,152,Welsh only identity,43
22465,2021,E02006611,2021 super output areas - middle layer,152,Welsh and British only identity,24
22466,2021,E02006611,2021 super output areas - middle layer,152,Any other combination of only UK identities,187
22467,2021,E02006611,2021 super output areas - middle layer,152,Scottish only identity,72
22468,2021,E02006611,2021 super output areas - middle layer,152,Scottish and British only identity,44
22469,2021,E02006611,2021 super output areas - middle layer,152,Northern Irish only identity,13
22470,2021,E02006611,2021 super output areas - middle layer,152,Northern Irish and British only identity,12
22471,2021,E02006611,2021 super output areas - middle layer,152,Cornish only identity,3
22472,2021,E02006611,2021 super output areas - middle layer,152,Cornish and British only identity,1
22473,2021,E02006611,2021 super output areas - middle layer,152,Any other combination of only UK identities ,42
22474,2021,E02006611,2021 super output areas - middle layer,152,Irish only identity,75
22475,2021,E02006611,2021 super output areas - middle layer,152,Irish and at least one UK identity,14
22476,2021,E02006611,2021 super output areas - middle layer,152,Other identity only,469
22477,2021,E02006611,2021 super output areas - middle layer,152,Other identity and at least one UK identity,265
22478,2021,E02006611,2021 super output areas - middle layer,152,Non-UK identity only,544
22479,2021,E02006611,2021 super output areas - middle layer,152,UK identity and non-UK identity,279
22480,2021,E02006612,2021 super output areas - middle layer,152,Total: All usual residents,11829
22481,2021,E02006612,2021 super output areas - middle layer,152,British only identity,6797
22482,2021,E02006612,2021 super output areas - middle layer,152,English only identity,1595
22483,2021,E02006612,2021 super output areas - middle layer,152,English and British only identity,1530
22484,2021,E02006612,2021 super output areas - middle layer,152,Welsh only identity,27
22485,2021,E02006612,2021 super output areas - middle layer,152,Welsh and British only identity,14
22486,2021,E02006612,2021 super output areas - middle layer,152,Any other combination of only UK identities,157
22487,2021,E02006612,2021 super output areas - middle layer,152,Scottish only identity,71
22488,2021,E02006612,2021 super output areas - middle layer,152,Scottish and British only identity,32
22489,2021,E02006612,2021 super output areas - middle layer,152,Northern Irish only identity,13
22490,2021,E02006612,2021 super output areas - middle layer,152,Northern Irish and British only identity,9
22491,2021,E02006612,2021 super output areas - middle layer,152,Cornish only identity,5
22492,2021,E02006612,2021 super output areas - middle layer,152,Cornish and British only identity,0
22493,2021,E02006612,2021 super output areas - middle layer,152,Any other combination of only UK identities ,27
22494,2021,E02006612,2021 super output areas - middle layer,152,Irish only identity,94
22495,2021,E02006612,2021 super output areas - middle layer,152,Irish and at least one UK identity,24
22496,2021,E02006612,2021 super output areas - middle layer,152,Other identity only,1215
22497,2021,E02006612,2021 super output areas - middle layer,152,Other identity and at least one UK identity,376
22498,2021,E02006612,2021 super output areas - middle layer,152,Non-UK identity only,1309
22499,2021,E02006612,2021 super output areas - middle layer,152,UK identity and non-UK identity,400
22500,2021,E02006613,2021 super output areas - middle layer,152,Total: All usual residents,7749
22501,2021,E02006613,2021 super output areas - middle layer,152,British only identity,4443
22502,2021,E02006613,2021 super output areas - middle layer,152,English only identity,1225
22503,2021,E02006613,2021 super output areas - middle layer,152,English and British only identity,1177
22504,2021,E02006613,2021 super output areas - middle layer,152,Welsh only identity,25
22505,2021,E02006613,2021 super output areas - middle layer,152,Welsh and British only identity,5
22506,2021,E02006613,2021 super output areas - middle layer,152,Any other combination of only UK identities,72
22507,2021,E02006613,2021 super output areas - middle layer,152,Scottish only identity,26
22508,2021,E02006613,2021 super output areas - middle layer,152,Scottish and British only identity,11
22509,2021,E02006613,2021 super output areas - middle layer,152,Northern Irish only identity,11
22510,2021,E02006613,2021 super output areas - middle layer,152,Northern Irish and British only identity,5
22511,2021,E02006613,2021 super output areas - middle layer,152,Cornish only identity,1
22512,2021,E02006613,2021 super output areas - middle layer,152,Cornish and British only identity,0
22513,2021,E02006613,2021 super output areas - middle layer,152,Any other combination of only UK identities ,18
22514,2021,E02006613,2021 super output areas - middle layer,152,Irish only identity,66
22515,2021,E02006613,2021 super output areas - middle layer,152,Irish and at least one UK identity,7
22516,2021,E02006613,2021 super output areas - middle layer,152,Other identity only,580
22517,2021,E02006613,2021 super output areas - middle layer,152,Other identity and at least one UK identity,149
22518,2021,E02006613,2021 super output areas - middle layer,152,Non-UK identity only,646
22519,2021,E02006613,2021 super output areas - middle layer,152,UK identity and non-UK identity,156
22520,2021,E02006614,2021 super output areas - middle layer,152,Total: All usual residents,12851
22521,2021,E02006614,2021 super output areas - middle layer,152,British only identity,7658
22522,2021,E02006614,2021 super output areas - middle layer,152,English only identity,1814
22523,2021,E02006614,2021 super output areas - middle layer,152,English and British only identity,2015
22524,2021,E02006614,2021 super output areas - middle layer,152,Welsh only identity,32
22525,2021,E02006614,2021 super output areas - middle layer,152,Welsh and British only identity,12
22526,2021,E02006614,2021 super output areas - middle layer,152,Any other combination of only UK identities,151
22527,2021,E02006614,2021 super output areas - middle layer,152,Scottish only identity,60
22528,2021,E02006614,2021 super output areas - middle layer,152,Scottish and British only identity,45
22529,2021,E02006614,2021 super output areas - middle layer,152,Northern Irish only identity,11
22530,2021,E02006614,2021 super output areas - middle layer,152,Northern Irish and British only identity,7
22531,2021,E02006614,2021 super output areas - middle layer,152,Cornish only identity,0
22532,2021,E02006614,2021 super output areas - middle layer,152,Cornish and British only identity,0
22533,2021,E02006614,2021 super output areas - middle layer,152,Any other combination of only UK identities ,28
22534,2021,E02006614,2021 super output areas - middle layer,152,Irish only identity,93
22535,2021,E02006614,2021 super output areas - middle layer,152,Irish and at least one UK identity,29
22536,2021,E02006614,2021 super output areas - middle layer,152,Other identity only,768
22537,2021,E02006614,2021 super output areas - middle layer,152,Other identity and at least one UK identity,279
22538,2021,E02006614,2021 super output areas - middle layer,152,Non-UK identity only,861
22539,2021,E02006614,2021 super output areas - middle layer,152,UK identity and non-UK identity,308
22540,2021,E02006615,2021 super output areas - middle layer,152,Total: All usual residents,7059
22541,2021,E02006615,2021 super output areas - middle layer,152,British only identity,4187
22542,2021,E02006615,2021 super output areas - middle layer,152,English only identity,1053
22543,2021,E02006615,2021 super output areas - middle layer,152,English and British only identity,1266
22544,2021,E02006615,2021 super output areas - middle layer,152,Welsh only identity,20
22545,2021,E02006615,2021 super output areas - middle layer,152,Welsh and British only identity,6
22546,2021,E02006615,2021 super output areas - middle layer,152,Any other combination of only UK identities,50
22547,2021,E02006615,2021 super output areas - middle layer,152,Scottish only identity,21
22548,2021,E02006615,2021 super output areas - middle layer,152,Scottish and British only identity,13
22549,2021,E02006615,2021 super output areas - middle layer,152,Northern Irish only identity,4
22550,2021,E02006615,2021 super output areas - middle layer,152,Northern Irish and British only identity,4
22551,2021,E02006615,2021 super output areas - middle layer,152,Cornish only identity,0
22552,2021,E02006615,2021 super output areas - middle layer,152,Cornish and British only identity,0
22553,2021,E02006615,2021 super output areas - middle layer,152,Any other combination of only UK identities ,8
22554,2021,E02006615,2021 super output areas - middle layer,152,Irish only identity,23
22555,2021,E02006615,2021 super output areas - middle layer,152,Irish and at least one UK identity,4
22556,2021,E02006615,2021 super output areas - middle layer,152,Other identity only,348
22557,2021,E02006615,2021 super output areas - middle layer,152,Other identity and at least one UK identity,102
22558,2021,E02006615,2021 super output areas - middle layer,152,Non-UK identity only,371
22559,2021,E02006615,2021 super output areas - middle layer,152,UK identity and non-UK identity,106
22560,2021,E02006616,2021 super output areas - middle layer,152,Total: All usual residents,9841
22561,2021,E02006616,2021 super output areas - middle layer,152,British only identity,5818
22562,2021,E02006616,2021 super output areas - middle layer,152,English only identity,1638
22563,2021,E02006616,2021 super output areas - middle layer,152,English and British only identity,1588
22564,2021,E02006616,2021 super output areas - middle layer,152,Welsh only identity,27
22565,2021,E02006616,2021 super output areas - middle layer,152,Welsh and British only identity,16
22566,2021,E02006616,2021 super output areas - middle layer,152,Any other combination of only UK identities,75
22567,2021,E02006616,2021 super output areas - middle layer,152,Scottish only identity,35
22568,2021,E02006616,2021 super output areas - middle layer,152,Scottish and British only identity,10
22569,2021,E02006616,2021 super output areas - middle layer,152,Northern Irish only identity,9
22570,2021,E02006616,2021 super output areas - middle layer,152,Northern Irish and British only identity,2
22571,2021,E02006616,2021 super output areas - middle layer,152,Cornish only identity,0
22572,2021,E02006616,2021 super output areas - middle layer,152,Cornish and British only identity,1
22573,2021,E02006616,2021 super output areas - middle layer,152,Any other combination of only UK identities ,18
22574,2021,E02006616,2021 super output areas - middle layer,152,Irish only identity,39
22575,2021,E02006616,2021 super output areas - middle layer,152,Irish and at least one UK identity,13
22576,2021,E02006616,2021 super output areas - middle layer,152,Other identity only,485
22577,2021,E02006616,2021 super output areas - middle layer,152,Other identity and at least one UK identity,142
22578,2021,E02006616,2021 super output areas - middle layer,152,Non-UK identity only,524
22579,2021,E02006616,2021 super output areas - middle layer,152,UK identity and non-UK identity,155
22580,2021,E02006617,2021 super output areas - middle layer,152,Total: All usual residents,9139
22581,2021,E02006617,2021 super output areas - middle layer,152,British only identity,5064
22582,2021,E02006617,2021 super output areas - middle layer,152,English only identity,1528
22583,2021,E02006617,2021 super output areas - middle layer,152,English and British only identity,1285
22584,2021,E02006617,2021 super output areas - middle layer,152,Welsh only identity,16
22585,2021,E02006617,2021 super output areas - middle layer,152,Welsh and British only identity,11
22586,2021,E02006617,2021 super output areas - middle layer,152,Any other combination of only UK identities,84
22587,2021,E02006617,2021 super output areas - middle layer,152,Scottish only identity,36
22588,2021,E02006617,2021 super output areas - middle layer,152,Scottish and British only identity,17
22589,2021,E02006617,2021 super output areas - middle layer,152,Northern Irish only identity,9
22590,2021,E02006617,2021 super output areas - middle layer,152,Northern Irish and British only identity,1
22591,2021,E02006617,2021 super output areas - middle layer,152,Cornish only identity,1
22592,2021,E02006617,2021 super output areas - middle layer,152,Cornish and British only identity,0
22593,2021,E02006617,2021 super output areas - middle layer,152,Any other combination of only UK identities ,20
22594,2021,E02006617,2021 super output areas - middle layer,152,Irish only identity,46
22595,2021,E02006617,2021 super output areas - middle layer,152,Irish and at least one UK identity,12
22596,2021,E02006617,2021 super output areas - middle layer,152,Other identity only,938
22597,2021,E02006617,2021 super output areas - middle layer,152,Other identity and at least one UK identity,155
22598,2021,E02006617,2021 super output areas - middle layer,152,Non-UK identity only,984
22599,2021,E02006617,2021 super output areas - middle layer,152,UK identity and non-UK identity,167
22600,2021,E02006618,2021 super output areas - middle layer,152,Total: All usual residents,6462
22601,2021,E02006618,2021 super output areas - middle layer,152,British only identity,3748
22602,2021,E02006618,2021 super output areas - middle layer,152,English only identity,1142
22603,2021,E02006618,2021 super output areas - middle layer,152,English and British only identity,1080
22604,2021,E02006618,2021 super output areas - middle layer,152,Welsh only identity,18
22605,2021,E02006618,2021 super output areas - middle layer,152,Welsh and British only identity,11
22606,2021,E02006618,2021 super output areas - middle layer,152,Any other combination of only UK identities,70
22607,2021,E02006618,2021 super output areas - middle layer,152,Scottish only identity,24
22608,2021,E02006618,2021 super output areas - middle layer,152,Scottish and British only identity,15
22609,2021,E02006618,2021 super output areas - middle layer,152,Northern Irish only identity,13
22610,2021,E02006618,2021 super output areas - middle layer,152,Northern Irish and British only identity,3
22611,2021,E02006618,2021 super output areas - middle layer,152,Cornish only identity,0
22612,2021,E02006618,2021 super output areas - middle layer,152,Cornish and British only identity,3
22613,2021,E02006618,2021 super output areas - middle layer,152,Any other combination of only UK identities ,12
22614,2021,E02006618,2021 super output areas - middle layer,152,Irish only identity,40
22615,2021,E02006618,2021 super output areas - middle layer,152,Irish and at least one UK identity,15
22616,2021,E02006618,2021 super output areas - middle layer,152,Other identity only,247
22617,2021,E02006618,2021 super output areas - middle layer,152,Other identity and at least one UK identity,91
22618,2021,E02006618,2021 super output areas - middle layer,152,Non-UK identity only,287
22619,2021,E02006618,2021 super output areas - middle layer,152,UK identity and non-UK identity,106
22620,2021,E02006619,2021 super output areas - middle layer,152,Total: All usual residents,9080
22621,2021,E02006619,2021 super output areas - middle layer,152,British only identity,5623
22622,2021,E02006619,2021 super output areas - middle layer,152,English only identity,1333
22623,2021,E02006619,2021 super output areas - middle layer,152,English and British only identity,1417
22624,2021,E02006619,2021 super output areas - middle layer,152,Welsh only identity,22
22625,2021,E02006619,2021 super output areas - middle layer,152,Welsh and British only identity,9
22626,2021,E02006619,2021 super output areas - middle layer,152,Any other combination of only UK identities,92
22627,2021,E02006619,2021 super output areas - middle layer,152,Scottish only identity,38
22628,2021,E02006619,2021 super output areas - middle layer,152,Scottish and British only identity,17
22629,2021,E02006619,2021 super output areas - middle layer,152,Northern Irish only identity,9
22630,2021,E02006619,2021 super output areas - middle layer,152,Northern Irish and British only identity,5
22631,2021,E02006619,2021 super output areas - middle layer,152,Cornish only identity,0
22632,2021,E02006619,2021 super output areas - middle layer,152,Cornish and British only identity,3
22633,2021,E02006619,2021 super output areas - middle layer,152,Any other combination of only UK identities ,20
22634,2021,E02006619,2021 super output areas - middle layer,152,Irish only identity,52
22635,2021,E02006619,2021 super output areas - middle layer,152,Irish and at least one UK identity,14
22636,2021,E02006619,2021 super output areas - middle layer,152,Other identity only,332
22637,2021,E02006619,2021 super output areas - middle layer,152,Other identity and at least one UK identity,186
22638,2021,E02006619,2021 super output areas - middle layer,152,Non-UK identity only,384
22639,2021,E02006619,2021 super output areas - middle layer,152,UK identity and non-UK identity,200
22640,2021,E02006620,2021 super output areas - middle layer,152,Total: All usual residents,10039
22641,2021,E02006620,2021 super output areas - middle layer,152,British only identity,6083
22642,2021,E02006620,2021 super output areas - middle layer,152,English only identity,1672
22643,2021,E02006620,2021 super output areas - middle layer,152,English and British only identity,1523
22644,2021,E02006620,2021 super output areas - middle layer,152,Welsh only identity,29
22645,2021,E02006620,2021 super output areas - middle layer,152,Welsh and British only identity,20
22646,2021,E02006620,2021 super output areas - middle layer,152,Any other combination of only UK identities,117
22647,2021,E02006620,2021 super output areas - middle layer,152,Scottish only identity,43
22648,2021,E02006620,2021 super output areas - middle layer,152,Scottish and British only identity,28
22649,2021,E02006620,2021 super output areas - middle layer,152,Northern Irish only identity,17
22650,2021,E02006620,2021 super output areas - middle layer,152,Northern Irish and British only identity,10
22651,2021,E02006620,2021 super output areas - middle layer,152,Cornish only identity,2
22652,2021,E02006620,2021 super output areas - middle layer,152,Cornish and British only identity,0
22653,2021,E02006620,2021 super output areas - middle layer,152,Any other combination of only UK identities ,17
22654,2021,E02006620,2021 super output areas - middle layer,152,Irish only identity,58
22655,2021,E02006620,2021 super output areas - middle layer,152,Irish and at least one UK identity,5
22656,2021,E02006620,2021 super output areas - middle layer,152,Other identity only,336
22657,2021,E02006620,2021 super output areas - middle layer,152,Other identity and at least one UK identity,196
22658,2021,E02006620,2021 super output areas - middle layer,152,Non-UK identity only,394
22659,2021,E02006620,2021 super output areas - middle layer,152,UK identity and non-UK identity,201
22660,2021,E02006621,2021 super output areas - middle layer,152,Total: All usual residents,7695
22661,2021,E02006621,2021 super output areas - middle layer,152,British only identity,4328
22662,2021,E02006621,2021 super output areas - middle layer,152,English only identity,1773
22663,2021,E02006621,2021 super output areas - middle layer,152,English and British only identity,1204
22664,2021,E02006621,2021 super output areas - middle layer,152,Welsh only identity,38
22665,2021,E02006621,2021 super output areas - middle layer,152,Welsh and British only identity,8
22666,2021,E02006621,2021 super output areas - middle layer,152,Any other combination of only UK identities,61
22667,2021,E02006621,2021 super output areas - middle layer,152,Scottish only identity,25
22668,2021,E02006621,2021 super output areas - middle layer,152,Scottish and British only identity,15
22669,2021,E02006621,2021 super output areas - middle layer,152,Northern Irish only identity,12
22670,2021,E02006621,2021 super output areas - middle layer,152,Northern Irish and British only identity,1
22671,2021,E02006621,2021 super output areas - middle layer,152,Cornish only identity,1
22672,2021,E02006621,2021 super output areas - middle layer,152,Cornish and British only identity,0
22673,2021,E02006621,2021 super output areas - middle layer,152,Any other combination of only UK identities ,7
22674,2021,E02006621,2021 super output areas - middle layer,152,Irish only identity,32
22675,2021,E02006621,2021 super output areas - middle layer,152,Irish and at least one UK identity,2
22676,2021,E02006621,2021 super output areas - middle layer,152,Other identity only,171
22677,2021,E02006621,2021 super output areas - middle layer,152,Other identity and at least one UK identity,78
22678,2021,E02006621,2021 super output areas - middle layer,152,Non-UK identity only,203
22679,2021,E02006621,2021 super output areas - middle layer,152,UK identity and non-UK identity,80
22680,2021,E02006622,2021 super output areas - middle layer,152,Total: All usual residents,7889
22681,2021,E02006622,2021 super output areas - middle layer,152,British only identity,4642
22682,2021,E02006622,2021 super output areas - middle layer,152,English only identity,1511
22683,2021,E02006622,2021 super output areas - middle layer,152,English and British only identity,1225
22684,2021,E02006622,2021 super output areas - middle layer,152,Welsh only identity,29
22685,2021,E02006622,2021 super output areas - middle layer,152,Welsh and British only identity,19
22686,2021,E02006622,2021 super output areas - middle layer,152,Any other combination of only UK identities,71
22687,2021,E02006622,2021 super output areas - middle layer,152,Scottish only identity,25
22688,2021,E02006622,2021 super output areas - middle layer,152,Scottish and British only identity,19
22689,2021,E02006622,2021 super output areas - middle layer,152,Northern Irish only identity,9
22690,2021,E02006622,2021 super output areas - middle layer,152,Northern Irish and British only identity,3
22691,2021,E02006622,2021 super output areas - middle layer,152,Cornish only identity,1
22692,2021,E02006622,2021 super output areas - middle layer,152,Cornish and British only identity,2
22693,2021,E02006622,2021 super output areas - middle layer,152,Any other combination of only UK identities ,12
22694,2021,E02006622,2021 super output areas - middle layer,152,Irish only identity,32
22695,2021,E02006622,2021 super output areas - middle layer,152,Irish and at least one UK identity,4
22696,2021,E02006622,2021 super output areas - middle layer,152,Other identity only,281
22697,2021,E02006622,2021 super output areas - middle layer,152,Other identity and at least one UK identity,75
22698,2021,E02006622,2021 super output areas - middle layer,152,Non-UK identity only,313
22699,2021,E02006622,2021 super output areas - middle layer,152,UK identity and non-UK identity,79
22700,2021,E02006623,2021 super output areas - middle layer,152,Total: All usual residents,8085
22701,2021,E02006623,2021 super output areas - middle layer,152,British only identity,4570
22702,2021,E02006623,2021 super output areas - middle layer,152,English only identity,1559
22703,2021,E02006623,2021 super output areas - middle layer,152,English and British only identity,1457
22704,2021,E02006623,2021 super output areas - middle layer,152,Welsh only identity,11
22705,2021,E02006623,2021 super output areas - middle layer,152,Welsh and British only identity,6
22706,2021,E02006623,2021 super output areas - middle layer,152,Any other combination of only UK identities,73
22707,2021,E02006623,2021 super output areas - middle layer,152,Scottish only identity,32
22708,2021,E02006623,2021 super output areas - middle layer,152,Scottish and British only identity,16
22709,2021,E02006623,2021 super output areas - middle layer,152,Northern Irish only identity,9
22710,2021,E02006623,2021 super output areas - middle layer,152,Northern Irish and British only identity,5
22711,2021,E02006623,2021 super output areas - middle layer,152,Cornish only identity,0
22712,2021,E02006623,2021 super output areas - middle layer,152,Cornish and British only identity,0
22713,2021,E02006623,2021 super output areas - middle layer,152,Any other combination of only UK identities ,11
22714,2021,E02006623,2021 super output areas - middle layer,152,Irish only identity,24
22715,2021,E02006623,2021 super output areas - middle layer,152,Irish and at least one UK identity,7
22716,2021,E02006623,2021 super output areas - middle layer,152,Other identity only,310
22717,2021,E02006623,2021 super output areas - middle layer,152,Other identity and at least one UK identity,68
22718,2021,E02006623,2021 super output areas - middle layer,152,Non-UK identity only,334
22719,2021,E02006623,2021 super output areas - middle layer,152,UK identity and non-UK identity,75
22720,2021,E02006624,2021 super output areas - middle layer,152,Total: All usual residents,7329
22721,2021,E02006624,2021 super output areas - middle layer,152,British only identity,4525
22722,2021,E02006624,2021 super output areas - middle layer,152,English only identity,1233
22723,2021,E02006624,2021 super output areas - middle layer,152,English and British only identity,1109
22724,2021,E02006624,2021 super output areas - middle layer,152,Welsh only identity,19
22725,2021,E02006624,2021 super output areas - middle layer,152,Welsh and British only identity,3
22726,2021,E02006624,2021 super output areas - middle layer,152,Any other combination of only UK identities,74
22727,2021,E02006624,2021 super output areas - middle layer,152,Scottish only identity,26
22728,2021,E02006624,2021 super output areas - middle layer,152,Scottish and British only identity,18
22729,2021,E02006624,2021 super output areas - middle layer,152,Northern Irish only identity,11
22730,2021,E02006624,2021 super output areas - middle layer,152,Northern Irish and British only identity,1
22731,2021,E02006624,2021 super output areas - middle layer,152,Cornish only identity,2
22732,2021,E02006624,2021 super output areas - middle layer,152,Cornish and British only identity,0
22733,2021,E02006624,2021 super output areas - middle layer,152,Any other combination of only UK identities ,16
22734,2021,E02006624,2021 super output areas - middle layer,152,Irish only identity,20
22735,2021,E02006624,2021 super output areas - middle layer,152,Irish and at least one UK identity,5
22736,2021,E02006624,2021 super output areas - middle layer,152,Other identity only,245
22737,2021,E02006624,2021 super output areas - middle layer,152,Other identity and at least one UK identity,96
22738,2021,E02006624,2021 super output areas - middle layer,152,Non-UK identity only,265
22739,2021,E02006624,2021 super output areas - middle layer,152,UK identity and non-UK identity,101
22740,2021,E02006625,2021 super output areas - middle layer,152,Total: All usual residents,8048
22741,2021,E02006625,2021 super output areas - middle layer,152,British only identity,4769
22742,2021,E02006625,2021 super output areas - middle layer,152,English only identity,1319
22743,2021,E02006625,2021 super output areas - middle layer,152,English and British only identity,1264
22744,2021,E02006625,2021 super output areas - middle layer,152,Welsh only identity,20
22745,2021,E02006625,2021 super output areas - middle layer,152,Welsh and British only identity,3
22746,2021,E02006625,2021 super output areas - middle layer,152,Any other combination of only UK identities,64
22747,2021,E02006625,2021 super output areas - middle layer,152,Scottish only identity,35
22748,2021,E02006625,2021 super output areas - middle layer,152,Scottish and British only identity,9
22749,2021,E02006625,2021 super output areas - middle layer,152,Northern Irish only identity,4
22750,2021,E02006625,2021 super output areas - middle layer,152,Northern Irish and British only identity,3
22751,2021,E02006625,2021 super output areas - middle layer,152,Cornish only identity,1
22752,2021,E02006625,2021 super output areas - middle layer,152,Cornish and British only identity,1
22753,2021,E02006625,2021 super output areas - middle layer,152,Any other combination of only UK identities ,11
22754,2021,E02006625,2021 super output areas - middle layer,152,Irish only identity,19
22755,2021,E02006625,2021 super output areas - middle layer,152,Irish and at least one UK identity,13
22756,2021,E02006625,2021 super output areas - middle layer,152,Other identity only,468
22757,2021,E02006625,2021 super output areas - middle layer,152,Other identity and at least one UK identity,109
22758,2021,E02006625,2021 super output areas - middle layer,152,Non-UK identity only,487
22759,2021,E02006625,2021 super output areas - middle layer,152,UK identity and non-UK identity,122
22760,2021,E02006626,2021 super output areas - middle layer,152,Total: All usual residents,10187
22761,2021,E02006626,2021 super output areas - middle layer,152,British only identity,5856
22762,2021,E02006626,2021 super output areas - middle layer,152,English only identity,1730
22763,2021,E02006626,2021 super output areas - middle layer,152,English and British only identity,1848
22764,2021,E02006626,2021 super output areas - middle layer,152,Welsh only identity,16
22765,2021,E02006626,2021 super output areas - middle layer,152,Welsh and British only identity,10
22766,2021,E02006626,2021 super output areas - middle layer,152,Any other combination of only UK identities,50
22767,2021,E02006626,2021 super output areas - middle layer,152,Scottish only identity,19
22768,2021,E02006626,2021 super output areas - middle layer,152,Scottish and British only identity,11
22769,2021,E02006626,2021 super output areas - middle layer,152,Northern Irish only identity,6
22770,2021,E02006626,2021 super output areas - middle layer,152,Northern Irish and British only identity,3
22771,2021,E02006626,2021 super output areas - middle layer,152,Cornish only identity,1
22772,2021,E02006626,2021 super output areas - middle layer,152,Cornish and British only identity,0
22773,2021,E02006626,2021 super output areas - middle layer,152,Any other combination of only UK identities ,10
22774,2021,E02006626,2021 super output areas - middle layer,152,Irish only identity,32
22775,2021,E02006626,2021 super output areas - middle layer,152,Irish and at least one UK identity,3
22776,2021,E02006626,2021 super output areas - middle layer,152,Other identity only,487
22777,2021,E02006626,2021 super output areas - middle layer,152,Other identity and at least one UK identity,155
22778,2021,E02006626,2021 super output areas - middle layer,152,Non-UK identity only,519
22779,2021,E02006626,2021 super output areas - middle layer,152,UK identity and non-UK identity,158
22780,2021,E02006627,2021 super output areas - middle layer,152,Total: All usual residents,9604
22781,2021,E02006627,2021 super output areas - middle layer,152,British only identity,5492
22782,2021,E02006627,2021 super output areas - middle layer,152,English only identity,1700
22783,2021,E02006627,2021 super output areas - middle layer,152,English and British only identity,1565
22784,2021,E02006627,2021 super output areas - middle layer,152,Welsh only identity,31
22785,2021,E02006627,2021 super output areas - middle layer,152,Welsh and British only identity,16
22786,2021,E02006627,2021 super output areas - middle layer,152,Any other combination of only UK identities,69
22787,2021,E02006627,2021 super output areas - middle layer,152,Scottish only identity,26
22788,2021,E02006627,2021 super output areas - middle layer,152,Scottish and British only identity,12
22789,2021,E02006627,2021 super output areas - middle layer,152,Northern Irish only identity,2
22790,2021,E02006627,2021 super output areas - middle layer,152,Northern Irish and British only identity,4
22791,2021,E02006627,2021 super output areas - middle layer,152,Cornish only identity,2
22792,2021,E02006627,2021 super output areas - middle layer,152,Cornish and British only identity,0
22793,2021,E02006627,2021 super output areas - middle layer,152,Any other combination of only UK identities ,23
22794,2021,E02006627,2021 super output areas - middle layer,152,Irish only identity,37
22795,2021,E02006627,2021 super output areas - middle layer,152,Irish and at least one UK identity,6
22796,2021,E02006627,2021 super output areas - middle layer,152,Other identity only,542
22797,2021,E02006627,2021 super output areas - middle layer,152,Other identity and at least one UK identity,146
22798,2021,E02006627,2021 super output areas - middle layer,152,Non-UK identity only,579
22799,2021,E02006627,2021 super output areas - middle layer,152,UK identity and non-UK identity,152
22800,2021,E02006628,2021 super output areas - middle layer,152,Total: All usual residents,8942
22801,2021,E02006628,2021 super output areas - middle layer,152,British only identity,5172
22802,2021,E02006628,2021 super output areas - middle layer,152,English only identity,1396
22803,2021,E02006628,2021 super output areas - middle layer,152,English and British only identity,1201
22804,2021,E02006628,2021 super output areas - middle layer,152,Welsh only identity,20
22805,2021,E02006628,2021 super output areas - middle layer,152,Welsh and British only identity,15
22806,2021,E02006628,2021 super output areas - middle layer,152,Any other combination of only UK identities,79
22807,2021,E02006628,2021 super output areas - middle layer,152,Scottish only identity,34
22808,2021,E02006628,2021 super output areas - middle layer,152,Scottish and British only identity,13
22809,2021,E02006628,2021 super output areas - middle layer,152,Northern Irish only identity,10
22810,2021,E02006628,2021 super output areas - middle layer,152,Northern Irish and British only identity,3
22811,2021,E02006628,2021 super output areas - middle layer,152,Cornish only identity,0
22812,2021,E02006628,2021 super output areas - middle layer,152,Cornish and British only identity,1
22813,2021,E02006628,2021 super output areas - middle layer,152,Any other combination of only UK identities ,18
22814,2021,E02006628,2021 super output areas - middle layer,152,Irish only identity,47
22815,2021,E02006628,2021 super output areas - middle layer,152,Irish and at least one UK identity,10
22816,2021,E02006628,2021 super output areas - middle layer,152,Other identity only,804
22817,2021,E02006628,2021 super output areas - middle layer,152,Other identity and at least one UK identity,198
22818,2021,E02006628,2021 super output areas - middle layer,152,Non-UK identity only,851
22819,2021,E02006628,2021 super output areas - middle layer,152,UK identity and non-UK identity,208
22820,2021,E02006629,2021 super output areas - middle layer,152,Total: All usual residents,7809
22821,2021,E02006629,2021 super output areas - middle layer,152,British only identity,4531
22822,2021,E02006629,2021 super output areas - middle layer,152,English only identity,1272
22823,2021,E02006629,2021 super output areas - middle layer,152,English and British only identity,1137
22824,2021,E02006629,2021 super output areas - middle layer,152,Welsh only identity,13
22825,2021,E02006629,2021 super output areas - middle layer,152,Welsh and British only identity,9
22826,2021,E02006629,2021 super output areas - middle layer,152,Any other combination of only UK identities,62
22827,2021,E02006629,2021 super output areas - middle layer,152,Scottish only identity,28
22828,2021,E02006629,2021 super output areas - middle layer,152,Scottish and British only identity,15
22829,2021,E02006629,2021 super output areas - middle layer,152,Northern Irish only identity,8
22830,2021,E02006629,2021 super output areas - middle layer,152,Northern Irish and British only identity,1
22831,2021,E02006629,2021 super output areas - middle layer,152,Cornish only identity,1
22832,2021,E02006629,2021 super output areas - middle layer,152,Cornish and British only identity,0
22833,2021,E02006629,2021 super output areas - middle layer,152,Any other combination of only UK identities ,9
22834,2021,E02006629,2021 super output areas - middle layer,152,Irish only identity,51
22835,2021,E02006629,2021 super output areas - middle layer,152,Irish and at least one UK identity,9
22836,2021,E02006629,2021 super output areas - middle layer,152,Other identity only,572
22837,2021,E02006629,2021 super output areas - middle layer,152,Other identity and at least one UK identity,153
22838,2021,E02006629,2021 super output areas - middle layer,152,Non-UK identity only,623
22839,2021,E02006629,2021 super output areas - middle layer,152,UK identity and non-UK identity,162
22840,2021,E02006630,2021 super output areas - middle layer,152,Total: All usual residents,8906
22841,2021,E02006630,2021 super output areas - middle layer,152,British only identity,4865
22842,2021,E02006630,2021 super output areas - middle layer,152,English only identity,1415
22843,2021,E02006630,2021 super output areas - middle layer,152,English and British only identity,1263
22844,2021,E02006630,2021 super output areas - middle layer,152,Welsh only identity,33
22845,2021,E02006630,2021 super output areas - middle layer,152,Welsh and British only identity,19
22846,2021,E02006630,2021 super output areas - middle layer,152,Any other combination of only UK identities,119
22847,2021,E02006630,2021 super output areas - middle layer,152,Scottish only identity,62
22848,2021,E02006630,2021 super output areas - middle layer,152,Scottish and British only identity,22
22849,2021,E02006630,2021 super output areas - middle layer,152,Northern Irish only identity,19
22850,2021,E02006630,2021 super output areas - middle layer,152,Northern Irish and British only identity,1
22851,2021,E02006630,2021 super output areas - middle layer,152,Cornish only identity,1
22852,2021,E02006630,2021 super output areas - middle layer,152,Cornish and British only identity,0
22853,2021,E02006630,2021 super output areas - middle layer,152,Any other combination of only UK identities ,14
22854,2021,E02006630,2021 super output areas - middle layer,152,Irish only identity,52
22855,2021,E02006630,2021 super output areas - middle layer,152,Irish and at least one UK identity,9
22856,2021,E02006630,2021 super output areas - middle layer,152,Other identity only,912
22857,2021,E02006630,2021 super output areas - middle layer,152,Other identity and at least one UK identity,219
22858,2021,E02006630,2021 super output areas - middle layer,152,Non-UK identity only,964
22859,2021,E02006630,2021 super output areas - middle layer,152,UK identity and non-UK identity,228
22860,2021,E02006631,2021 super output areas - middle layer,152,Total: All usual residents,10182
22861,2021,E02006631,2021 super output areas - middle layer,152,British only identity,5323
22862,2021,E02006631,2021 super output areas - middle layer,152,English only identity,1440
22863,2021,E02006631,2021 super output areas - middle layer,152,English and British only identity,1317
22864,2021,E02006631,2021 super output areas - middle layer,152,Welsh only identity,28
22865,2021,E02006631,2021 super output areas - middle layer,152,Welsh and British only identity,9
22866,2021,E02006631,2021 super output areas - middle layer,152,Any other combination of only UK identities,115
22867,2021,E02006631,2021 super output areas - middle layer,152,Scottish only identity,46
22868,2021,E02006631,2021 super output areas - middle layer,152,Scottish and British only identity,25
22869,2021,E02006631,2021 super output areas - middle layer,152,Northern Irish only identity,12
22870,2021,E02006631,2021 super output areas - middle layer,152,Northern Irish and British only identity,8
22871,2021,E02006631,2021 super output areas - middle layer,152,Cornish only identity,4
22872,2021,E02006631,2021 super output areas - middle layer,152,Cornish and British only identity,0
22873,2021,E02006631,2021 super output areas - middle layer,152,Any other combination of only UK identities ,20
22874,2021,E02006631,2021 super output areas - middle layer,152,Irish only identity,65
22875,2021,E02006631,2021 super output areas - middle layer,152,Irish and at least one UK identity,14
22876,2021,E02006631,2021 super output areas - middle layer,152,Other identity only,1626
22877,2021,E02006631,2021 super output areas - middle layer,152,Other identity and at least one UK identity,245
22878,2021,E02006631,2021 super output areas - middle layer,152,Non-UK identity only,1691
22879,2021,E02006631,2021 super output areas - middle layer,152,UK identity and non-UK identity,259
22880,2021,E02006632,2021 super output areas - middle layer,152,Total: All usual residents,8244
22881,2021,E02006632,2021 super output areas - middle layer,152,British only identity,4794
22882,2021,E02006632,2021 super output areas - middle layer,152,English only identity,1444
22883,2021,E02006632,2021 super output areas - middle layer,152,English and British only identity,1208
22884,2021,E02006632,2021 super output areas - middle layer,152,Welsh only identity,32
22885,2021,E02006632,2021 super output areas - middle layer,152,Welsh and British only identity,11
22886,2021,E02006632,2021 super output areas - middle layer,152,Any other combination of only UK identities,95
22887,2021,E02006632,2021 super output areas - middle layer,152,Scottish only identity,43
22888,2021,E02006632,2021 super output areas - middle layer,152,Scottish and British only identity,17
22889,2021,E02006632,2021 super output areas - middle layer,152,Northern Irish only identity,12
22890,2021,E02006632,2021 super output areas - middle layer,152,Northern Irish and British only identity,12
22891,2021,E02006632,2021 super output areas - middle layer,152,Cornish only identity,1
22892,2021,E02006632,2021 super output areas - middle layer,152,Cornish and British only identity,0
22893,2021,E02006632,2021 super output areas - middle layer,152,Any other combination of only UK identities ,10
22894,2021,E02006632,2021 super output areas - middle layer,152,Irish only identity,56
22895,2021,E02006632,2021 super output areas - middle layer,152,Irish and at least one UK identity,13
22896,2021,E02006632,2021 super output areas - middle layer,152,Other identity only,447
22897,2021,E02006632,2021 super output areas - middle layer,152,Other identity and at least one UK identity,144
22898,2021,E02006632,2021 super output areas - middle layer,152,Non-UK identity only,503
22899,2021,E02006632,2021 super output areas - middle layer,152,UK identity and non-UK identity,157
22900,2021,E02006633,2021 super output areas - middle layer,152,Total: All usual residents,8405
22901,2021,E02006633,2021 super output areas - middle layer,152,British only identity,4817
22902,2021,E02006633,2021 super output areas - middle layer,152,English only identity,1741
22903,2021,E02006633,2021 super output areas - middle layer,152,English and British only identity,1288
22904,2021,E02006633,2021 super output areas - middle layer,152,Welsh only identity,29
22905,2021,E02006633,2021 super output areas - middle layer,152,Welsh and British only identity,18
22906,2021,E02006633,2021 super output areas - middle layer,152,Any other combination of only UK identities,74
22907,2021,E02006633,2021 super output areas - middle layer,152,Scottish only identity,32
22908,2021,E02006633,2021 super output areas - middle layer,152,Scottish and British only identity,18
22909,2021,E02006633,2021 super output areas - middle layer,152,Northern Irish only identity,15
22910,2021,E02006633,2021 super output areas - middle layer,152,Northern Irish and British only identity,2
22911,2021,E02006633,2021 super output areas - middle layer,152,Cornish only identity,0
22912,2021,E02006633,2021 super output areas - middle layer,152,Cornish and British only identity,0
22913,2021,E02006633,2021 super output areas - middle layer,152,Any other combination of only UK identities ,7
22914,2021,E02006633,2021 super output areas - middle layer,152,Irish only identity,36
22915,2021,E02006633,2021 super output areas - middle layer,152,Irish and at least one UK identity,9
22916,2021,E02006633,2021 super output areas - middle layer,152,Other identity only,281
22917,2021,E02006633,2021 super output areas - middle layer,152,Other identity and at least one UK identity,112
22918,2021,E02006633,2021 super output areas - middle layer,152,Non-UK identity only,317
22919,2021,E02006633,2021 super output areas - middle layer,152,UK identity and non-UK identity,121
22920,2021,E02002985,2021 super output areas - middle layer,152,Total: All usual residents,6789
22921,2021,E02002985,2021 super output areas - middle layer,152,British only identity,3959
22922,2021,E02002985,2021 super output areas - middle layer,152,English only identity,1059
22923,2021,E02002985,2021 super output areas - middle layer,152,English and British only identity,1247
22924,2021,E02002985,2021 super output areas - middle layer,152,Welsh only identity,56
22925,2021,E02002985,2021 super output areas - middle layer,152,Welsh and British only identity,19
22926,2021,E02002985,2021 super output areas - middle layer,152,Any other combination of only UK identities,67
22927,2021,E02002985,2021 super output areas - middle layer,152,Scottish only identity,19
22928,2021,E02002985,2021 super output areas - middle layer,152,Scottish and British only identity,21
22929,2021,E02002985,2021 super output areas - middle layer,152,Northern Irish only identity,4
22930,2021,E02002985,2021 super output areas - middle layer,152,Northern Irish and British only identity,2
22931,2021,E02002985,2021 super output areas - middle layer,152,Cornish only identity,1
22932,2021,E02002985,2021 super output areas - middle layer,152,Cornish and British only identity,1
22933,2021,E02002985,2021 super output areas - middle layer,152,Any other combination of only UK identities ,19
22934,2021,E02002985,2021 super output areas - middle layer,152,Irish only identity,26
22935,2021,E02002985,2021 super output areas - middle layer,152,Irish and at least one UK identity,7
22936,2021,E02002985,2021 super output areas - middle layer,152,Other identity only,252
22937,2021,E02002985,2021 super output areas - middle layer,152,Other identity and at least one UK identity,97
22938,2021,E02002985,2021 super output areas - middle layer,152,Non-UK identity only,278
22939,2021,E02002985,2021 super output areas - middle layer,152,UK identity and non-UK identity,104
22940,2021,E02002986,2021 super output areas - middle layer,152,Total: All usual residents,7035
22941,2021,E02002986,2021 super output areas - middle layer,152,British only identity,4003
22942,2021,E02002986,2021 super output areas - middle layer,152,English only identity,1174
22943,2021,E02002986,2021 super output areas - middle layer,152,English and British only identity,1304
22944,2021,E02002986,2021 super output areas - middle layer,152,Welsh only identity,55
22945,2021,E02002986,2021 super output areas - middle layer,152,Welsh and British only identity,19
22946,2021,E02002986,2021 super output areas - middle layer,152,Any other combination of only UK identities,71
22947,2021,E02002986,2021 super output areas - middle layer,152,Scottish only identity,22
22948,2021,E02002986,2021 super output areas - middle layer,152,Scottish and British only identity,14
22949,2021,E02002986,2021 super output areas - middle layer,152,Northern Irish only identity,9
22950,2021,E02002986,2021 super output areas - middle layer,152,Northern Irish and British only identity,5
22951,2021,E02002986,2021 super output areas - middle layer,152,Cornish only identity,3
22952,2021,E02002986,2021 super output areas - middle layer,152,Cornish and British only identity,0
22953,2021,E02002986,2021 super output areas - middle layer,152,Any other combination of only UK identities ,18
22954,2021,E02002986,2021 super output areas - middle layer,152,Irish only identity,14
22955,2021,E02002986,2021 super output areas - middle layer,152,Irish and at least one UK identity,3
22956,2021,E02002986,2021 super output areas - middle layer,152,Other identity only,304
22957,2021,E02002986,2021 super output areas - middle layer,152,Other identity and at least one UK identity,88
22958,2021,E02002986,2021 super output areas - middle layer,152,Non-UK identity only,318
22959,2021,E02002986,2021 super output areas - middle layer,152,UK identity and non-UK identity,91
22960,2021,E02002987,2021 super output areas - middle layer,152,Total: All usual residents,5772
22961,2021,E02002987,2021 super output areas - middle layer,152,British only identity,3292
22962,2021,E02002987,2021 super output areas - middle layer,152,English only identity,1016
22963,2021,E02002987,2021 super output areas - middle layer,152,English and British only identity,1046
22964,2021,E02002987,2021 super output areas - middle layer,152,Welsh only identity,65
22965,2021,E02002987,2021 super output areas - middle layer,152,Welsh and British only identity,16
22966,2021,E02002987,2021 super output areas - middle layer,152,Any other combination of only UK identities,62
22967,2021,E02002987,2021 super output areas - middle layer,152,Scottish only identity,24
22968,2021,E02002987,2021 super output areas - middle layer,152,Scottish and British only identity,11
22969,2021,E02002987,2021 super output areas - middle layer,152,Northern Irish only identity,5
22970,2021,E02002987,2021 super output areas - middle layer,152,Northern Irish and British only identity,2
22971,2021,E02002987,2021 super output areas - middle layer,152,Cornish only identity,4
22972,2021,E02002987,2021 super output areas - middle layer,152,Cornish and British only identity,0
22973,2021,E02002987,2021 super output areas - middle layer,152,Any other combination of only UK identities ,16
22974,2021,E02002987,2021 super output areas - middle layer,152,Irish only identity,23
22975,2021,E02002987,2021 super output areas - middle layer,152,Irish and at least one UK identity,3
22976,2021,E02002987,2021 super output areas - middle layer,152,Other identity only,184
22977,2021,E02002987,2021 super output areas - middle layer,152,Other identity and at least one UK identity,65
22978,2021,E02002987,2021 super output areas - middle layer,152,Non-UK identity only,207
22979,2021,E02002987,2021 super output areas - middle layer,152,UK identity and non-UK identity,68
22980,2021,E02002988,2021 super output areas - middle layer,152,Total: All usual residents,5576
22981,2021,E02002988,2021 super output areas - middle layer,152,British only identity,3305
22982,2021,E02002988,2021 super output areas - middle layer,152,English only identity,730
22983,2021,E02002988,2021 super output areas - middle layer,152,English and British only identity,694
22984,2021,E02002988,2021 super output areas - middle layer,152,Welsh only identity,63
22985,2021,E02002988,2021 super output areas - middle layer,152,Welsh and British only identity,20
22986,2021,E02002988,2021 super output areas - middle layer,152,Any other combination of only UK identities,86
22987,2021,E02002988,2021 super output areas - middle layer,152,Scottish only identity,35
22988,2021,E02002988,2021 super output areas - middle layer,152,Scottish and British only identity,21
22989,2021,E02002988,2021 super output areas - middle layer,152,Northern Irish only identity,3
22990,2021,E02002988,2021 super output areas - middle layer,152,Northern Irish and British only identity,4
22991,2021,E02002988,2021 super output areas - middle layer,152,Cornish only identity,3
22992,2021,E02002988,2021 super output areas - middle layer,152,Cornish and British only identity,0
22993,2021,E02002988,2021 super output areas - middle layer,152,Any other combination of only UK identities ,20
22994,2021,E02002988,2021 super output areas - middle layer,152,Irish only identity,34
22995,2021,E02002988,2021 super output areas - middle layer,152,Irish and at least one UK identity,15
22996,2021,E02002988,2021 super output areas - middle layer,152,Other identity only,457
22997,2021,E02002988,2021 super output areas - middle layer,152,Other identity and at least one UK identity,172
22998,2021,E02002988,2021 super output areas - middle layer,152,Non-UK identity only,491
22999,2021,E02002988,2021 super output areas - middle layer,152,UK identity and non-UK identity,187
23000,2021,E02002989,2021 super output areas - middle layer,152,Total: All usual residents,5547
23001,2021,E02002989,2021 super output areas - middle layer,152,British only identity,3113
23002,2021,E02002989,2021 super output areas - middle layer,152,English only identity,685
23003,2021,E02002989,2021 super output areas - middle layer,152,English and British only identity,823
23004,2021,E02002989,2021 super output areas - middle layer,152,Welsh only identity,53
23005,2021,E02002989,2021 super output areas - middle layer,152,Welsh and British only identity,31
23006,2021,E02002989,2021 super output areas - middle layer,152,Any other combination of only UK identities,69
23007,2021,E02002989,2021 super output areas - middle layer,152,Scottish only identity,20
23008,2021,E02002989,2021 super output areas - middle layer,152,Scottish and British only identity,18
23009,2021,E02002989,2021 super output areas - middle layer,152,Northern Irish only identity,7
23010,2021,E02002989,2021 super output areas - middle layer,152,Northern Irish and British only identity,4
23011,2021,E02002989,2021 super output areas - middle layer,152,Cornish only identity,2
23012,2021,E02002989,2021 super output areas - middle layer,152,Cornish and British only identity,0
23013,2021,E02002989,2021 super output areas - middle layer,152,Any other combination of only UK identities ,18
23014,2021,E02002989,2021 super output areas - middle layer,152,Irish only identity,20
23015,2021,E02002989,2021 super output areas - middle layer,152,Irish and at least one UK identity,12
23016,2021,E02002989,2021 super output areas - middle layer,152,Other identity only,562
23017,2021,E02002989,2021 super output areas - middle layer,152,Other identity and at least one UK identity,179
23018,2021,E02002989,2021 super output areas - middle layer,152,Non-UK identity only,582
23019,2021,E02002989,2021 super output areas - middle layer,152,UK identity and non-UK identity,191
23020,2021,E02002990,2021 super output areas - middle layer,152,Total: All usual residents,5858
23021,2021,E02002990,2021 super output areas - middle layer,152,British only identity,3239
23022,2021,E02002990,2021 super output areas - middle layer,152,English only identity,553
23023,2021,E02002990,2021 super output areas - middle layer,152,English and British only identity,767
23024,2021,E02002990,2021 super output areas - middle layer,152,Welsh only identity,53
23025,2021,E02002990,2021 super output areas - middle layer,152,Welsh and British only identity,36
23026,2021,E02002990,2021 super output areas - middle layer,152,Any other combination of only UK identities,101
23027,2021,E02002990,2021 super output areas - middle layer,152,Scottish only identity,33
23028,2021,E02002990,2021 super output areas - middle layer,152,Scottish and British only identity,16
23029,2021,E02002990,2021 super output areas - middle layer,152,Northern Irish only identity,9
23030,2021,E02002990,2021 super output areas - middle layer,152,Northern Irish and British only identity,5
23031,2021,E02002990,2021 super output areas - middle layer,152,Cornish only identity,4
23032,2021,E02002990,2021 super output areas - middle layer,152,Cornish and British only identity,1
23033,2021,E02002990,2021 super output areas - middle layer,152,Any other combination of only UK identities ,33
23034,2021,E02002990,2021 super output areas - middle layer,152,Irish only identity,36
23035,2021,E02002990,2021 super output areas - middle layer,152,Irish and at least one UK identity,13
23036,2021,E02002990,2021 super output areas - middle layer,152,Other identity only,814
23037,2021,E02002990,2021 super output areas - middle layer,152,Other identity and at least one UK identity,246
23038,2021,E02002990,2021 super output areas - middle layer,152,Non-UK identity only,850
23039,2021,E02002990,2021 super output areas - middle layer,152,UK identity and non-UK identity,259
23040,2021,E02002991,2021 super output areas - middle layer,152,Total: All usual residents,10997
23041,2021,E02002991,2021 super output areas - middle layer,152,British only identity,5744
23042,2021,E02002991,2021 super output areas - middle layer,152,English only identity,1115
23043,2021,E02002991,2021 super output areas - middle layer,152,English and British only identity,1355
23044,2021,E02002991,2021 super output areas - middle layer,152,Welsh only identity,147
23045,2021,E02002991,2021 super output areas - middle layer,152,Welsh and British only identity,79
23046,2021,E02002991,2021 super output areas - middle layer,152,Any other combination of only UK identities,202
23047,2021,E02002991,2021 super output areas - middle layer,152,Scottish only identity,63
23048,2021,E02002991,2021 super output areas - middle layer,152,Scottish and British only identity,47
23049,2021,E02002991,2021 super output areas - middle layer,152,Northern Irish only identity,17
23050,2021,E02002991,2021 super output areas - middle layer,152,Northern Irish and British only identity,15
23051,2021,E02002991,2021 super output areas - middle layer,152,Cornish only identity,4
23052,2021,E02002991,2021 super output areas - middle layer,152,Cornish and British only identity,3
23053,2021,E02002991,2021 super output areas - middle layer,152,Any other combination of only UK identities ,53
23054,2021,E02002991,2021 super output areas - middle layer,152,Irish only identity,78
23055,2021,E02002991,2021 super output areas - middle layer,152,Irish and at least one UK identity,18
23056,2021,E02002991,2021 super output areas - middle layer,152,Other identity only,1786
23057,2021,E02002991,2021 super output areas - middle layer,152,Other identity and at least one UK identity,473
23058,2021,E02002991,2021 super output areas - middle layer,152,Non-UK identity only,1864
23059,2021,E02002991,2021 super output areas - middle layer,152,UK identity and non-UK identity,491
23060,2021,E02002992,2021 super output areas - middle layer,152,Total: All usual residents,5730
23061,2021,E02002992,2021 super output areas - middle layer,152,British only identity,3206
23062,2021,E02002992,2021 super output areas - middle layer,152,English only identity,707
23063,2021,E02002992,2021 super output areas - middle layer,152,English and British only identity,901
23064,2021,E02002992,2021 super output areas - middle layer,152,Welsh only identity,51
23065,2021,E02002992,2021 super output areas - middle layer,152,Welsh and British only identity,26
23066,2021,E02002992,2021 super output areas - middle layer,152,Any other combination of only UK identities,100
23067,2021,E02002992,2021 super output areas - middle layer,152,Scottish only identity,26
23068,2021,E02002992,2021 super output areas - middle layer,152,Scottish and British only identity,28
23069,2021,E02002992,2021 super output areas - middle layer,152,Northern Irish only identity,8
23070,2021,E02002992,2021 super output areas - middle layer,152,Northern Irish and British only identity,6
23071,2021,E02002992,2021 super output areas - middle layer,152,Cornish only identity,5
23072,2021,E02002992,2021 super output areas - middle layer,152,Cornish and British only identity,1
23073,2021,E02002992,2021 super output areas - middle layer,152,Any other combination of only UK identities ,26
23074,2021,E02002992,2021 super output areas - middle layer,152,Irish only identity,32
23075,2021,E02002992,2021 super output areas - middle layer,152,Irish and at least one UK identity,22
23076,2021,E02002992,2021 super output areas - middle layer,152,Other identity only,493
23077,2021,E02002992,2021 super output areas - middle layer,152,Other identity and at least one UK identity,192
23078,2021,E02002992,2021 super output areas - middle layer,152,Non-UK identity only,525
23079,2021,E02002992,2021 super output areas - middle layer,152,UK identity and non-UK identity,214
23080,2021,E02002993,2021 super output areas - middle layer,152,Total: All usual residents,6036
23081,2021,E02002993,2021 super output areas - middle layer,152,British only identity,3111
23082,2021,E02002993,2021 super output areas - middle layer,152,English only identity,591
23083,2021,E02002993,2021 super output areas - middle layer,152,English and British only identity,854
23084,2021,E02002993,2021 super output areas - middle layer,152,Welsh only identity,93
23085,2021,E02002993,2021 super output areas - middle layer,152,Welsh and British only identity,41
23086,2021,E02002993,2021 super output areas - middle layer,152,Any other combination of only UK identities,102
23087,2021,E02002993,2021 super output areas - middle layer,152,Scottish only identity,28
23088,2021,E02002993,2021 super output areas - middle layer,152,Scottish and British only identity,15
23089,2021,E02002993,2021 super output areas - middle layer,152,Northern Irish only identity,13
23090,2021,E02002993,2021 super output areas - middle layer,152,Northern Irish and British only identity,15
23091,2021,E02002993,2021 super output areas - middle layer,152,Cornish only identity,3
23092,2021,E02002993,2021 super output areas - middle layer,152,Cornish and British only identity,0
23093,2021,E02002993,2021 super output areas - middle layer,152,Any other combination of only UK identities ,28
23094,2021,E02002993,2021 super output areas - middle layer,152,Irish only identity,36
23095,2021,E02002993,2021 super output areas - middle layer,152,Irish and at least one UK identity,13
23096,2021,E02002993,2021 super output areas - middle layer,152,Other identity only,963
23097,2021,E02002993,2021 super output areas - middle layer,152,Other identity and at least one UK identity,232
23098,2021,E02002993,2021 super output areas - middle layer,152,Non-UK identity only,999
23099,2021,E02002993,2021 super output areas - middle layer,152,UK identity and non-UK identity,245
23100,2021,E02002994,2021 super output areas - middle layer,152,Total: All usual residents,10556
23101,2021,E02002994,2021 super output areas - middle layer,152,British only identity,6390
23102,2021,E02002994,2021 super output areas - middle layer,152,English only identity,1452
23103,2021,E02002994,2021 super output areas - middle layer,152,English and British only identity,1566
23104,2021,E02002994,2021 super output areas - middle layer,152,Welsh only identity,96
23105,2021,E02002994,2021 super output areas - middle layer,152,Welsh and British only identity,52
23106,2021,E02002994,2021 super output areas - middle layer,152,Any other combination of only UK identities,179
23107,2021,E02002994,2021 super output areas - middle layer,152,Scottish only identity,56
23108,2021,E02002994,2021 super output areas - middle layer,152,Scottish and British only identity,55
23109,2021,E02002994,2021 super output areas - middle layer,152,Northern Irish only identity,12
23110,2021,E02002994,2021 super output areas - middle layer,152,Northern Irish and British only identity,9
23111,2021,E02002994,2021 super output areas - middle layer,152,Cornish only identity,5
23112,2021,E02002994,2021 super output areas - middle layer,152,Cornish and British only identity,0
23113,2021,E02002994,2021 super output areas - middle layer,152,Any other combination of only UK identities ,42
23114,2021,E02002994,2021 super output areas - middle layer,152,Irish only identity,59
23115,2021,E02002994,2021 super output areas - middle layer,152,Irish and at least one UK identity,14
23116,2021,E02002994,2021 super output areas - middle layer,152,Other identity only,512
23117,2021,E02002994,2021 super output areas - middle layer,152,Other identity and at least one UK identity,236
23118,2021,E02002994,2021 super output areas - middle layer,152,Non-UK identity only,571
23119,2021,E02002994,2021 super output areas - middle layer,152,UK identity and non-UK identity,250
23120,2021,E02002995,2021 super output areas - middle layer,152,Total: All usual residents,5789
23121,2021,E02002995,2021 super output areas - middle layer,152,British only identity,3204
23122,2021,E02002995,2021 super output areas - middle layer,152,English only identity,757
23123,2021,E02002995,2021 super output areas - middle layer,152,English and British only identity,1083
23124,2021,E02002995,2021 super output areas - middle layer,152,Welsh only identity,49
23125,2021,E02002995,2021 super output areas - middle layer,152,Welsh and British only identity,16
23126,2021,E02002995,2021 super output areas - middle layer,152,Any other combination of only UK identities,44
23127,2021,E02002995,2021 super output areas - middle layer,152,Scottish only identity,11
23128,2021,E02002995,2021 super output areas - middle layer,152,Scottish and British only identity,3
23129,2021,E02002995,2021 super output areas - middle layer,152,Northern Irish only identity,10
23130,2021,E02002995,2021 super output areas - middle layer,152,Northern Irish and British only identity,1
23131,2021,E02002995,2021 super output areas - middle layer,152,Cornish only identity,2
23132,2021,E02002995,2021 super output areas - middle layer,152,Cornish and British only identity,0
23133,2021,E02002995,2021 super output areas - middle layer,152,Any other combination of only UK identities ,17
23134,2021,E02002995,2021 super output areas - middle layer,152,Irish only identity,17
23135,2021,E02002995,2021 super output areas - middle layer,152,Irish and at least one UK identity,8
23136,2021,E02002995,2021 super output areas - middle layer,152,Other identity only,521
23137,2021,E02002995,2021 super output areas - middle layer,152,Other identity and at least one UK identity,90
23138,2021,E02002995,2021 super output areas - middle layer,152,Non-UK identity only,538
23139,2021,E02002995,2021 super output areas - middle layer,152,UK identity and non-UK identity,98
23140,2021,E02002996,2021 super output areas - middle layer,152,Total: All usual residents,11774
23141,2021,E02002996,2021 super output areas - middle layer,152,British only identity,5734
23142,2021,E02002996,2021 super output areas - middle layer,152,English only identity,1164
23143,2021,E02002996,2021 super output areas - middle layer,152,English and British only identity,2022
23144,2021,E02002996,2021 super output areas - middle layer,152,Welsh only identity,165
23145,2021,E02002996,2021 super output areas - middle layer,152,Welsh and British only identity,77
23146,2021,E02002996,2021 super output areas - middle layer,152,Any other combination of only UK identities,244
23147,2021,E02002996,2021 super output areas - middle layer,152,Scottish only identity,61
23148,2021,E02002996,2021 super output areas - middle layer,152,Scottish and British only identity,46
23149,2021,E02002996,2021 super output areas - middle layer,152,Northern Irish only identity,43
23150,2021,E02002996,2021 super output areas - middle layer,152,Northern Irish and British only identity,16
23151,2021,E02002996,2021 super output areas - middle layer,152,Cornish only identity,12
23152,2021,E02002996,2021 super output areas - middle layer,152,Cornish and British only identity,0
23153,2021,E02002996,2021 super output areas - middle layer,152,Any other combination of only UK identities ,66
23154,2021,E02002996,2021 super output areas - middle layer,152,Irish only identity,89
23155,2021,E02002996,2021 super output areas - middle layer,152,Irish and at least one UK identity,35
23156,2021,E02002996,2021 super output areas - middle layer,152,Other identity only,1706
23157,2021,E02002996,2021 super output areas - middle layer,152,Other identity and at least one UK identity,538
23158,2021,E02002996,2021 super output areas - middle layer,152,Non-UK identity only,1795
23159,2021,E02002996,2021 super output areas - middle layer,152,UK identity and non-UK identity,573
23160,2021,E02002997,2021 super output areas - middle layer,152,Total: All usual residents,8328
23161,2021,E02002997,2021 super output areas - middle layer,152,British only identity,4325
23162,2021,E02002997,2021 super output areas - middle layer,152,English only identity,844
23163,2021,E02002997,2021 super output areas - middle layer,152,English and British only identity,1440
23164,2021,E02002997,2021 super output areas - middle layer,152,Welsh only identity,195
23165,2021,E02002997,2021 super output areas - middle layer,152,Welsh and British only identity,80
23166,2021,E02002997,2021 super output areas - middle layer,152,Any other combination of only UK identities,149
23167,2021,E02002997,2021 super output areas - middle layer,152,Scottish only identity,31
23168,2021,E02002997,2021 super output areas - middle layer,152,Scottish and British only identity,20
23169,2021,E02002997,2021 super output areas - middle layer,152,Northern Irish only identity,22
23170,2021,E02002997,2021 super output areas - middle layer,152,Northern Irish and British only identity,10
23171,2021,E02002997,2021 super output areas - middle layer,152,Cornish only identity,4
23172,2021,E02002997,2021 super output areas - middle layer,152,Cornish and British only identity,1
23173,2021,E02002997,2021 super output areas - middle layer,152,Any other combination of only UK identities ,61
23174,2021,E02002997,2021 super output areas - middle layer,152,Irish only identity,35
23175,2021,E02002997,2021 super output areas - middle layer,152,Irish and at least one UK identity,22
23176,2021,E02002997,2021 super output areas - middle layer,152,Other identity only,974
23177,2021,E02002997,2021 super output areas - middle layer,152,Other identity and at least one UK identity,264
23178,2021,E02002997,2021 super output areas - middle layer,152,Non-UK identity only,1009
23179,2021,E02002997,2021 super output areas - middle layer,152,UK identity and non-UK identity,286
23180,2021,E02002998,2021 super output areas - middle layer,152,Total: All usual residents,5979
23181,2021,E02002998,2021 super output areas - middle layer,152,British only identity,3226
23182,2021,E02002998,2021 super output areas - middle layer,152,English only identity,735
23183,2021,E02002998,2021 super output areas - middle layer,152,English and British only identity,1023
23184,2021,E02002998,2021 super output areas - middle layer,152,Welsh only identity,111
23185,2021,E02002998,2021 super output areas - middle layer,152,Welsh and British only identity,46
23186,2021,E02002998,2021 super output areas - middle layer,152,Any other combination of only UK identities,119
23187,2021,E02002998,2021 super output areas - middle layer,152,Scottish only identity,28
23188,2021,E02002998,2021 super output areas - middle layer,152,Scottish and British only identity,22
23189,2021,E02002998,2021 super output areas - middle layer,152,Northern Irish only identity,16
23190,2021,E02002998,2021 super output areas - middle layer,152,Northern Irish and British only identity,12
23191,2021,E02002998,2021 super output areas - middle layer,152,Cornish only identity,6
23192,2021,E02002998,2021 super output areas - middle layer,152,Cornish and British only identity,1
23193,2021,E02002998,2021 super output areas - middle layer,152,Any other combination of only UK identities ,34
23194,2021,E02002998,2021 super output areas - middle layer,152,Irish only identity,30
23195,2021,E02002998,2021 super output areas - middle layer,152,Irish and at least one UK identity,18
23196,2021,E02002998,2021 super output areas - middle layer,152,Other identity only,489
23197,2021,E02002998,2021 super output areas - middle layer,152,Other identity and at least one UK identity,182
23198,2021,E02002998,2021 super output areas - middle layer,152,Non-UK identity only,519
23199,2021,E02002998,2021 super output areas - middle layer,152,UK identity and non-UK identity,200
23200,2021,E02002999,2021 super output areas - middle layer,152,Total: All usual residents,5637
23201,2021,E02002999,2021 super output areas - middle layer,152,British only identity,3211
23202,2021,E02002999,2021 super output areas - middle layer,152,English only identity,889
23203,2021,E02002999,2021 super output areas - middle layer,152,English and British only identity,895
23204,2021,E02002999,2021 super output areas - middle layer,152,Welsh only identity,61
23205,2021,E02002999,2021 super output areas - middle layer,152,Welsh and British only identity,12
23206,2021,E02002999,2021 super output areas - middle layer,152,Any other combination of only UK identities,55
23207,2021,E02002999,2021 super output areas - middle layer,152,Scottish only identity,17
23208,2021,E02002999,2021 super output areas - middle layer,152,Scottish and British only identity,5
23209,2021,E02002999,2021 super output areas - middle layer,152,Northern Irish only identity,9
23210,2021,E02002999,2021 super output areas - middle layer,152,Northern Irish and British only identity,7
23211,2021,E02002999,2021 super output areas - middle layer,152,Cornish only identity,1
23212,2021,E02002999,2021 super output areas - middle layer,152,Cornish and British only identity,1
23213,2021,E02002999,2021 super output areas - middle layer,152,Any other combination of only UK identities ,15
23214,2021,E02002999,2021 super output areas - middle layer,152,Irish only identity,14
23215,2021,E02002999,2021 super output areas - middle layer,152,Irish and at least one UK identity,5
23216,2021,E02002999,2021 super output areas - middle layer,152,Other identity only,392
23217,2021,E02002999,2021 super output areas - middle layer,152,Other identity and at least one UK identity,103
23218,2021,E02002999,2021 super output areas - middle layer,152,Non-UK identity only,406
23219,2021,E02002999,2021 super output areas - middle layer,152,UK identity and non-UK identity,108
23220,2021,E02003000,2021 super output areas - middle layer,152,Total: All usual residents,9573
23221,2021,E02003000,2021 super output areas - middle layer,152,British only identity,5623
23222,2021,E02003000,2021 super output areas - middle layer,152,English only identity,1661
23223,2021,E02003000,2021 super output areas - middle layer,152,English and British only identity,1526
23224,2021,E02003000,2021 super output areas - middle layer,152,Welsh only identity,108
23225,2021,E02003000,2021 super output areas - middle layer,152,Welsh and British only identity,44
23226,2021,E02003000,2021 super output areas - middle layer,152,Any other combination of only UK identities,138
23227,2021,E02003000,2021 super output areas - middle layer,152,Scottish only identity,38
23228,2021,E02003000,2021 super output areas - middle layer,152,Scottish and British only identity,32
23229,2021,E02003000,2021 super output areas - middle layer,152,Northern Irish only identity,23
23230,2021,E02003000,2021 super output areas - middle layer,152,Northern Irish and British only identity,7
23231,2021,E02003000,2021 super output areas - middle layer,152,Cornish only identity,5
23232,2021,E02003000,2021 super output areas - middle layer,152,Cornish and British only identity,1
23233,2021,E02003000,2021 super output areas - middle layer,152,Any other combination of only UK identities ,32
23234,2021,E02003000,2021 super output areas - middle layer,152,Irish only identity,28
23235,2021,E02003000,2021 super output areas - middle layer,152,Irish and at least one UK identity,7
23236,2021,E02003000,2021 super output areas - middle layer,152,Other identity only,295
23237,2021,E02003000,2021 super output areas - middle layer,152,Other identity and at least one UK identity,143
23238,2021,E02003000,2021 super output areas - middle layer,152,Non-UK identity only,323
23239,2021,E02003000,2021 super output areas - middle layer,152,UK identity and non-UK identity,150
23240,2021,E02003001,2021 super output areas - middle layer,152,Total: All usual residents,5544
23241,2021,E02003001,2021 super output areas - middle layer,152,British only identity,3369
23242,2021,E02003001,2021 super output areas - middle layer,152,English only identity,620
23243,2021,E02003001,2021 super output areas - middle layer,152,English and British only identity,804
23244,2021,E02003001,2021 super output areas - middle layer,152,Welsh only identity,55
23245,2021,E02003001,2021 super output areas - middle layer,152,Welsh and British only identity,32
23246,2021,E02003001,2021 super output areas - middle layer,152,Any other combination of only UK identities,100
23247,2021,E02003001,2021 super output areas - middle layer,152,Scottish only identity,30
23248,2021,E02003001,2021 super output areas - middle layer,152,Scottish and British only identity,22
23249,2021,E02003001,2021 super output areas - middle layer,152,Northern Irish only identity,7
23250,2021,E02003001,2021 super output areas - middle layer,152,Northern Irish and British only identity,6
23251,2021,E02003001,2021 super output areas - middle layer,152,Cornish only identity,5
23252,2021,E02003001,2021 super output areas - middle layer,152,Cornish and British only identity,0
23253,2021,E02003001,2021 super output areas - middle layer,152,Any other combination of only UK identities ,30
23254,2021,E02003001,2021 super output areas - middle layer,152,Irish only identity,32
23255,2021,E02003001,2021 super output areas - middle layer,152,Irish and at least one UK identity,14
23256,2021,E02003001,2021 super output areas - middle layer,152,Other identity only,349
23257,2021,E02003001,2021 super output areas - middle layer,152,Other identity and at least one UK identity,169
23258,2021,E02003001,2021 super output areas - middle layer,152,Non-UK identity only,381
23259,2021,E02003001,2021 super output areas - middle layer,152,UK identity and non-UK identity,183
23260,2021,E02003002,2021 super output areas - middle layer,152,Total: All usual residents,6327
23261,2021,E02003002,2021 super output areas - middle layer,152,British only identity,3682
23262,2021,E02003002,2021 super output areas - middle layer,152,English only identity,791
23263,2021,E02003002,2021 super output areas - middle layer,152,English and British only identity,952
23264,2021,E02003002,2021 super output areas - middle layer,152,Welsh only identity,80
23265,2021,E02003002,2021 super output areas - middle layer,152,Welsh and British only identity,23
23266,2021,E02003002,2021 super output areas - middle layer,152,Any other combination of only UK identities,80
23267,2021,E02003002,2021 super output areas - middle layer,152,Scottish only identity,31
23268,2021,E02003002,2021 super output areas - middle layer,152,Scottish and British only identity,13
23269,2021,E02003002,2021 super output areas - middle layer,152,Northern Irish only identity,8
23270,2021,E02003002,2021 super output areas - middle layer,152,Northern Irish and British only identity,3
23271,2021,E02003002,2021 super output areas - middle layer,152,Cornish only identity,6
23272,2021,E02003002,2021 super output areas - middle layer,152,Cornish and British only identity,0
23273,2021,E02003002,2021 super output areas - middle layer,152,Any other combination of only UK identities ,19
23274,2021,E02003002,2021 super output areas - middle layer,152,Irish only identity,28
23275,2021,E02003002,2021 super output areas - middle layer,152,Irish and at least one UK identity,11
23276,2021,E02003002,2021 super output areas - middle layer,152,Other identity only,504
23277,2021,E02003002,2021 super output areas - middle layer,152,Other identity and at least one UK identity,176
23278,2021,E02003002,2021 super output areas - middle layer,152,Non-UK identity only,532
23279,2021,E02003002,2021 super output areas - middle layer,152,UK identity and non-UK identity,187
23280,2021,E02003003,2021 super output areas - middle layer,152,Total: All usual residents,5923
23281,2021,E02003003,2021 super output areas - middle layer,152,British only identity,3262
23282,2021,E02003003,2021 super output areas - middle layer,152,English only identity,838
23283,2021,E02003003,2021 super output areas - middle layer,152,English and British only identity,963
23284,2021,E02003003,2021 super output areas - middle layer,152,Welsh only identity,51
23285,2021,E02003003,2021 super output areas - middle layer,152,Welsh and British only identity,22
23286,2021,E02003003,2021 super output areas - middle layer,152,Any other combination of only UK identities,47
23287,2021,E02003003,2021 super output areas - middle layer,152,Scottish only identity,11
23288,2021,E02003003,2021 super output areas - middle layer,152,Scottish and British only identity,11
23289,2021,E02003003,2021 super output areas - middle layer,152,Northern Irish only identity,7
23290,2021,E02003003,2021 super output areas - middle layer,152,Northern Irish and British only identity,3
23291,2021,E02003003,2021 super output areas - middle layer,152,Cornish only identity,2
23292,2021,E02003003,2021 super output areas - middle layer,152,Cornish and British only identity,0
23293,2021,E02003003,2021 super output areas - middle layer,152,Any other combination of only UK identities ,13
23294,2021,E02003003,2021 super output areas - middle layer,152,Irish only identity,28
23295,2021,E02003003,2021 super output areas - middle layer,152,Irish and at least one UK identity,8
23296,2021,E02003003,2021 super output areas - middle layer,152,Other identity only,546
23297,2021,E02003003,2021 super output areas - middle layer,152,Other identity and at least one UK identity,158
23298,2021,E02003003,2021 super output areas - middle layer,152,Non-UK identity only,574
23299,2021,E02003003,2021 super output areas - middle layer,152,UK identity and non-UK identity,166
23300,2021,E02003004,2021 super output areas - middle layer,152,Total: All usual residents,7384
23301,2021,E02003004,2021 super output areas - middle layer,152,British only identity,4289
23302,2021,E02003004,2021 super output areas - middle layer,152,English only identity,1248
23303,2021,E02003004,2021 super output areas - middle layer,152,English and British only identity,1368
23304,2021,E02003004,2021 super output areas - middle layer,152,Welsh only identity,57
23305,2021,E02003004,2021 super output areas - middle layer,152,Welsh and British only identity,36
23306,2021,E02003004,2021 super output areas - middle layer,152,Any other combination of only UK identities,54
23307,2021,E02003004,2021 super output areas - middle layer,152,Scottish only identity,13
23308,2021,E02003004,2021 super output areas - middle layer,152,Scottish and British only identity,8
23309,2021,E02003004,2021 super output areas - middle layer,152,Northern Irish only identity,7
23310,2021,E02003004,2021 super output areas - middle layer,152,Northern Irish and British only identity,5
23311,2021,E02003004,2021 super output areas - middle layer,152,Cornish only identity,1
23312,2021,E02003004,2021 super output areas - middle layer,152,Cornish and British only identity,0
23313,2021,E02003004,2021 super output areas - middle layer,152,Any other combination of only UK identities ,20
23314,2021,E02003004,2021 super output areas - middle layer,152,Irish only identity,15
23315,2021,E02003004,2021 super output areas - middle layer,152,Irish and at least one UK identity,6
23316,2021,E02003004,2021 super output areas - middle layer,152,Other identity only,231
23317,2021,E02003004,2021 super output areas - middle layer,152,Other identity and at least one UK identity,80
23318,2021,E02003004,2021 super output areas - middle layer,152,Non-UK identity only,246
23319,2021,E02003004,2021 super output areas - middle layer,152,UK identity and non-UK identity,86
23320,2021,E02003005,2021 super output areas - middle layer,152,Total: All usual residents,6768
23321,2021,E02003005,2021 super output areas - middle layer,152,British only identity,4258
23322,2021,E02003005,2021 super output areas - middle layer,152,English only identity,993
23323,2021,E02003005,2021 super output areas - middle layer,152,English and British only identity,1074
23324,2021,E02003005,2021 super output areas - middle layer,152,Welsh only identity,60
23325,2021,E02003005,2021 super output areas - middle layer,152,Welsh and British only identity,24
23326,2021,E02003005,2021 super output areas - middle layer,152,Any other combination of only UK identities,77
23327,2021,E02003005,2021 super output areas - middle layer,152,Scottish only identity,26
23328,2021,E02003005,2021 super output areas - middle layer,152,Scottish and British only identity,13
23329,2021,E02003005,2021 super output areas - middle layer,152,Northern Irish only identity,12
23330,2021,E02003005,2021 super output areas - middle layer,152,Northern Irish and British only identity,5
23331,2021,E02003005,2021 super output areas - middle layer,152,Cornish only identity,4
23332,2021,E02003005,2021 super output areas - middle layer,152,Cornish and British only identity,1
23333,2021,E02003005,2021 super output areas - middle layer,152,Any other combination of only UK identities ,16
23334,2021,E02003005,2021 super output areas - middle layer,152,Irish only identity,18
23335,2021,E02003005,2021 super output areas - middle layer,152,Irish and at least one UK identity,12
23336,2021,E02003005,2021 super output areas - middle layer,152,Other identity only,149
23337,2021,E02003005,2021 super output areas - middle layer,152,Other identity and at least one UK identity,103
23338,2021,E02003005,2021 super output areas - middle layer,152,Non-UK identity only,167
23339,2021,E02003005,2021 super output areas - middle layer,152,UK identity and non-UK identity,115
23340,2021,E02003006,2021 super output areas - middle layer,152,Total: All usual residents,10003
23341,2021,E02003006,2021 super output areas - middle layer,152,British only identity,5666
23342,2021,E02003006,2021 super output areas - middle layer,152,English only identity,1575
23343,2021,E02003006,2021 super output areas - middle layer,152,English and British only identity,1818
23344,2021,E02003006,2021 super output areas - middle layer,152,Welsh only identity,137
23345,2021,E02003006,2021 super output areas - middle layer,152,Welsh and British only identity,43
23346,2021,E02003006,2021 super output areas - middle layer,152,Any other combination of only UK identities,132
23347,2021,E02003006,2021 super output areas - middle layer,152,Scottish only identity,36
23348,2021,E02003006,2021 super output areas - middle layer,152,Scottish and British only identity,17
23349,2021,E02003006,2021 super output areas - middle layer,152,Northern Irish only identity,17
23350,2021,E02003006,2021 super output areas - middle layer,152,Northern Irish and British only identity,4
23351,2021,E02003006,2021 super output areas - middle layer,152,Cornish only identity,15
23352,2021,E02003006,2021 super output areas - middle layer,152,Cornish and British only identity,5
23353,2021,E02003006,2021 super output areas - middle layer,152,Any other combination of only UK identities ,38
23354,2021,E02003006,2021 super output areas - middle layer,152,Irish only identity,26
23355,2021,E02003006,2021 super output areas - middle layer,152,Irish and at least one UK identity,13
23356,2021,E02003006,2021 super output areas - middle layer,152,Other identity only,452
23357,2021,E02003006,2021 super output areas - middle layer,152,Other identity and at least one UK identity,141
23358,2021,E02003006,2021 super output areas - middle layer,152,Non-UK identity only,478
23359,2021,E02003006,2021 super output areas - middle layer,152,UK identity and non-UK identity,154
23360,2021,E02003007,2021 super output areas - middle layer,152,Total: All usual residents,9591
23361,2021,E02003007,2021 super output areas - middle layer,152,British only identity,5492
23362,2021,E02003007,2021 super output areas - middle layer,152,English only identity,1786
23363,2021,E02003007,2021 super output areas - middle layer,152,English and British only identity,1829
23364,2021,E02003007,2021 super output areas - middle layer,152,Welsh only identity,40
23365,2021,E02003007,2021 super output areas - middle layer,152,Welsh and British only identity,23
23366,2021,E02003007,2021 super output areas - middle layer,152,Any other combination of only UK identities,66
23367,2021,E02003007,2021 super output areas - middle layer,152,Scottish only identity,21
23368,2021,E02003007,2021 super output areas - middle layer,152,Scottish and British only identity,6
23369,2021,E02003007,2021 super output areas - middle layer,152,Northern Irish only identity,6
23370,2021,E02003007,2021 super output areas - middle layer,152,Northern Irish and British only identity,4
23371,2021,E02003007,2021 super output areas - middle layer,152,Cornish only identity,6
23372,2021,E02003007,2021 super output areas - middle layer,152,Cornish and British only identity,0
23373,2021,E02003007,2021 super output areas - middle layer,152,Any other combination of only UK identities ,23
23374,2021,E02003007,2021 super output areas - middle layer,152,Irish only identity,15
23375,2021,E02003007,2021 super output areas - middle layer,152,Irish and at least one UK identity,2
23376,2021,E02003007,2021 super output areas - middle layer,152,Other identity only,240
23377,2021,E02003007,2021 super output areas - middle layer,152,Other identity and at least one UK identity,98
23378,2021,E02003007,2021 super output areas - middle layer,152,Non-UK identity only,255
23379,2021,E02003007,2021 super output areas - middle layer,152,UK identity and non-UK identity,100
23380,2021,E02003008,2021 super output areas - middle layer,152,Total: All usual residents,6150
23381,2021,E02003008,2021 super output areas - middle layer,152,British only identity,3547
23382,2021,E02003008,2021 super output areas - middle layer,152,English only identity,992
23383,2021,E02003008,2021 super output areas - middle layer,152,English and British only identity,1229
23384,2021,E02003008,2021 super output areas - middle layer,152,Welsh only identity,35
23385,2021,E02003008,2021 super output areas - middle layer,152,Welsh and British only identity,25
23386,2021,E02003008,2021 super output areas - middle layer,152,Any other combination of only UK identities,36
23387,2021,E02003008,2021 super output areas - middle layer,152,Scottish only identity,15
23388,2021,E02003008,2021 super output areas - middle layer,152,Scottish and British only identity,4
23389,2021,E02003008,2021 super output areas - middle layer,152,Northern Irish only identity,4
23390,2021,E02003008,2021 super output areas - middle layer,152,Northern Irish and British only identity,0
23391,2021,E02003008,2021 super output areas - middle layer,152,Cornish only identity,5
23392,2021,E02003008,2021 super output areas - middle layer,152,Cornish and British only identity,0
23393,2021,E02003008,2021 super output areas - middle layer,152,Any other combination of only UK identities ,8
23394,2021,E02003008,2021 super output areas - middle layer,152,Irish only identity,12
23395,2021,E02003008,2021 super output areas - middle layer,152,Irish and at least one UK identity,5
23396,2021,E02003008,2021 super output areas - middle layer,152,Other identity only,205
23397,2021,E02003008,2021 super output areas - middle layer,152,Other identity and at least one UK identity,64
23398,2021,E02003008,2021 super output areas - middle layer,152,Non-UK identity only,217
23399,2021,E02003008,2021 super output areas - middle layer,152,UK identity and non-UK identity,69
23400,2021,E02003009,2021 super output areas - middle layer,152,Total: All usual residents,6212
23401,2021,E02003009,2021 super output areas - middle layer,152,British only identity,3695
23402,2021,E02003009,2021 super output areas - middle layer,152,English only identity,1109
23403,2021,E02003009,2021 super output areas - middle layer,152,English and British only identity,1122
23404,2021,E02003009,2021 super output areas - middle layer,152,Welsh only identity,32
23405,2021,E02003009,2021 super output areas - middle layer,152,Welsh and British only identity,12
23406,2021,E02003009,2021 super output areas - middle layer,152,Any other combination of only UK identities,55
23407,2021,E02003009,2021 super output areas - middle layer,152,Scottish only identity,22
23408,2021,E02003009,2021 super output areas - middle layer,152,Scottish and British only identity,8
23409,2021,E02003009,2021 super output areas - middle layer,152,Northern Irish only identity,4
23410,2021,E02003009,2021 super output areas - middle layer,152,Northern Irish and British only identity,5
23411,2021,E02003009,2021 super output areas - middle layer,152,Cornish only identity,2
23412,2021,E02003009,2021 super output areas - middle layer,152,Cornish and British only identity,0
23413,2021,E02003009,2021 super output areas - middle layer,152,Any other combination of only UK identities ,14
23414,2021,E02003009,2021 super output areas - middle layer,152,Irish only identity,9
23415,2021,E02003009,2021 super output areas - middle layer,152,Irish and at least one UK identity,2
23416,2021,E02003009,2021 super output areas - middle layer,152,Other identity only,129
23417,2021,E02003009,2021 super output areas - middle layer,152,Other identity and at least one UK identity,47
23418,2021,E02003009,2021 super output areas - middle layer,152,Non-UK identity only,138
23419,2021,E02003009,2021 super output areas - middle layer,152,UK identity and non-UK identity,49
23420,2021,E02003010,2021 super output areas - middle layer,152,Total: All usual residents,6541
23421,2021,E02003010,2021 super output areas - middle layer,152,British only identity,3658
23422,2021,E02003010,2021 super output areas - middle layer,152,English only identity,1189
23423,2021,E02003010,2021 super output areas - middle layer,152,English and British only identity,1352
23424,2021,E02003010,2021 super output areas - middle layer,152,Welsh only identity,22
23425,2021,E02003010,2021 super output areas - middle layer,152,Welsh and British only identity,8
23426,2021,E02003010,2021 super output areas - middle layer,152,Any other combination of only UK identities,42
23427,2021,E02003010,2021 super output areas - middle layer,152,Scottish only identity,8
23428,2021,E02003010,2021 super output areas - middle layer,152,Scottish and British only identity,8
23429,2021,E02003010,2021 super output areas - middle layer,152,Northern Irish only identity,2
23430,2021,E02003010,2021 super output areas - middle layer,152,Northern Irish and British only identity,1
23431,2021,E02003010,2021 super output areas - middle layer,152,Cornish only identity,7
23432,2021,E02003010,2021 super output areas - middle layer,152,Cornish and British only identity,1
23433,2021,E02003010,2021 super output areas - middle layer,152,Any other combination of only UK identities ,15
23434,2021,E02003010,2021 super output areas - middle layer,152,Irish only identity,6
23435,2021,E02003010,2021 super output areas - middle layer,152,Irish and at least one UK identity,7
23436,2021,E02003010,2021 super output areas - middle layer,152,Other identity only,200
23437,2021,E02003010,2021 super output areas - middle layer,152,Other identity and at least one UK identity,57
23438,2021,E02003010,2021 super output areas - middle layer,152,Non-UK identity only,206
23439,2021,E02003010,2021 super output areas - middle layer,152,UK identity and non-UK identity,64
23440,2021,E02003011,2021 super output areas - middle layer,152,Total: All usual residents,5977
23441,2021,E02003011,2021 super output areas - middle layer,152,British only identity,3323
23442,2021,E02003011,2021 super output areas - middle layer,152,English only identity,1171
23443,2021,E02003011,2021 super output areas - middle layer,152,English and British only identity,1219
23444,2021,E02003011,2021 super output areas - middle layer,152,Welsh only identity,38
23445,2021,E02003011,2021 super output areas - middle layer,152,Welsh and British only identity,13
23446,2021,E02003011,2021 super output areas - middle layer,152,Any other combination of only UK identities,44
23447,2021,E02003011,2021 super output areas - middle layer,152,Scottish only identity,12
23448,2021,E02003011,2021 super output areas - middle layer,152,Scottish and British only identity,10
23449,2021,E02003011,2021 super output areas - middle layer,152,Northern Irish only identity,7
23450,2021,E02003011,2021 super output areas - middle layer,152,Northern Irish and British only identity,5
23451,2021,E02003011,2021 super output areas - middle layer,152,Cornish only identity,2
23452,2021,E02003011,2021 super output areas - middle layer,152,Cornish and British only identity,0
23453,2021,E02003011,2021 super output areas - middle layer,152,Any other combination of only UK identities ,8
23454,2021,E02003011,2021 super output areas - middle layer,152,Irish only identity,16
23455,2021,E02003011,2021 super output areas - middle layer,152,Irish and at least one UK identity,1
23456,2021,E02003011,2021 super output areas - middle layer,152,Other identity only,119
23457,2021,E02003011,2021 super output areas - middle layer,152,Other identity and at least one UK identity,33
23458,2021,E02003011,2021 super output areas - middle layer,152,Non-UK identity only,135
23459,2021,E02003011,2021 super output areas - middle layer,152,UK identity and non-UK identity,34
23460,2021,E02003012,2021 super output areas - middle layer,152,Total: All usual residents,12095
23461,2021,E02003012,2021 super output areas - middle layer,152,British only identity,6628
23462,2021,E02003012,2021 super output areas - middle layer,152,English only identity,1577
23463,2021,E02003012,2021 super output areas - middle layer,152,English and British only identity,1814
23464,2021,E02003012,2021 super output areas - middle layer,152,Welsh only identity,71
23465,2021,E02003012,2021 super output areas - middle layer,152,Welsh and British only identity,50
23466,2021,E02003012,2021 super output areas - middle layer,152,Any other combination of only UK identities,92
23467,2021,E02003012,2021 super output areas - middle layer,152,Scottish only identity,30
23468,2021,E02003012,2021 super output areas - middle layer,152,Scottish and British only identity,17
23469,2021,E02003012,2021 super output areas - middle layer,152,Northern Irish only identity,10
23470,2021,E02003012,2021 super output areas - middle layer,152,Northern Irish and British only identity,2
23471,2021,E02003012,2021 super output areas - middle layer,152,Cornish only identity,0
23472,2021,E02003012,2021 super output areas - middle layer,152,Cornish and British only identity,0
23473,2021,E02003012,2021 super output areas - middle layer,152,Any other combination of only UK identities ,33
23474,2021,E02003012,2021 super output areas - middle layer,152,Irish only identity,32
23475,2021,E02003012,2021 super output areas - middle layer,152,Irish and at least one UK identity,11
23476,2021,E02003012,2021 super output areas - middle layer,152,Other identity only,1510
23477,2021,E02003012,2021 super output areas - middle layer,152,Other identity and at least one UK identity,310
23478,2021,E02003012,2021 super output areas - middle layer,152,Non-UK identity only,1542
23479,2021,E02003012,2021 super output areas - middle layer,152,UK identity and non-UK identity,321
23480,2021,E02003013,2021 super output areas - middle layer,152,Total: All usual residents,12669
23481,2021,E02003013,2021 super output areas - middle layer,152,British only identity,6829
23482,2021,E02003013,2021 super output areas - middle layer,152,English only identity,1647
23483,2021,E02003013,2021 super output areas - middle layer,152,English and British only identity,1688
23484,2021,E02003013,2021 super output areas - middle layer,152,Welsh only identity,58
23485,2021,E02003013,2021 super output areas - middle layer,152,Welsh and British only identity,38
23486,2021,E02003013,2021 super output areas - middle layer,152,Any other combination of only UK identities,100
23487,2021,E02003013,2021 super output areas - middle layer,152,Scottish only identity,29
23488,2021,E02003013,2021 super output areas - middle layer,152,Scottish and British only identity,8
23489,2021,E02003013,2021 super output areas - middle layer,152,Northern Irish only identity,15
23490,2021,E02003013,2021 super output areas - middle layer,152,Northern Irish and British only identity,10
23491,2021,E02003013,2021 super output areas - middle layer,152,Cornish only identity,3
23492,2021,E02003013,2021 super output areas - middle layer,152,Cornish and British only identity,1
23493,2021,E02003013,2021 super output areas - middle layer,152,Any other combination of only UK identities ,34
23494,2021,E02003013,2021 super output areas - middle layer,152,Irish only identity,36
23495,2021,E02003013,2021 super output areas - middle layer,152,Irish and at least one UK identity,7
23496,2021,E02003013,2021 super output areas - middle layer,152,Other identity only,1999
23497,2021,E02003013,2021 super output areas - middle layer,152,Other identity and at least one UK identity,267
23498,2021,E02003013,2021 super output areas - middle layer,152,Non-UK identity only,2035
23499,2021,E02003013,2021 super output areas - middle layer,152,UK identity and non-UK identity,274
23500,2021,E02003014,2021 super output areas - middle layer,152,Total: All usual residents,8507
23501,2021,E02003014,2021 super output areas - middle layer,152,British only identity,4381
23502,2021,E02003014,2021 super output areas - middle layer,152,English only identity,1216
23503,2021,E02003014,2021 super output areas - middle layer,152,English and British only identity,1397
23504,2021,E02003014,2021 super output areas - middle layer,152,Welsh only identity,47
23505,2021,E02003014,2021 super output areas - middle layer,152,Welsh and British only identity,19
23506,2021,E02003014,2021 super output areas - middle layer,152,Any other combination of only UK identities,51
23507,2021,E02003014,2021 super output areas - middle layer,152,Scottish only identity,14
23508,2021,E02003014,2021 super output areas - middle layer,152,Scottish and British only identity,9
23509,2021,E02003014,2021 super output areas - middle layer,152,Northern Irish only identity,10
23510,2021,E02003014,2021 super output areas - middle layer,152,Northern Irish and British only identity,3
23511,2021,E02003014,2021 super output areas - middle layer,152,Cornish only identity,0
23512,2021,E02003014,2021 super output areas - middle layer,152,Cornish and British only identity,1
23513,2021,E02003014,2021 super output areas - middle layer,152,Any other combination of only UK identities ,14
23514,2021,E02003014,2021 super output areas - middle layer,152,Irish only identity,27
23515,2021,E02003014,2021 super output areas - middle layer,152,Irish and at least one UK identity,8
23516,2021,E02003014,2021 super output areas - middle layer,152,Other identity only,1217
23517,2021,E02003014,2021 super output areas - middle layer,152,Other identity and at least one UK identity,144
23518,2021,E02003014,2021 super output areas - middle layer,152,Non-UK identity only,1244
23519,2021,E02003014,2021 super output areas - middle layer,152,UK identity and non-UK identity,152
23520,2021,E02003015,2021 super output areas - middle layer,152,Total: All usual residents,6865
23521,2021,E02003015,2021 super output areas - middle layer,152,British only identity,3881
23522,2021,E02003015,2021 super output areas - middle layer,152,English only identity,753
23523,2021,E02003015,2021 super output areas - middle layer,152,English and British only identity,911
23524,2021,E02003015,2021 super output areas - middle layer,152,Welsh only identity,89
23525,2021,E02003015,2021 super output areas - middle layer,152,Welsh and British only identity,52
23526,2021,E02003015,2021 super output areas - middle layer,152,Any other combination of only UK identities,104
23527,2021,E02003015,2021 super output areas - middle layer,152,Scottish only identity,31
23528,2021,E02003015,2021 super output areas - middle layer,152,Scottish and British only identity,16
23529,2021,E02003015,2021 super output areas - middle layer,152,Northern Irish only identity,15
23530,2021,E02003015,2021 super output areas - middle layer,152,Northern Irish and British only identity,3
23531,2021,E02003015,2021 super output areas - middle layer,152,Cornish only identity,9
23532,2021,E02003015,2021 super output areas - middle layer,152,Cornish and British only identity,1
23533,2021,E02003015,2021 super output areas - middle layer,152,Any other combination of only UK identities ,29
23534,2021,E02003015,2021 super output areas - middle layer,152,Irish only identity,21
23535,2021,E02003015,2021 super output areas - middle layer,152,Irish and at least one UK identity,15
23536,2021,E02003015,2021 super output areas - middle layer,152,Other identity only,837
23537,2021,E02003015,2021 super output areas - middle layer,152,Other identity and at least one UK identity,202
23538,2021,E02003015,2021 super output areas - middle layer,152,Non-UK identity only,858
23539,2021,E02003015,2021 super output areas - middle layer,152,UK identity and non-UK identity,217
23540,2021,E02003016,2021 super output areas - middle layer,152,Total: All usual residents,8046
23541,2021,E02003016,2021 super output areas - middle layer,152,British only identity,4441
23542,2021,E02003016,2021 super output areas - middle layer,152,English only identity,854
23543,2021,E02003016,2021 super output areas - middle layer,152,English and British only identity,1086
23544,2021,E02003016,2021 super output areas - middle layer,152,Welsh only identity,124
23545,2021,E02003016,2021 super output areas - middle layer,152,Welsh and British only identity,42
23546,2021,E02003016,2021 super output areas - middle layer,152,Any other combination of only UK identities,99
23547,2021,E02003016,2021 super output areas - middle layer,152,Scottish only identity,23
23548,2021,E02003016,2021 super output areas - middle layer,152,Scottish and British only identity,13
23549,2021,E02003016,2021 super output areas - middle layer,152,Northern Irish only identity,15
23550,2021,E02003016,2021 super output areas - middle layer,152,Northern Irish and British only identity,5
23551,2021,E02003016,2021 super output areas - middle layer,152,Cornish only identity,8
23552,2021,E02003016,2021 super output areas - middle layer,152,Cornish and British only identity,4
23553,2021,E02003016,2021 super output areas - middle layer,152,Any other combination of only UK identities ,31
23554,2021,E02003016,2021 super output areas - middle layer,152,Irish only identity,40
23555,2021,E02003016,2021 super output areas - middle layer,152,Irish and at least one UK identity,5
23556,2021,E02003016,2021 super output areas - middle layer,152,Other identity only,1106
23557,2021,E02003016,2021 super output areas - middle layer,152,Other identity and at least one UK identity,249
23558,2021,E02003016,2021 super output areas - middle layer,152,Non-UK identity only,1146
23559,2021,E02003016,2021 super output areas - middle layer,152,UK identity and non-UK identity,254
23560,2021,E02003017,2021 super output areas - middle layer,152,Total: All usual residents,6312
23561,2021,E02003017,2021 super output areas - middle layer,152,British only identity,3733
23562,2021,E02003017,2021 super output areas - middle layer,152,English only identity,701
23563,2021,E02003017,2021 super output areas - middle layer,152,English and British only identity,943
23564,2021,E02003017,2021 super output areas - middle layer,152,Welsh only identity,77
23565,2021,E02003017,2021 super output areas - middle layer,152,Welsh and British only identity,56
23566,2021,E02003017,2021 super output areas - middle layer,152,Any other combination of only UK identities,129
23567,2021,E02003017,2021 super output areas - middle layer,152,Scottish only identity,50
23568,2021,E02003017,2021 super output areas - middle layer,152,Scottish and British only identity,16
23569,2021,E02003017,2021 super output areas - middle layer,152,Northern Irish only identity,14
23570,2021,E02003017,2021 super output areas - middle layer,152,Northern Irish and British only identity,4
23571,2021,E02003017,2021 super output areas - middle layer,152,Cornish only identity,3
23572,2021,E02003017,2021 super output areas - middle layer,152,Cornish and British only identity,1
23573,2021,E02003017,2021 super output areas - middle layer,152,Any other combination of only UK identities ,41
23574,2021,E02003017,2021 super output areas - middle layer,152,Irish only identity,32
23575,2021,E02003017,2021 super output areas - middle layer,152,Irish and at least one UK identity,8
23576,2021,E02003017,2021 super output areas - middle layer,152,Other identity only,414
23577,2021,E02003017,2021 super output areas - middle layer,152,Other identity and at least one UK identity,219
23578,2021,E02003017,2021 super output areas - middle layer,152,Non-UK identity only,446
23579,2021,E02003017,2021 super output areas - middle layer,152,UK identity and non-UK identity,227
23580,2021,E02003018,2021 super output areas - middle layer,152,Total: All usual residents,6221
23581,2021,E02003018,2021 super output areas - middle layer,152,British only identity,3653
23582,2021,E02003018,2021 super output areas - middle layer,152,English only identity,886
23583,2021,E02003018,2021 super output areas - middle layer,152,English and British only identity,939
23584,2021,E02003018,2021 super output areas - middle layer,152,Welsh only identity,61
23585,2021,E02003018,2021 super output areas - middle layer,152,Welsh and British only identity,35
23586,2021,E02003018,2021 super output areas - middle layer,152,Any other combination of only UK identities,68
23587,2021,E02003018,2021 super output areas - middle layer,152,Scottish only identity,21
23588,2021,E02003018,2021 super output areas - middle layer,152,Scottish and British only identity,11
23589,2021,E02003018,2021 super output areas - middle layer,152,Northern Irish only identity,18
23590,2021,E02003018,2021 super output areas - middle layer,152,Northern Irish and British only identity,0
23591,2021,E02003018,2021 super output areas - middle layer,152,Cornish only identity,1
23592,2021,E02003018,2021 super output areas - middle layer,152,Cornish and British only identity,1
23593,2021,E02003018,2021 super output areas - middle layer,152,Any other combination of only UK identities ,16
23594,2021,E02003018,2021 super output areas - middle layer,152,Irish only identity,24
23595,2021,E02003018,2021 super output areas - middle layer,152,Irish and at least one UK identity,9
23596,2021,E02003018,2021 super output areas - middle layer,152,Other identity only,416
23597,2021,E02003018,2021 super output areas - middle layer,152,Other identity and at least one UK identity,130
23598,2021,E02003018,2021 super output areas - middle layer,152,Non-UK identity only,440
23599,2021,E02003018,2021 super output areas - middle layer,152,UK identity and non-UK identity,139
23600,2021,E02003019,2021 super output areas - middle layer,152,Total: All usual residents,10249
23601,2021,E02003019,2021 super output areas - middle layer,152,British only identity,5370
23602,2021,E02003019,2021 super output areas - middle layer,152,English only identity,1506
23603,2021,E02003019,2021 super output areas - middle layer,152,English and British only identity,1723
23604,2021,E02003019,2021 super output areas - middle layer,152,Welsh only identity,84
23605,2021,E02003019,2021 super output areas - middle layer,152,Welsh and British only identity,42
23606,2021,E02003019,2021 super output areas - middle layer,152,Any other combination of only UK identities,84
23607,2021,E02003019,2021 super output areas - middle layer,152,Scottish only identity,32
23608,2021,E02003019,2021 super output areas - middle layer,152,Scottish and British only identity,12
23609,2021,E02003019,2021 super output areas - middle layer,152,Northern Irish only identity,10
23610,2021,E02003019,2021 super output areas - middle layer,152,Northern Irish and British only identity,3
23611,2021,E02003019,2021 super output areas - middle layer,152,Cornish only identity,2
23612,2021,E02003019,2021 super output areas - middle layer,152,Cornish and British only identity,1
23613,2021,E02003019,2021 super output areas - middle layer,152,Any other combination of only UK identities ,24
23614,2021,E02003019,2021 super output areas - middle layer,152,Irish only identity,48
23615,2021,E02003019,2021 super output areas - middle layer,152,Irish and at least one UK identity,10
23616,2021,E02003019,2021 super output areas - middle layer,152,Other identity only,1202
23617,2021,E02003019,2021 super output areas - middle layer,152,Other identity and at least one UK identity,180
23618,2021,E02003019,2021 super output areas - middle layer,152,Non-UK identity only,1250
23619,2021,E02003019,2021 super output areas - middle layer,152,UK identity and non-UK identity,190
23620,2021,E02003020,2021 super output areas - middle layer,152,Total: All usual residents,6481
23621,2021,E02003020,2021 super output areas - middle layer,152,British only identity,3879
23622,2021,E02003020,2021 super output areas - middle layer,152,English only identity,674
23623,2021,E02003020,2021 super output areas - middle layer,152,English and British only identity,1004
23624,2021,E02003020,2021 super output areas - middle layer,152,Welsh only identity,102
23625,2021,E02003020,2021 super output areas - middle layer,152,Welsh and British only identity,60
23626,2021,E02003020,2021 super output areas - middle layer,152,Any other combination of only UK identities,78
23627,2021,E02003020,2021 super output areas - middle layer,152,Scottish only identity,21
23628,2021,E02003020,2021 super output areas - middle layer,152,Scottish and British only identity,17
23629,2021,E02003020,2021 super output areas - middle layer,152,Northern Irish only identity,14
23630,2021,E02003020,2021 super output areas - middle layer,152,Northern Irish and British only identity,5
23631,2021,E02003020,2021 super output areas - middle layer,152,Cornish only identity,2
23632,2021,E02003020,2021 super output areas - middle layer,152,Cornish and British only identity,0
23633,2021,E02003020,2021 super output areas - middle layer,152,Any other combination of only UK identities ,19
23634,2021,E02003020,2021 super output areas - middle layer,152,Irish only identity,49
23635,2021,E02003020,2021 super output areas - middle layer,152,Irish and at least one UK identity,15
23636,2021,E02003020,2021 super output areas - middle layer,152,Other identity only,451
23637,2021,E02003020,2021 super output areas - middle layer,152,Other identity and at least one UK identity,169
23638,2021,E02003020,2021 super output areas - middle layer,152,Non-UK identity only,500
23639,2021,E02003020,2021 super output areas - middle layer,152,UK identity and non-UK identity,184
23640,2021,E02003021,2021 super output areas - middle layer,152,Total: All usual residents,7487
23641,2021,E02003021,2021 super output areas - middle layer,152,British only identity,4290
23642,2021,E02003021,2021 super output areas - middle layer,152,English only identity,717
23643,2021,E02003021,2021 super output areas - middle layer,152,English and British only identity,1064
23644,2021,E02003021,2021 super output areas - middle layer,152,Welsh only identity,166
23645,2021,E02003021,2021 super output areas - middle layer,152,Welsh and British only identity,66
23646,2021,E02003021,2021 super output areas - middle layer,152,Any other combination of only UK identities,139
23647,2021,E02003021,2021 super output areas - middle layer,152,Scottish only identity,31
23648,2021,E02003021,2021 super output areas - middle layer,152,Scottish and British only identity,25
23649,2021,E02003021,2021 super output areas - middle layer,152,Northern Irish only identity,19
23650,2021,E02003021,2021 super output areas - middle layer,152,Northern Irish and British only identity,10
23651,2021,E02003021,2021 super output areas - middle layer,152,Cornish only identity,6
23652,2021,E02003021,2021 super output areas - middle layer,152,Cornish and British only identity,2
23653,2021,E02003021,2021 super output areas - middle layer,152,Any other combination of only UK identities ,46
23654,2021,E02003021,2021 super output areas - middle layer,152,Irish only identity,63
23655,2021,E02003021,2021 super output areas - middle layer,152,Irish and at least one UK identity,20
23656,2021,E02003021,2021 super output areas - middle layer,152,Other identity only,734
23657,2021,E02003021,2021 super output areas - middle layer,152,Other identity and at least one UK identity,228
23658,2021,E02003021,2021 super output areas - middle layer,152,Non-UK identity only,797
23659,2021,E02003021,2021 super output areas - middle layer,152,UK identity and non-UK identity,248
23660,2021,E02003022,2021 super output areas - middle layer,152,Total: All usual residents,6245
23661,2021,E02003022,2021 super output areas - middle layer,152,British only identity,3886
23662,2021,E02003022,2021 super output areas - middle layer,152,English only identity,612
23663,2021,E02003022,2021 super output areas - middle layer,152,English and British only identity,929
23664,2021,E02003022,2021 super output areas - middle layer,152,Welsh only identity,80
23665,2021,E02003022,2021 super output areas - middle layer,152,Welsh and British only identity,42
23666,2021,E02003022,2021 super output areas - middle layer,152,Any other combination of only UK identities,133
23667,2021,E02003022,2021 super output areas - middle layer,152,Scottish only identity,36
23668,2021,E02003022,2021 super output areas - middle layer,152,Scottish and British only identity,30
23669,2021,E02003022,2021 super output areas - middle layer,152,Northern Irish only identity,17
23670,2021,E02003022,2021 super output areas - middle layer,152,Northern Irish and British only identity,16
23671,2021,E02003022,2021 super output areas - middle layer,152,Cornish only identity,6
23672,2021,E02003022,2021 super output areas - middle layer,152,Cornish and British only identity,1
23673,2021,E02003022,2021 super output areas - middle layer,152,Any other combination of only UK identities ,27
23674,2021,E02003022,2021 super output areas - middle layer,152,Irish only identity,50
23675,2021,E02003022,2021 super output areas - middle layer,152,Irish and at least one UK identity,22
23676,2021,E02003022,2021 super output areas - middle layer,152,Other identity only,300
23677,2021,E02003022,2021 super output areas - middle layer,152,Other identity and at least one UK identity,191
23678,2021,E02003022,2021 super output areas - middle layer,152,Non-UK identity only,350
23679,2021,E02003022,2021 super output areas - middle layer,152,UK identity and non-UK identity,213
23680,2021,E02003023,2021 super output areas - middle layer,152,Total: All usual residents,6678
23681,2021,E02003023,2021 super output areas - middle layer,152,British only identity,3805
23682,2021,E02003023,2021 super output areas - middle layer,152,English only identity,806
23683,2021,E02003023,2021 super output areas - middle layer,152,English and British only identity,904
23684,2021,E02003023,2021 super output areas - middle layer,152,Welsh only identity,113
23685,2021,E02003023,2021 super output areas - middle layer,152,Welsh and British only identity,46
23686,2021,E02003023,2021 super output areas - middle layer,152,Any other combination of only UK identities,92
23687,2021,E02003023,2021 super output areas - middle layer,152,Scottish only identity,25
23688,2021,E02003023,2021 super output areas - middle layer,152,Scottish and British only identity,15
23689,2021,E02003023,2021 super output areas - middle layer,152,Northern Irish only identity,16
23690,2021,E02003023,2021 super output areas - middle layer,152,Northern Irish and British only identity,2
23691,2021,E02003023,2021 super output areas - middle layer,152,Cornish only identity,6
23692,2021,E02003023,2021 super output areas - middle layer,152,Cornish and British only identity,0
23693,2021,E02003023,2021 super output areas - middle layer,152,Any other combination of only UK identities ,28
23694,2021,E02003023,2021 super output areas - middle layer,152,Irish only identity,44
23695,2021,E02003023,2021 super output areas - middle layer,152,Irish and at least one UK identity,11
23696,2021,E02003023,2021 super output areas - middle layer,152,Other identity only,668
23697,2021,E02003023,2021 super output areas - middle layer,152,Other identity and at least one UK identity,189
23698,2021,E02003023,2021 super output areas - middle layer,152,Non-UK identity only,712
23699,2021,E02003023,2021 super output areas - middle layer,152,UK identity and non-UK identity,200
23700,2021,E02003024,2021 super output areas - middle layer,152,Total: All usual residents,10013
23701,2021,E02003024,2021 super output areas - middle layer,152,British only identity,5720
23702,2021,E02003024,2021 super output areas - middle layer,152,English only identity,1242
23703,2021,E02003024,2021 super output areas - middle layer,152,English and British only identity,1227
23704,2021,E02003024,2021 super output areas - middle layer,152,Welsh only identity,119
23705,2021,E02003024,2021 super output areas - middle layer,152,Welsh and British only identity,56
23706,2021,E02003024,2021 super output areas - middle layer,152,Any other combination of only UK identities,107
23707,2021,E02003024,2021 super output areas - middle layer,152,Scottish only identity,47
23708,2021,E02003024,2021 super output areas - middle layer,152,Scottish and British only identity,13
23709,2021,E02003024,2021 super output areas - middle layer,152,Northern Irish only identity,10
23710,2021,E02003024,2021 super output areas - middle layer,152,Northern Irish and British only identity,4
23711,2021,E02003024,2021 super output areas - middle layer,152,Cornish only identity,5
23712,2021,E02003024,2021 super output areas - middle layer,152,Cornish and British only identity,0
23713,2021,E02003024,2021 super output areas - middle layer,152,Any other combination of only UK identities ,28
23714,2021,E02003024,2021 super output areas - middle layer,152,Irish only identity,34
23715,2021,E02003024,2021 super output areas - middle layer,152,Irish and at least one UK identity,23
23716,2021,E02003024,2021 super output areas - middle layer,152,Other identity only,1200
23717,2021,E02003024,2021 super output areas - middle layer,152,Other identity and at least one UK identity,285
23718,2021,E02003024,2021 super output areas - middle layer,152,Non-UK identity only,1234
23719,2021,E02003024,2021 super output areas - middle layer,152,UK identity and non-UK identity,308
23720,2021,E02003025,2021 super output areas - middle layer,152,Total: All usual residents,7721
23721,2021,E02003025,2021 super output areas - middle layer,152,British only identity,4672
23722,2021,E02003025,2021 super output areas - middle layer,152,English only identity,797
23723,2021,E02003025,2021 super output areas - middle layer,152,English and British only identity,877
23724,2021,E02003025,2021 super output areas - middle layer,152,Welsh only identity,77
23725,2021,E02003025,2021 super output areas - middle layer,152,Welsh and British only identity,23
23726,2021,E02003025,2021 super output areas - middle layer,152,Any other combination of only UK identities,71
23727,2021,E02003025,2021 super output areas - middle layer,152,Scottish only identity,19
23728,2021,E02003025,2021 super output areas - middle layer,152,Scottish and British only identity,9
23729,2021,E02003025,2021 super output areas - middle layer,152,Northern Irish only identity,13
23730,2021,E02003025,2021 super output areas - middle layer,152,Northern Irish and British only identity,5
23731,2021,E02003025,2021 super output areas - middle layer,152,Cornish only identity,11
23732,2021,E02003025,2021 super output areas - middle layer,152,Cornish and British only identity,0
23733,2021,E02003025,2021 super output areas - middle layer,152,Any other combination of only UK identities ,14
23734,2021,E02003025,2021 super output areas - middle layer,152,Irish only identity,30
23735,2021,E02003025,2021 super output areas - middle layer,152,Irish and at least one UK identity,8
23736,2021,E02003025,2021 super output areas - middle layer,152,Other identity only,898
23737,2021,E02003025,2021 super output areas - middle layer,152,Other identity and at least one UK identity,268
23738,2021,E02003025,2021 super output areas - middle layer,152,Non-UK identity only,928
23739,2021,E02003025,2021 super output areas - middle layer,152,UK identity and non-UK identity,276
23740,2021,E02003026,2021 super output areas - middle layer,152,Total: All usual residents,10263
23741,2021,E02003026,2021 super output areas - middle layer,152,British only identity,5875
23742,2021,E02003026,2021 super output areas - middle layer,152,English only identity,1032
23743,2021,E02003026,2021 super output areas - middle layer,152,English and British only identity,1753
23744,2021,E02003026,2021 super output areas - middle layer,152,Welsh only identity,143
23745,2021,E02003026,2021 super output areas - middle layer,152,Welsh and British only identity,73
23746,2021,E02003026,2021 super output areas - middle layer,152,Any other combination of only UK identities,243
23747,2021,E02003026,2021 super output areas - middle layer,152,Scottish only identity,63
23748,2021,E02003026,2021 super output areas - middle layer,152,Scottish and British only identity,51
23749,2021,E02003026,2021 super output areas - middle layer,152,Northern Irish only identity,30
23750,2021,E02003026,2021 super output areas - middle layer,152,Northern Irish and British only identity,20
23751,2021,E02003026,2021 super output areas - middle layer,152,Cornish only identity,3
23752,2021,E02003026,2021 super output areas - middle layer,152,Cornish and British only identity,2
23753,2021,E02003026,2021 super output areas - middle layer,152,Any other combination of only UK identities ,74
23754,2021,E02003026,2021 super output areas - middle layer,152,Irish only identity,59
23755,2021,E02003026,2021 super output areas - middle layer,152,Irish and at least one UK identity,26
23756,2021,E02003026,2021 super output areas - middle layer,152,Other identity only,703
23757,2021,E02003026,2021 super output areas - middle layer,152,Other identity and at least one UK identity,356
23758,2021,E02003026,2021 super output areas - middle layer,152,Non-UK identity only,762
23759,2021,E02003026,2021 super output areas - middle layer,152,UK identity and non-UK identity,382
23760,2021,E02003027,2021 super output areas - middle layer,152,Total: All usual residents,13213
23761,2021,E02003027,2021 super output areas - middle layer,152,British only identity,7897
23762,2021,E02003027,2021 super output areas - middle layer,152,English only identity,1129
23763,2021,E02003027,2021 super output areas - middle layer,152,English and British only identity,1666
23764,2021,E02003027,2021 super output areas - middle layer,152,Welsh only identity,256
23765,2021,E02003027,2021 super output areas - middle layer,152,Welsh and British only identity,108
23766,2021,E02003027,2021 super output areas - middle layer,152,Any other combination of only UK identities,272
23767,2021,E02003027,2021 super output areas - middle layer,152,Scottish only identity,78
23768,2021,E02003027,2021 super output areas - middle layer,152,Scottish and British only identity,38
23769,2021,E02003027,2021 super output areas - middle layer,152,Northern Irish only identity,36
23770,2021,E02003027,2021 super output areas - middle layer,152,Northern Irish and British only identity,15
23771,2021,E02003027,2021 super output areas - middle layer,152,Cornish only identity,11
23772,2021,E02003027,2021 super output areas - middle layer,152,Cornish and British only identity,4
23773,2021,E02003027,2021 super output areas - middle layer,152,Any other combination of only UK identities ,90
23774,2021,E02003027,2021 super output areas - middle layer,152,Irish only identity,133
23775,2021,E02003027,2021 super output areas - middle layer,152,Irish and at least one UK identity,56
23776,2021,E02003027,2021 super output areas - middle layer,152,Other identity only,1164
23777,2021,E02003027,2021 super output areas - middle layer,152,Other identity and at least one UK identity,532
23778,2021,E02003027,2021 super output areas - middle layer,152,Non-UK identity only,1297
23779,2021,E02003027,2021 super output areas - middle layer,152,UK identity and non-UK identity,588
23780,2021,E02003028,2021 super output areas - middle layer,152,Total: All usual residents,8767
23781,2021,E02003028,2021 super output areas - middle layer,152,British only identity,5233
23782,2021,E02003028,2021 super output areas - middle layer,152,English only identity,726
23783,2021,E02003028,2021 super output areas - middle layer,152,English and British only identity,1234
23784,2021,E02003028,2021 super output areas - middle layer,152,Welsh only identity,138
23785,2021,E02003028,2021 super output areas - middle layer,152,Welsh and British only identity,68
23786,2021,E02003028,2021 super output areas - middle layer,152,Any other combination of only UK identities,187
23787,2021,E02003028,2021 super output areas - middle layer,152,Scottish only identity,60
23788,2021,E02003028,2021 super output areas - middle layer,152,Scottish and British only identity,39
23789,2021,E02003028,2021 super output areas - middle layer,152,Northern Irish only identity,29
23790,2021,E02003028,2021 super output areas - middle layer,152,Northern Irish and British only identity,9
23791,2021,E02003028,2021 super output areas - middle layer,152,Cornish only identity,8
23792,2021,E02003028,2021 super output areas - middle layer,152,Cornish and British only identity,0
23793,2021,E02003028,2021 super output areas - middle layer,152,Any other combination of only UK identities ,42
23794,2021,E02003028,2021 super output areas - middle layer,152,Irish only identity,65
23795,2021,E02003028,2021 super output areas - middle layer,152,Irish and at least one UK identity,27
23796,2021,E02003028,2021 super output areas - middle layer,152,Other identity only,755
23797,2021,E02003028,2021 super output areas - middle layer,152,Other identity and at least one UK identity,334
23798,2021,E02003028,2021 super output areas - middle layer,152,Non-UK identity only,820
23799,2021,E02003028,2021 super output areas - middle layer,152,UK identity and non-UK identity,361
23800,2021,E02003029,2021 super output areas - middle layer,152,Total: All usual residents,6694
23801,2021,E02003029,2021 super output areas - middle layer,152,British only identity,3917
23802,2021,E02003029,2021 super output areas - middle layer,152,English only identity,850
23803,2021,E02003029,2021 super output areas - middle layer,152,English and British only identity,881
23804,2021,E02003029,2021 super output areas - middle layer,152,Welsh only identity,40
23805,2021,E02003029,2021 super output areas - middle layer,152,Welsh and British only identity,21
23806,2021,E02003029,2021 super output areas - middle layer,152,Any other combination of only UK identities,42
23807,2021,E02003029,2021 super output areas - middle layer,152,Scottish only identity,13
23808,2021,E02003029,2021 super output areas - middle layer,152,Scottish and British only identity,4
23809,2021,E02003029,2021 super output areas - middle layer,152,Northern Irish only identity,5
23810,2021,E02003029,2021 super output areas - middle layer,152,Northern Irish and British only identity,4
23811,2021,E02003029,2021 super output areas - middle layer,152,Cornish only identity,4
23812,2021,E02003029,2021 super output areas - middle layer,152,Cornish and British only identity,0
23813,2021,E02003029,2021 super output areas - middle layer,152,Any other combination of only UK identities ,12
23814,2021,E02003029,2021 super output areas - middle layer,152,Irish only identity,21
23815,2021,E02003029,2021 super output areas - middle layer,152,Irish and at least one UK identity,7
23816,2021,E02003029,2021 super output areas - middle layer,152,Other identity only,718
23817,2021,E02003029,2021 super output areas - middle layer,152,Other identity and at least one UK identity,197
23818,2021,E02003029,2021 super output areas - middle layer,152,Non-UK identity only,739
23819,2021,E02003029,2021 super output areas - middle layer,152,UK identity and non-UK identity,204
23820,2021,E02003030,2021 super output areas - middle layer,152,Total: All usual residents,7929
23821,2021,E02003030,2021 super output areas - middle layer,152,British only identity,4760
23822,2021,E02003030,2021 super output areas - middle layer,152,English only identity,747
23823,2021,E02003030,2021 super output areas - middle layer,152,English and British only identity,743
23824,2021,E02003030,2021 super output areas - middle layer,152,Welsh only identity,110
23825,2021,E02003030,2021 super output areas - middle layer,152,Welsh and British only identity,35
23826,2021,E02003030,2021 super output areas - middle layer,152,Any other combination of only UK identities,83
23827,2021,E02003030,2021 super output areas - middle layer,152,Scottish only identity,23
23828,2021,E02003030,2021 super output areas - middle layer,152,Scottish and British only identity,13
23829,2021,E02003030,2021 super output areas - middle layer,152,Northern Irish only identity,12
23830,2021,E02003030,2021 super output areas - middle layer,152,Northern Irish and British only identity,4
23831,2021,E02003030,2021 super output areas - middle layer,152,Cornish only identity,8
23832,2021,E02003030,2021 super output areas - middle layer,152,Cornish and British only identity,0
23833,2021,E02003030,2021 super output areas - middle layer,152,Any other combination of only UK identities ,23
23834,2021,E02003030,2021 super output areas - middle layer,152,Irish only identity,33
23835,2021,E02003030,2021 super output areas - middle layer,152,Irish and at least one UK identity,18
23836,2021,E02003030,2021 super output areas - middle layer,152,Other identity only,1153
23837,2021,E02003030,2021 super output areas - middle layer,152,Other identity and at least one UK identity,247
23838,2021,E02003030,2021 super output areas - middle layer,152,Non-UK identity only,1186
23839,2021,E02003030,2021 super output areas - middle layer,152,UK identity and non-UK identity,265
23840,2021,E02003031,2021 super output areas - middle layer,152,Total: All usual residents,10477
23841,2021,E02003031,2021 super output areas - middle layer,152,British only identity,6174
23842,2021,E02003031,2021 super output areas - middle layer,152,English only identity,766
23843,2021,E02003031,2021 super output areas - middle layer,152,English and British only identity,1458
23844,2021,E02003031,2021 super output areas - middle layer,152,Welsh only identity,200
23845,2021,E02003031,2021 super output areas - middle layer,152,Welsh and British only identity,84
23846,2021,E02003031,2021 super output areas - middle layer,152,Any other combination of only UK identities,199
23847,2021,E02003031,2021 super output areas - middle layer,152,Scottish only identity,58
23848,2021,E02003031,2021 super output areas - middle layer,152,Scottish and British only identity,20
23849,2021,E02003031,2021 super output areas - middle layer,152,Northern Irish only identity,35
23850,2021,E02003031,2021 super output areas - middle layer,152,Northern Irish and British only identity,8
23851,2021,E02003031,2021 super output areas - middle layer,152,Cornish only identity,8
23852,2021,E02003031,2021 super output areas - middle layer,152,Cornish and British only identity,2
23853,2021,E02003031,2021 super output areas - middle layer,152,Any other combination of only UK identities ,68
23854,2021,E02003031,2021 super output areas - middle layer,152,Irish only identity,102
23855,2021,E02003031,2021 super output areas - middle layer,152,Irish and at least one UK identity,58
23856,2021,E02003031,2021 super output areas - middle layer,152,Other identity only,953
23857,2021,E02003031,2021 super output areas - middle layer,152,Other identity and at least one UK identity,483
23858,2021,E02003031,2021 super output areas - middle layer,152,Non-UK identity only,1055
23859,2021,E02003031,2021 super output areas - middle layer,152,UK identity and non-UK identity,541
23860,2021,E02003032,2021 super output areas - middle layer,152,Total: All usual residents,8445
23861,2021,E02003032,2021 super output areas - middle layer,152,British only identity,4879
23862,2021,E02003032,2021 super output areas - middle layer,152,English only identity,925
23863,2021,E02003032,2021 super output areas - middle layer,152,English and British only identity,934
23864,2021,E02003032,2021 super output areas - middle layer,152,Welsh only identity,91
23865,2021,E02003032,2021 super output areas - middle layer,152,Welsh and British only identity,31
23866,2021,E02003032,2021 super output areas - middle layer,152,Any other combination of only UK identities,72
23867,2021,E02003032,2021 super output areas - middle layer,152,Scottish only identity,19
23868,2021,E02003032,2021 super output areas - middle layer,152,Scottish and British only identity,5
23869,2021,E02003032,2021 super output areas - middle layer,152,Northern Irish only identity,7
23870,2021,E02003032,2021 super output areas - middle layer,152,Northern Irish and British only identity,1
23871,2021,E02003032,2021 super output areas - middle layer,152,Cornish only identity,8
23872,2021,E02003032,2021 super output areas - middle layer,152,Cornish and British only identity,1
23873,2021,E02003032,2021 super output areas - middle layer,152,Any other combination of only UK identities ,31
23874,2021,E02003032,2021 super output areas - middle layer,152,Irish only identity,22
23875,2021,E02003032,2021 super output areas - middle layer,152,Irish and at least one UK identity,9
23876,2021,E02003032,2021 super output areas - middle layer,152,Other identity only,1242
23877,2021,E02003032,2021 super output areas - middle layer,152,Other identity and at least one UK identity,240
23878,2021,E02003032,2021 super output areas - middle layer,152,Non-UK identity only,1264
23879,2021,E02003032,2021 super output areas - middle layer,152,UK identity and non-UK identity,249
23880,2021,E02003033,2021 super output areas - middle layer,152,Total: All usual residents,8783
23881,2021,E02003033,2021 super output areas - middle layer,152,British only identity,4827
23882,2021,E02003033,2021 super output areas - middle layer,152,English only identity,695
23883,2021,E02003033,2021 super output areas - middle layer,152,English and British only identity,1395
23884,2021,E02003033,2021 super output areas - middle layer,152,Welsh only identity,203
23885,2021,E02003033,2021 super output areas - middle layer,152,Welsh and British only identity,91
23886,2021,E02003033,2021 super output areas - middle layer,152,Any other combination of only UK identities,208
23887,2021,E02003033,2021 super output areas - middle layer,152,Scottish only identity,49
23888,2021,E02003033,2021 super output areas - middle layer,152,Scottish and British only identity,41
23889,2021,E02003033,2021 super output areas - middle layer,152,Northern Irish only identity,26
23890,2021,E02003033,2021 super output areas - middle layer,152,Northern Irish and British only identity,15
23891,2021,E02003033,2021 super output areas - middle layer,152,Cornish only identity,13
23892,2021,E02003033,2021 super output areas - middle layer,152,Cornish and British only identity,2
23893,2021,E02003033,2021 super output areas - middle layer,152,Any other combination of only UK identities ,62
23894,2021,E02003033,2021 super output areas - middle layer,152,Irish only identity,86
23895,2021,E02003033,2021 super output areas - middle layer,152,Irish and at least one UK identity,29
23896,2021,E02003033,2021 super output areas - middle layer,152,Other identity only,885
23897,2021,E02003033,2021 super output areas - middle layer,152,Other identity and at least one UK identity,364
23898,2021,E02003033,2021 super output areas - middle layer,152,Non-UK identity only,971
23899,2021,E02003033,2021 super output areas - middle layer,152,UK identity and non-UK identity,393
23900,2021,E02003036,2021 super output areas - middle layer,152,Total: All usual residents,8682
23901,2021,E02003036,2021 super output areas - middle layer,152,British only identity,4373
23902,2021,E02003036,2021 super output areas - middle layer,152,English only identity,535
23903,2021,E02003036,2021 super output areas - middle layer,152,English and British only identity,1209
23904,2021,E02003036,2021 super output areas - middle layer,152,Welsh only identity,189
23905,2021,E02003036,2021 super output areas - middle layer,152,Welsh and British only identity,78
23906,2021,E02003036,2021 super output areas - middle layer,152,Any other combination of only UK identities,195
23907,2021,E02003036,2021 super output areas - middle layer,152,Scottish only identity,40
23908,2021,E02003036,2021 super output areas - middle layer,152,Scottish and British only identity,29
23909,2021,E02003036,2021 super output areas - middle layer,152,Northern Irish only identity,30
23910,2021,E02003036,2021 super output areas - middle layer,152,Northern Irish and British only identity,8
23911,2021,E02003036,2021 super output areas - middle layer,152,Cornish only identity,12
23912,2021,E02003036,2021 super output areas - middle layer,152,Cornish and British only identity,1
23913,2021,E02003036,2021 super output areas - middle layer,152,Any other combination of only UK identities ,75
23914,2021,E02003036,2021 super output areas - middle layer,152,Irish only identity,51
23915,2021,E02003036,2021 super output areas - middle layer,152,Irish and at least one UK identity,35
23916,2021,E02003036,2021 super output areas - middle layer,152,Other identity only,1592
23917,2021,E02003036,2021 super output areas - middle layer,152,Other identity and at least one UK identity,425
23918,2021,E02003036,2021 super output areas - middle layer,152,Non-UK identity only,1643
23919,2021,E02003036,2021 super output areas - middle layer,152,UK identity and non-UK identity,460
23920,2021,E02003037,2021 super output areas - middle layer,152,Total: All usual residents,9139
23921,2021,E02003037,2021 super output areas - middle layer,152,British only identity,4773
23922,2021,E02003037,2021 super output areas - middle layer,152,English only identity,661
23923,2021,E02003037,2021 super output areas - middle layer,152,English and British only identity,1372
23924,2021,E02003037,2021 super output areas - middle layer,152,Welsh only identity,189
23925,2021,E02003037,2021 super output areas - middle layer,152,Welsh and British only identity,82
23926,2021,E02003037,2021 super output areas - middle layer,152,Any other combination of only UK identities,228
23927,2021,E02003037,2021 super output areas - middle layer,152,Scottish only identity,67
23928,2021,E02003037,2021 super output areas - middle layer,152,Scottish and British only identity,43
23929,2021,E02003037,2021 super output areas - middle layer,152,Northern Irish only identity,37
23930,2021,E02003037,2021 super output areas - middle layer,152,Northern Irish and British only identity,18
23931,2021,E02003037,2021 super output areas - middle layer,152,Cornish only identity,7
23932,2021,E02003037,2021 super output areas - middle layer,152,Cornish and British only identity,2
23933,2021,E02003037,2021 super output areas - middle layer,152,Any other combination of only UK identities ,54
23934,2021,E02003037,2021 super output areas - middle layer,152,Irish only identity,83
23935,2021,E02003037,2021 super output areas - middle layer,152,Irish and at least one UK identity,23
23936,2021,E02003037,2021 super output areas - middle layer,152,Other identity only,1327
23937,2021,E02003037,2021 super output areas - middle layer,152,Other identity and at least one UK identity,401
23938,2021,E02003037,2021 super output areas - middle layer,152,Non-UK identity only,1410
23939,2021,E02003037,2021 super output areas - middle layer,152,UK identity and non-UK identity,424
23940,2021,E02003038,2021 super output areas - middle layer,152,Total: All usual residents,6941
23941,2021,E02003038,2021 super output areas - middle layer,152,British only identity,3734
23942,2021,E02003038,2021 super output areas - middle layer,152,English only identity,998
23943,2021,E02003038,2021 super output areas - middle layer,152,English and British only identity,1043
23944,2021,E02003038,2021 super output areas - middle layer,152,Welsh only identity,50
23945,2021,E02003038,2021 super output areas - middle layer,152,Welsh and British only identity,16
23946,2021,E02003038,2021 super output areas - middle layer,152,Any other combination of only UK identities,59
23947,2021,E02003038,2021 super output areas - middle layer,152,Scottish only identity,17
23948,2021,E02003038,2021 super output areas - middle layer,152,Scottish and British only identity,8
23949,2021,E02003038,2021 super output areas - middle layer,152,Northern Irish only identity,7
23950,2021,E02003038,2021 super output areas - middle layer,152,Northern Irish and British only identity,2
23951,2021,E02003038,2021 super output areas - middle layer,152,Cornish only identity,3
23952,2021,E02003038,2021 super output areas - middle layer,152,Cornish and British only identity,1
23953,2021,E02003038,2021 super output areas - middle layer,152,Any other combination of only UK identities ,21
23954,2021,E02003038,2021 super output areas - middle layer,152,Irish only identity,17
23955,2021,E02003038,2021 super output areas - middle layer,152,Irish and at least one UK identity,5
23956,2021,E02003038,2021 super output areas - middle layer,152,Other identity only,857
23957,2021,E02003038,2021 super output areas - middle layer,152,Other identity and at least one UK identity,162
23958,2021,E02003038,2021 super output areas - middle layer,152,Non-UK identity only,874
23959,2021,E02003038,2021 super output areas - middle layer,152,UK identity and non-UK identity,167
23960,2021,E02003039,2021 super output areas - middle layer,152,Total: All usual residents,8789
23961,2021,E02003039,2021 super output areas - middle layer,152,British only identity,4982
23962,2021,E02003039,2021 super output areas - middle layer,152,English only identity,1175
23963,2021,E02003039,2021 super output areas - middle layer,152,English and British only identity,1086
23964,2021,E02003039,2021 super output areas - middle layer,152,Welsh only identity,68
23965,2021,E02003039,2021 super output areas - middle layer,152,Welsh and British only identity,33
23966,2021,E02003039,2021 super output areas - middle layer,152,Any other combination of only UK identities,89
23967,2021,E02003039,2021 super output areas - middle layer,152,Scottish only identity,24
23968,2021,E02003039,2021 super output areas - middle layer,152,Scottish and British only identity,12
23969,2021,E02003039,2021 super output areas - middle layer,152,Northern Irish only identity,11
23970,2021,E02003039,2021 super output areas - middle layer,152,Northern Irish and British only identity,2
23971,2021,E02003039,2021 super output areas - middle layer,152,Cornish only identity,6
23972,2021,E02003039,2021 super output areas - middle layer,152,Cornish and British only identity,1
23973,2021,E02003039,2021 super output areas - middle layer,152,Any other combination of only UK identities ,33
23974,2021,E02003039,2021 super output areas - middle layer,152,Irish only identity,36
23975,2021,E02003039,2021 super output areas - middle layer,152,Irish and at least one UK identity,15
23976,2021,E02003039,2021 super output areas - middle layer,152,Other identity only,1031
23977,2021,E02003039,2021 super output areas - middle layer,152,Other identity and at least one UK identity,274
23978,2021,E02003039,2021 super output areas - middle layer,152,Non-UK identity only,1067
23979,2021,E02003039,2021 super output areas - middle layer,152,UK identity and non-UK identity,289
23980,2021,E02003040,2021 super output areas - middle layer,152,Total: All usual residents,9861
23981,2021,E02003040,2021 super output areas - middle layer,152,British only identity,5263
23982,2021,E02003040,2021 super output areas - middle layer,152,English only identity,1014
23983,2021,E02003040,2021 super output areas - middle layer,152,English and British only identity,1161
23984,2021,E02003040,2021 super output areas - middle layer,152,Welsh only identity,141
23985,2021,E02003040,2021 super output areas - middle layer,152,Welsh and British only identity,48
23986,2021,E02003040,2021 super output areas - middle layer,152,Any other combination of only UK identities,163
23987,2021,E02003040,2021 super output areas - middle layer,152,Scottish only identity,43
23988,2021,E02003040,2021 super output areas - middle layer,152,Scottish and British only identity,28
23989,2021,E02003040,2021 super output areas - middle layer,152,Northern Irish only identity,21
23990,2021,E02003040,2021 super output areas - middle layer,152,Northern Irish and British only identity,7
23991,2021,E02003040,2021 super output areas - middle layer,152,Cornish only identity,15
23992,2021,E02003040,2021 super output areas - middle layer,152,Cornish and British only identity,2
23993,2021,E02003040,2021 super output areas - middle layer,152,Any other combination of only UK identities ,47
23994,2021,E02003040,2021 super output areas - middle layer,152,Irish only identity,68
23995,2021,E02003040,2021 super output areas - middle layer,152,Irish and at least one UK identity,33
23996,2021,E02003040,2021 super output areas - middle layer,152,Other identity only,1570
23997,2021,E02003040,2021 super output areas - middle layer,152,Other identity and at least one UK identity,400
23998,2021,E02003040,2021 super output areas - middle layer,152,Non-UK identity only,1638
23999,2021,E02003040,2021 super output areas - middle layer,152,UK identity and non-UK identity,433
24000,2021,E02003041,2021 super output areas - middle layer,152,Total: All usual residents,6212
24001,2021,E02003041,2021 super output areas - middle layer,152,British only identity,3325
24002,2021,E02003041,2021 super output areas - middle layer,152,English only identity,535
24003,2021,E02003041,2021 super output areas - middle layer,152,English and British only identity,830
24004,2021,E02003041,2021 super output areas - middle layer,152,Welsh only identity,139
24005,2021,E02003041,2021 super output areas - middle layer,152,Welsh and British only identity,72
24006,2021,E02003041,2021 super output areas - middle layer,152,Any other combination of only UK identities,169
24007,2021,E02003041,2021 super output areas - middle layer,152,Scottish only identity,42
24008,2021,E02003041,2021 super output areas - middle layer,152,Scottish and British only identity,24
24009,2021,E02003041,2021 super output areas - middle layer,152,Northern Irish only identity,22
24010,2021,E02003041,2021 super output areas - middle layer,152,Northern Irish and British only identity,22
24011,2021,E02003041,2021 super output areas - middle layer,152,Cornish only identity,13
24012,2021,E02003041,2021 super output areas - middle layer,152,Cornish and British only identity,1
24013,2021,E02003041,2021 super output areas - middle layer,152,Any other combination of only UK identities ,45
24014,2021,E02003041,2021 super output areas - middle layer,152,Irish only identity,63
24015,2021,E02003041,2021 super output areas - middle layer,152,Irish and at least one UK identity,15
24016,2021,E02003041,2021 super output areas - middle layer,152,Other identity only,787
24017,2021,E02003041,2021 super output areas - middle layer,152,Other identity and at least one UK identity,277
24018,2021,E02003041,2021 super output areas - middle layer,152,Non-UK identity only,850
24019,2021,E02003041,2021 super output areas - middle layer,152,UK identity and non-UK identity,292
24020,2021,E02003044,2021 super output areas - middle layer,152,Total: All usual residents,6134
24021,2021,E02003044,2021 super output areas - middle layer,152,British only identity,3483
24022,2021,E02003044,2021 super output areas - middle layer,152,English only identity,1064
24023,2021,E02003044,2021 super output areas - middle layer,152,English and British only identity,879
24024,2021,E02003044,2021 super output areas - middle layer,152,Welsh only identity,47
24025,2021,E02003044,2021 super output areas - middle layer,152,Welsh and British only identity,23
24026,2021,E02003044,2021 super output areas - middle layer,152,Any other combination of only UK identities,50
24027,2021,E02003044,2021 super output areas - middle layer,152,Scottish only identity,8
24028,2021,E02003044,2021 super output areas - middle layer,152,Scottish and British only identity,4
24029,2021,E02003044,2021 super output areas - middle layer,152,Northern Irish only identity,6
24030,2021,E02003044,2021 super output areas - middle layer,152,Northern Irish and British only identity,6
24031,2021,E02003044,2021 super output areas - middle layer,152,Cornish only identity,6
24032,2021,E02003044,2021 super output areas - middle layer,152,Cornish and British only identity,1
24033,2021,E02003044,2021 super output areas - middle layer,152,Any other combination of only UK identities ,19
24034,2021,E02003044,2021 super output areas - middle layer,152,Irish only identity,26
24035,2021,E02003044,2021 super output areas - middle layer,152,Irish and at least one UK identity,8
24036,2021,E02003044,2021 super output areas - middle layer,152,Other identity only,429
24037,2021,E02003044,2021 super output areas - middle layer,152,Other identity and at least one UK identity,125
24038,2021,E02003044,2021 super output areas - middle layer,152,Non-UK identity only,455
24039,2021,E02003044,2021 super output areas - middle layer,152,UK identity and non-UK identity,133
24040,2021,E02003045,2021 super output areas - middle layer,152,Total: All usual residents,6928
24041,2021,E02003045,2021 super output areas - middle layer,152,British only identity,3535
24042,2021,E02003045,2021 super output areas - middle layer,152,English only identity,544
24043,2021,E02003045,2021 super output areas - middle layer,152,English and British only identity,1105
24044,2021,E02003045,2021 super output areas - middle layer,152,Welsh only identity,126
24045,2021,E02003045,2021 super output areas - middle layer,152,Welsh and British only identity,73
24046,2021,E02003045,2021 super output areas - middle layer,152,Any other combination of only UK identities,200
24047,2021,E02003045,2021 super output areas - middle layer,152,Scottish only identity,57
24048,2021,E02003045,2021 super output areas - middle layer,152,Scottish and British only identity,34
24049,2021,E02003045,2021 super output areas - middle layer,152,Northern Irish only identity,16
24050,2021,E02003045,2021 super output areas - middle layer,152,Northern Irish and British only identity,9
24051,2021,E02003045,2021 super output areas - middle layer,152,Cornish only identity,17
24052,2021,E02003045,2021 super output areas - middle layer,152,Cornish and British only identity,5
24053,2021,E02003045,2021 super output areas - middle layer,152,Any other combination of only UK identities ,62
24054,2021,E02003045,2021 super output areas - middle layer,152,Irish only identity,35
24055,2021,E02003045,2021 super output areas - middle layer,152,Irish and at least one UK identity,26
24056,2021,E02003045,2021 super output areas - middle layer,152,Other identity only,931
24057,2021,E02003045,2021 super output areas - middle layer,152,Other identity and at least one UK identity,353
24058,2021,E02003045,2021 super output areas - middle layer,152,Non-UK identity only,966
24059,2021,E02003045,2021 super output areas - middle layer,152,UK identity and non-UK identity,379
24060,2021,E02003046,2021 super output areas - middle layer,152,Total: All usual residents,9995
24061,2021,E02003046,2021 super output areas - middle layer,152,British only identity,5561
24062,2021,E02003046,2021 super output areas - middle layer,152,English only identity,1301
24063,2021,E02003046,2021 super output areas - middle layer,152,English and British only identity,1496
24064,2021,E02003046,2021 super output areas - middle layer,152,Welsh only identity,121
24065,2021,E02003046,2021 super output areas - middle layer,152,Welsh and British only identity,46
24066,2021,E02003046,2021 super output areas - middle layer,152,Any other combination of only UK identities,122
24067,2021,E02003046,2021 super output areas - middle layer,152,Scottish only identity,41
24068,2021,E02003046,2021 super output areas - middle layer,152,Scottish and British only identity,21
24069,2021,E02003046,2021 super output areas - middle layer,152,Northern Irish only identity,16
24070,2021,E02003046,2021 super output areas - middle layer,152,Northern Irish and British only identity,3
24071,2021,E02003046,2021 super output areas - middle layer,152,Cornish only identity,14
24072,2021,E02003046,2021 super output areas - middle layer,152,Cornish and British only identity,0
24073,2021,E02003046,2021 super output areas - middle layer,152,Any other combination of only UK identities ,27
24074,2021,E02003046,2021 super output areas - middle layer,152,Irish only identity,43
24075,2021,E02003046,2021 super output areas - middle layer,152,Irish and at least one UK identity,22
24076,2021,E02003046,2021 super output areas - middle layer,152,Other identity only,998
24077,2021,E02003046,2021 super output areas - middle layer,152,Other identity and at least one UK identity,285
24078,2021,E02003046,2021 super output areas - middle layer,152,Non-UK identity only,1041
24079,2021,E02003046,2021 super output areas - middle layer,152,UK identity and non-UK identity,307
24080,2021,E02003047,2021 super output areas - middle layer,152,Total: All usual residents,11127
24081,2021,E02003047,2021 super output areas - middle layer,152,British only identity,6402
24082,2021,E02003047,2021 super output areas - middle layer,152,English only identity,1156
24083,2021,E02003047,2021 super output areas - middle layer,152,English and British only identity,1516
24084,2021,E02003047,2021 super output areas - middle layer,152,Welsh only identity,149
24085,2021,E02003047,2021 super output areas - middle layer,152,Welsh and British only identity,91
24086,2021,E02003047,2021 super output areas - middle layer,152,Any other combination of only UK identities,181
24087,2021,E02003047,2021 super output areas - middle layer,152,Scottish only identity,55
24088,2021,E02003047,2021 super output areas - middle layer,152,Scottish and British only identity,24
24089,2021,E02003047,2021 super output areas - middle layer,152,Northern Irish only identity,19
24090,2021,E02003047,2021 super output areas - middle layer,152,Northern Irish and British only identity,11
24091,2021,E02003047,2021 super output areas - middle layer,152,Cornish only identity,14
24092,2021,E02003047,2021 super output areas - middle layer,152,Cornish and British only identity,2
24093,2021,E02003047,2021 super output areas - middle layer,152,Any other combination of only UK identities ,56
24094,2021,E02003047,2021 super output areas - middle layer,152,Irish only identity,76
24095,2021,E02003047,2021 super output areas - middle layer,152,Irish and at least one UK identity,34
24096,2021,E02003047,2021 super output areas - middle layer,152,Other identity only,1099
24097,2021,E02003047,2021 super output areas - middle layer,152,Other identity and at least one UK identity,423
24098,2021,E02003047,2021 super output areas - middle layer,152,Non-UK identity only,1175
24099,2021,E02003047,2021 super output areas - middle layer,152,UK identity and non-UK identity,457
24100,2021,E02003048,2021 super output areas - middle layer,152,Total: All usual residents,6832
24101,2021,E02003048,2021 super output areas - middle layer,152,British only identity,4026
24102,2021,E02003048,2021 super output areas - middle layer,152,English only identity,608
24103,2021,E02003048,2021 super output areas - middle layer,152,English and British only identity,822
24104,2021,E02003048,2021 super output areas - middle layer,152,Welsh only identity,110
24105,2021,E02003048,2021 super output areas - middle layer,152,Welsh and British only identity,51
24106,2021,E02003048,2021 super output areas - middle layer,152,Any other combination of only UK identities,101
24107,2021,E02003048,2021 super output areas - middle layer,152,Scottish only identity,37
24108,2021,E02003048,2021 super output areas - middle layer,152,Scottish and British only identity,16
24109,2021,E02003048,2021 super output areas - middle layer,152,Northern Irish only identity,5
24110,2021,E02003048,2021 super output areas - middle layer,152,Northern Irish and British only identity,0
24111,2021,E02003048,2021 super output areas - middle layer,152,Cornish only identity,13
24112,2021,E02003048,2021 super output areas - middle layer,152,Cornish and British only identity,1
24113,2021,E02003048,2021 super output areas - middle layer,152,Any other combination of only UK identities ,29
24114,2021,E02003048,2021 super output areas - middle layer,152,Irish only identity,45
24115,2021,E02003048,2021 super output areas - middle layer,152,Irish and at least one UK identity,22
24116,2021,E02003048,2021 super output areas - middle layer,152,Other identity only,789
24117,2021,E02003048,2021 super output areas - middle layer,152,Other identity and at least one UK identity,258
24118,2021,E02003048,2021 super output areas - middle layer,152,Non-UK identity only,834
24119,2021,E02003048,2021 super output areas - middle layer,152,UK identity and non-UK identity,280
24120,2021,E02003049,2021 super output areas - middle layer,152,Total: All usual residents,7924
24121,2021,E02003049,2021 super output areas - middle layer,152,British only identity,4388
24122,2021,E02003049,2021 super output areas - middle layer,152,English only identity,1280
24123,2021,E02003049,2021 super output areas - middle layer,152,English and British only identity,1236
24124,2021,E02003049,2021 super output areas - middle layer,152,Welsh only identity,73
24125,2021,E02003049,2021 super output areas - middle layer,152,Welsh and British only identity,34
24126,2021,E02003049,2021 super output areas - middle layer,152,Any other combination of only UK identities,99
24127,2021,E02003049,2021 super output areas - middle layer,152,Scottish only identity,27
24128,2021,E02003049,2021 super output areas - middle layer,152,Scottish and British only identity,17
24129,2021,E02003049,2021 super output areas - middle layer,152,Northern Irish only identity,14
24130,2021,E02003049,2021 super output areas - middle layer,152,Northern Irish and British only identity,3
24131,2021,E02003049,2021 super output areas - middle layer,152,Cornish only identity,4
24132,2021,E02003049,2021 super output areas - middle layer,152,Cornish and British only identity,3
24133,2021,E02003049,2021 super output areas - middle layer,152,Any other combination of only UK identities ,31
24134,2021,E02003049,2021 super output areas - middle layer,152,Irish only identity,28
24135,2021,E02003049,2021 super output areas - middle layer,152,Irish and at least one UK identity,6
24136,2021,E02003049,2021 super output areas - middle layer,152,Other identity only,600
24137,2021,E02003049,2021 super output areas - middle layer,152,Other identity and at least one UK identity,180
24138,2021,E02003049,2021 super output areas - middle layer,152,Non-UK identity only,628
24139,2021,E02003049,2021 super output areas - middle layer,152,UK identity and non-UK identity,186
24140,2021,E02003050,2021 super output areas - middle layer,152,Total: All usual residents,10184
24141,2021,E02003050,2021 super output areas - middle layer,152,British only identity,5247
24142,2021,E02003050,2021 super output areas - middle layer,152,English only identity,1235
24143,2021,E02003050,2021 super output areas - middle layer,152,English and British only identity,1353
24144,2021,E02003050,2021 super output areas - middle layer,152,Welsh only identity,164
24145,2021,E02003050,2021 super output areas - middle layer,152,Welsh and British only identity,60
24146,2021,E02003050,2021 super output areas - middle layer,152,Any other combination of only UK identities,168
24147,2021,E02003050,2021 super output areas - middle layer,152,Scottish only identity,59
24148,2021,E02003050,2021 super output areas - middle layer,152,Scottish and British only identity,18
24149,2021,E02003050,2021 super output areas - middle layer,152,Northern Irish only identity,18
24150,2021,E02003050,2021 super output areas - middle layer,152,Northern Irish and British only identity,9
24151,2021,E02003050,2021 super output areas - middle layer,152,Cornish only identity,19
24152,2021,E02003050,2021 super output areas - middle layer,152,Cornish and British only identity,2
24153,2021,E02003050,2021 super output areas - middle layer,152,Any other combination of only UK identities ,43
24154,2021,E02003050,2021 super output areas - middle layer,152,Irish only identity,89
24155,2021,E02003050,2021 super output areas - middle layer,152,Irish and at least one UK identity,24
24156,2021,E02003050,2021 super output areas - middle layer,152,Other identity only,1526
24157,2021,E02003050,2021 super output areas - middle layer,152,Other identity and at least one UK identity,318
24158,2021,E02003050,2021 super output areas - middle layer,152,Non-UK identity only,1615
24159,2021,E02003050,2021 super output areas - middle layer,152,UK identity and non-UK identity,342
24160,2021,E02003051,2021 super output areas - middle layer,152,Total: All usual residents,7585
24161,2021,E02003051,2021 super output areas - middle layer,152,British only identity,4328
24162,2021,E02003051,2021 super output areas - middle layer,152,English only identity,794
24163,2021,E02003051,2021 super output areas - middle layer,152,English and British only identity,1001
24164,2021,E02003051,2021 super output areas - middle layer,152,Welsh only identity,90
24165,2021,E02003051,2021 super output areas - middle layer,152,Welsh and British only identity,37
24166,2021,E02003051,2021 super output areas - middle layer,152,Any other combination of only UK identities,136
24167,2021,E02003051,2021 super output areas - middle layer,152,Scottish only identity,39
24168,2021,E02003051,2021 super output areas - middle layer,152,Scottish and British only identity,24
24169,2021,E02003051,2021 super output areas - middle layer,152,Northern Irish only identity,16
24170,2021,E02003051,2021 super output areas - middle layer,152,Northern Irish and British only identity,9
24171,2021,E02003051,2021 super output areas - middle layer,152,Cornish only identity,8
24172,2021,E02003051,2021 super output areas - middle layer,152,Cornish and British only identity,1
24173,2021,E02003051,2021 super output areas - middle layer,152,Any other combination of only UK identities ,39
24174,2021,E02003051,2021 super output areas - middle layer,152,Irish only identity,41
24175,2021,E02003051,2021 super output areas - middle layer,152,Irish and at least one UK identity,16
24176,2021,E02003051,2021 super output areas - middle layer,152,Other identity only,880
24177,2021,E02003051,2021 super output areas - middle layer,152,Other identity and at least one UK identity,262
24178,2021,E02003051,2021 super output areas - middle layer,152,Non-UK identity only,921
24179,2021,E02003051,2021 super output areas - middle layer,152,UK identity and non-UK identity,278
24180,2021,E02003052,2021 super output areas - middle layer,152,Total: All usual residents,7223
24181,2021,E02003052,2021 super output areas - middle layer,152,British only identity,4187
24182,2021,E02003052,2021 super output areas - middle layer,152,English only identity,1042
24183,2021,E02003052,2021 super output areas - middle layer,152,English and British only identity,1120
24184,2021,E02003052,2021 super output areas - middle layer,152,Welsh only identity,69
24185,2021,E02003052,2021 super output areas - middle layer,152,Welsh and British only identity,38
24186,2021,E02003052,2021 super output areas - middle layer,152,Any other combination of only UK identities,105
24187,2021,E02003052,2021 super output areas - middle layer,152,Scottish only identity,39
24188,2021,E02003052,2021 super output areas - middle layer,152,Scottish and British only identity,17
24189,2021,E02003052,2021 super output areas - middle layer,152,Northern Irish only identity,7
24190,2021,E02003052,2021 super output areas - middle layer,152,Northern Irish and British only identity,7
24191,2021,E02003052,2021 super output areas - middle layer,152,Cornish only identity,7
24192,2021,E02003052,2021 super output areas - middle layer,152,Cornish and British only identity,2
24193,2021,E02003052,2021 super output areas - middle layer,152,Any other combination of only UK identities ,26
24194,2021,E02003052,2021 super output areas - middle layer,152,Irish only identity,42
24195,2021,E02003052,2021 super output areas - middle layer,152,Irish and at least one UK identity,18
24196,2021,E02003052,2021 super output areas - middle layer,152,Other identity only,443
24197,2021,E02003052,2021 super output areas - middle layer,152,Other identity and at least one UK identity,159
24198,2021,E02003052,2021 super output areas - middle layer,152,Non-UK identity only,485
24199,2021,E02003052,2021 super output areas - middle layer,152,UK identity and non-UK identity,177
24200,2021,E02003053,2021 super output areas - middle layer,152,Total: All usual residents,8639
24201,2021,E02003053,2021 super output areas - middle layer,152,British only identity,5024
24202,2021,E02003053,2021 super output areas - middle layer,152,English only identity,1127
24203,2021,E02003053,2021 super output areas - middle layer,152,English and British only identity,1310
24204,2021,E02003053,2021 super output areas - middle layer,152,Welsh only identity,93
24205,2021,E02003053,2021 super output areas - middle layer,152,Welsh and British only identity,35
24206,2021,E02003053,2021 super output areas - middle layer,152,Any other combination of only UK identities,86
24207,2021,E02003053,2021 super output areas - middle layer,152,Scottish only identity,31
24208,2021,E02003053,2021 super output areas - middle layer,152,Scottish and British only identity,12
24209,2021,E02003053,2021 super output areas - middle layer,152,Northern Irish only identity,8
24210,2021,E02003053,2021 super output areas - middle layer,152,Northern Irish and British only identity,2
24211,2021,E02003053,2021 super output areas - middle layer,152,Cornish only identity,3
24212,2021,E02003053,2021 super output areas - middle layer,152,Cornish and British only identity,1
24213,2021,E02003053,2021 super output areas - middle layer,152,Any other combination of only UK identities ,29
24214,2021,E02003053,2021 super output areas - middle layer,152,Irish only identity,45
24215,2021,E02003053,2021 super output areas - middle layer,152,Irish and at least one UK identity,25
24216,2021,E02003053,2021 super output areas - middle layer,152,Other identity only,690
24217,2021,E02003053,2021 super output areas - middle layer,152,Other identity and at least one UK identity,204
24218,2021,E02003053,2021 super output areas - middle layer,152,Non-UK identity only,735
24219,2021,E02003053,2021 super output areas - middle layer,152,UK identity and non-UK identity,229
24220,2021,E02003054,2021 super output areas - middle layer,152,Total: All usual residents,6906
24221,2021,E02003054,2021 super output areas - middle layer,152,British only identity,3983
24222,2021,E02003054,2021 super output areas - middle layer,152,English only identity,1086
24223,2021,E02003054,2021 super output areas - middle layer,152,English and British only identity,1037
24224,2021,E02003054,2021 super output areas - middle layer,152,Welsh only identity,53
24225,2021,E02003054,2021 super output areas - middle layer,152,Welsh and British only identity,24
24226,2021,E02003054,2021 super output areas - middle layer,152,Any other combination of only UK identities,75
24227,2021,E02003054,2021 super output areas - middle layer,152,Scottish only identity,26
24228,2021,E02003054,2021 super output areas - middle layer,152,Scottish and British only identity,12
24229,2021,E02003054,2021 super output areas - middle layer,152,Northern Irish only identity,7
24230,2021,E02003054,2021 super output areas - middle layer,152,Northern Irish and British only identity,2
24231,2021,E02003054,2021 super output areas - middle layer,152,Cornish only identity,5
24232,2021,E02003054,2021 super output areas - middle layer,152,Cornish and British only identity,0
24233,2021,E02003054,2021 super output areas - middle layer,152,Any other combination of only UK identities ,23
24234,2021,E02003054,2021 super output areas - middle layer,152,Irish only identity,22
24235,2021,E02003054,2021 super output areas - middle layer,152,Irish and at least one UK identity,8
24236,2021,E02003054,2021 super output areas - middle layer,152,Other identity only,491
24237,2021,E02003054,2021 super output areas - middle layer,152,Other identity and at least one UK identity,127
24238,2021,E02003054,2021 super output areas - middle layer,152,Non-UK identity only,513
24239,2021,E02003054,2021 super output areas - middle layer,152,UK identity and non-UK identity,135
24240,2021,E02003055,2021 super output areas - middle layer,152,Total: All usual residents,9128
24241,2021,E02003055,2021 super output areas - middle layer,152,British only identity,5054
24242,2021,E02003055,2021 super output areas - middle layer,152,English only identity,1257
24243,2021,E02003055,2021 super output areas - middle layer,152,English and British only identity,1587
24244,2021,E02003055,2021 super output areas - middle layer,152,Welsh only identity,45
24245,2021,E02003055,2021 super output areas - middle layer,152,Welsh and British only identity,13
24246,2021,E02003055,2021 super output areas - middle layer,152,Any other combination of only UK identities,30
24247,2021,E02003055,2021 super output areas - middle layer,152,Scottish only identity,7
24248,2021,E02003055,2021 super output areas - middle layer,152,Scottish and British only identity,5
24249,2021,E02003055,2021 super output areas - middle layer,152,Northern Irish only identity,2
24250,2021,E02003055,2021 super output areas - middle layer,152,Northern Irish and British only identity,4
24251,2021,E02003055,2021 super output areas - middle layer,152,Cornish only identity,4
24252,2021,E02003055,2021 super output areas - middle layer,152,Cornish and British only identity,0
24253,2021,E02003055,2021 super output areas - middle layer,152,Any other combination of only UK identities ,8
24254,2021,E02003055,2021 super output areas - middle layer,152,Irish only identity,37
24255,2021,E02003055,2021 super output areas - middle layer,152,Irish and at least one UK identity,8
24256,2021,E02003055,2021 super output areas - middle layer,152,Other identity only,911
24257,2021,E02003055,2021 super output areas - middle layer,152,Other identity and at least one UK identity,186
24258,2021,E02003055,2021 super output areas - middle layer,152,Non-UK identity only,948
24259,2021,E02003055,2021 super output areas - middle layer,152,UK identity and non-UK identity,194
24260,2021,E02003056,2021 super output areas - middle layer,152,Total: All usual residents,7688
24261,2021,E02003056,2021 super output areas - middle layer,152,British only identity,4176
24262,2021,E02003056,2021 super output areas - middle layer,152,English only identity,1199
24263,2021,E02003056,2021 super output areas - middle layer,152,English and British only identity,1365
24264,2021,E02003056,2021 super output areas - middle layer,152,Welsh only identity,34
24265,2021,E02003056,2021 super output areas - middle layer,152,Welsh and British only identity,15
24266,2021,E02003056,2021 super output areas - middle layer,152,Any other combination of only UK identities,34
24267,2021,E02003056,2021 super output areas - middle layer,152,Scottish only identity,9
24268,2021,E02003056,2021 super output areas - middle layer,152,Scottish and British only identity,3
24269,2021,E02003056,2021 super output areas - middle layer,152,Northern Irish only identity,3
24270,2021,E02003056,2021 super output areas - middle layer,152,Northern Irish and British only identity,2
24271,2021,E02003056,2021 super output areas - middle layer,152,Cornish only identity,1
24272,2021,E02003056,2021 super output areas - middle layer,152,Cornish and British only identity,0
24273,2021,E02003056,2021 super output areas - middle layer,152,Any other combination of only UK identities ,16
24274,2021,E02003056,2021 super output areas - middle layer,152,Irish only identity,23
24275,2021,E02003056,2021 super output areas - middle layer,152,Irish and at least one UK identity,10
24276,2021,E02003056,2021 super output areas - middle layer,152,Other identity only,698
24277,2021,E02003056,2021 super output areas - middle layer,152,Other identity and at least one UK identity,134
24278,2021,E02003056,2021 super output areas - middle layer,152,Non-UK identity only,721
24279,2021,E02003056,2021 super output areas - middle layer,152,UK identity and non-UK identity,144
24280,2021,E02003057,2021 super output areas - middle layer,152,Total: All usual residents,6216
24281,2021,E02003057,2021 super output areas - middle layer,152,British only identity,3483
24282,2021,E02003057,2021 super output areas - middle layer,152,English only identity,1164
24283,2021,E02003057,2021 super output areas - middle layer,152,English and British only identity,1054
24284,2021,E02003057,2021 super output areas - middle layer,152,Welsh only identity,40
24285,2021,E02003057,2021 super output areas - middle layer,152,Welsh and British only identity,19
24286,2021,E02003057,2021 super output areas - middle layer,152,Any other combination of only UK identities,40
24287,2021,E02003057,2021 super output areas - middle layer,152,Scottish only identity,20
24288,2021,E02003057,2021 super output areas - middle layer,152,Scottish and British only identity,3
24289,2021,E02003057,2021 super output areas - middle layer,152,Northern Irish only identity,2
24290,2021,E02003057,2021 super output areas - middle layer,152,Northern Irish and British only identity,2
24291,2021,E02003057,2021 super output areas - middle layer,152,Cornish only identity,1
24292,2021,E02003057,2021 super output areas - middle layer,152,Cornish and British only identity,0
24293,2021,E02003057,2021 super output areas - middle layer,152,Any other combination of only UK identities ,12
24294,2021,E02003057,2021 super output areas - middle layer,152,Irish only identity,18
24295,2021,E02003057,2021 super output areas - middle layer,152,Irish and at least one UK identity,8
24296,2021,E02003057,2021 super output areas - middle layer,152,Other identity only,303
24297,2021,E02003057,2021 super output areas - middle layer,152,Other identity and at least one UK identity,87
24298,2021,E02003057,2021 super output areas - middle layer,152,Non-UK identity only,321
24299,2021,E02003057,2021 super output areas - middle layer,152,UK identity and non-UK identity,95
24300,2021,E02003058,2021 super output areas - middle layer,152,Total: All usual residents,9862
24301,2021,E02003058,2021 super output areas - middle layer,152,British only identity,5293
24302,2021,E02003058,2021 super output areas - middle layer,152,English only identity,1807
24303,2021,E02003058,2021 super output areas - middle layer,152,English and British only identity,1847
24304,2021,E02003058,2021 super output areas - middle layer,152,Welsh only identity,41
24305,2021,E02003058,2021 super output areas - middle layer,152,Welsh and British only identity,17
24306,2021,E02003058,2021 super output areas - middle layer,152,Any other combination of only UK identities,55
24307,2021,E02003058,2021 super output areas - middle layer,152,Scottish only identity,19
24308,2021,E02003058,2021 super output areas - middle layer,152,Scottish and British only identity,7
24309,2021,E02003058,2021 super output areas - middle layer,152,Northern Irish only identity,9
24310,2021,E02003058,2021 super output areas - middle layer,152,Northern Irish and British only identity,2
24311,2021,E02003058,2021 super output areas - middle layer,152,Cornish only identity,2
24312,2021,E02003058,2021 super output areas - middle layer,152,Cornish and British only identity,1
24313,2021,E02003058,2021 super output areas - middle layer,152,Any other combination of only UK identities ,15
24314,2021,E02003058,2021 super output areas - middle layer,152,Irish only identity,34
24315,2021,E02003058,2021 super output areas - middle layer,152,Irish and at least one UK identity,8
24316,2021,E02003058,2021 super output areas - middle layer,152,Other identity only,613
24317,2021,E02003058,2021 super output areas - middle layer,152,Other identity and at least one UK identity,147
24318,2021,E02003058,2021 super output areas - middle layer,152,Non-UK identity only,647
24319,2021,E02003058,2021 super output areas - middle layer,152,UK identity and non-UK identity,155
24320,2021,E02003059,2021 super output areas - middle layer,152,Total: All usual residents,6734
24321,2021,E02003059,2021 super output areas - middle layer,152,British only identity,3708
24322,2021,E02003059,2021 super output areas - middle layer,152,English only identity,1045
24323,2021,E02003059,2021 super output areas - middle layer,152,English and British only identity,1323
24324,2021,E02003059,2021 super output areas - middle layer,152,Welsh only identity,53
24325,2021,E02003059,2021 super output areas - middle layer,152,Welsh and British only identity,18
24326,2021,E02003059,2021 super output areas - middle layer,152,Any other combination of only UK identities,41
24327,2021,E02003059,2021 super output areas - middle layer,152,Scottish only identity,17
24328,2021,E02003059,2021 super output areas - middle layer,152,Scottish and British only identity,6
24329,2021,E02003059,2021 super output areas - middle layer,152,Northern Irish only identity,3
24330,2021,E02003059,2021 super output areas - middle layer,152,Northern Irish and British only identity,2
24331,2021,E02003059,2021 super output areas - middle layer,152,Cornish only identity,1
24332,2021,E02003059,2021 super output areas - middle layer,152,Cornish and British only identity,0
24333,2021,E02003059,2021 super output areas - middle layer,152,Any other combination of only UK identities ,12
24334,2021,E02003059,2021 super output areas - middle layer,152,Irish only identity,19
24335,2021,E02003059,2021 super output areas - middle layer,152,Irish and at least one UK identity,8
24336,2021,E02003059,2021 super output areas - middle layer,152,Other identity only,423
24337,2021,E02003059,2021 super output areas - middle layer,152,Other identity and at least one UK identity,96
24338,2021,E02003059,2021 super output areas - middle layer,152,Non-UK identity only,442
24339,2021,E02003059,2021 super output areas - middle layer,152,UK identity and non-UK identity,104
24340,2021,E02003060,2021 super output areas - middle layer,152,Total: All usual residents,11087
24341,2021,E02003060,2021 super output areas - middle layer,152,British only identity,5919
24342,2021,E02003060,2021 super output areas - middle layer,152,English only identity,2274
24343,2021,E02003060,2021 super output areas - middle layer,152,English and British only identity,2098
24344,2021,E02003060,2021 super output areas - middle layer,152,Welsh only identity,53
24345,2021,E02003060,2021 super output areas - middle layer,152,Welsh and British only identity,25
24346,2021,E02003060,2021 super output areas - middle layer,152,Any other combination of only UK identities,75
24347,2021,E02003060,2021 super output areas - middle layer,152,Scottish only identity,18
24348,2021,E02003060,2021 super output areas - middle layer,152,Scottish and British only identity,14
24349,2021,E02003060,2021 super output areas - middle layer,152,Northern Irish only identity,9
24350,2021,E02003060,2021 super output areas - middle layer,152,Northern Irish and British only identity,4
24351,2021,E02003060,2021 super output areas - middle layer,152,Cornish only identity,4
24352,2021,E02003060,2021 super output areas - middle layer,152,Cornish and British only identity,0
24353,2021,E02003060,2021 super output areas - middle layer,152,Any other combination of only UK identities ,26
24354,2021,E02003060,2021 super output areas - middle layer,152,Irish only identity,36
24355,2021,E02003060,2021 super output areas - middle layer,152,Irish and at least one UK identity,4
24356,2021,E02003060,2021 super output areas - middle layer,152,Other identity only,477
24357,2021,E02003060,2021 super output areas - middle layer,152,Other identity and at least one UK identity,126
24358,2021,E02003060,2021 super output areas - middle layer,152,Non-UK identity only,513
24359,2021,E02003060,2021 super output areas - middle layer,152,UK identity and non-UK identity,130
24360,2021,E02003061,2021 super output areas - middle layer,152,Total: All usual residents,6267
24361,2021,E02003061,2021 super output areas - middle layer,152,British only identity,3582
24362,2021,E02003061,2021 super output areas - middle layer,152,English only identity,1080
24363,2021,E02003061,2021 super output areas - middle layer,152,English and British only identity,1037
24364,2021,E02003061,2021 super output areas - middle layer,152,Welsh only identity,38
24365,2021,E02003061,2021 super output areas - middle layer,152,Welsh and British only identity,15
24366,2021,E02003061,2021 super output areas - middle layer,152,Any other combination of only UK identities,30
24367,2021,E02003061,2021 super output areas - middle layer,152,Scottish only identity,9
24368,2021,E02003061,2021 super output areas - middle layer,152,Scottish and British only identity,3
24369,2021,E02003061,2021 super output areas - middle layer,152,Northern Irish only identity,3
24370,2021,E02003061,2021 super output areas - middle layer,152,Northern Irish and British only identity,3
24371,2021,E02003061,2021 super output areas - middle layer,152,Cornish only identity,2
24372,2021,E02003061,2021 super output areas - middle layer,152,Cornish and British only identity,0
24373,2021,E02003061,2021 super output areas - middle layer,152,Any other combination of only UK identities ,10
24374,2021,E02003061,2021 super output areas - middle layer,152,Irish only identity,25
24375,2021,E02003061,2021 super output areas - middle layer,152,Irish and at least one UK identity,5
24376,2021,E02003061,2021 super output areas - middle layer,152,Other identity only,394
24377,2021,E02003061,2021 super output areas - middle layer,152,Other identity and at least one UK identity,61
24378,2021,E02003061,2021 super output areas - middle layer,152,Non-UK identity only,419
24379,2021,E02003061,2021 super output areas - middle layer,152,UK identity and non-UK identity,66
24380,2021,E02003062,2021 super output areas - middle layer,152,Total: All usual residents,5967
24381,2021,E02003062,2021 super output areas - middle layer,152,British only identity,3392
24382,2021,E02003062,2021 super output areas - middle layer,152,English only identity,964
24383,2021,E02003062,2021 super output areas - middle layer,152,English and British only identity,1106
24384,2021,E02003062,2021 super output areas - middle layer,152,Welsh only identity,25
24385,2021,E02003062,2021 super output areas - middle layer,152,Welsh and British only identity,7
24386,2021,E02003062,2021 super output areas - middle layer,152,Any other combination of only UK identities,39
24387,2021,E02003062,2021 super output areas - middle layer,152,Scottish only identity,10
24388,2021,E02003062,2021 super output areas - middle layer,152,Scottish and British only identity,1
24389,2021,E02003062,2021 super output areas - middle layer,152,Northern Irish only identity,6
24390,2021,E02003062,2021 super output areas - middle layer,152,Northern Irish and British only identity,4
24391,2021,E02003062,2021 super output areas - middle layer,152,Cornish only identity,2
24392,2021,E02003062,2021 super output areas - middle layer,152,Cornish and British only identity,1
24393,2021,E02003062,2021 super output areas - middle layer,152,Any other combination of only UK identities ,15
24394,2021,E02003062,2021 super output areas - middle layer,152,Irish only identity,14
24395,2021,E02003062,2021 super output areas - middle layer,152,Irish and at least one UK identity,8
24396,2021,E02003062,2021 super output areas - middle layer,152,Other identity only,348
24397,2021,E02003062,2021 super output areas - middle layer,152,Other identity and at least one UK identity,64
24398,2021,E02003062,2021 super output areas - middle layer,152,Non-UK identity only,362
24399,2021,E02003062,2021 super output areas - middle layer,152,UK identity and non-UK identity,72
24400,2021,E02003063,2021 super output areas - middle layer,152,Total: All usual residents,7281
24401,2021,E02003063,2021 super output areas - middle layer,152,British only identity,3773
24402,2021,E02003063,2021 super output areas - middle layer,152,English only identity,1631
24403,2021,E02003063,2021 super output areas - middle layer,152,English and British only identity,1476
24404,2021,E02003063,2021 super output areas - middle layer,152,Welsh only identity,32
24405,2021,E02003063,2021 super output areas - middle layer,152,Welsh and British only identity,16
24406,2021,E02003063,2021 super output areas - middle layer,152,Any other combination of only UK identities,41
24407,2021,E02003063,2021 super output areas - middle layer,152,Scottish only identity,13
24408,2021,E02003063,2021 super output areas - middle layer,152,Scottish and British only identity,7
24409,2021,E02003063,2021 super output areas - middle layer,152,Northern Irish only identity,10
24410,2021,E02003063,2021 super output areas - middle layer,152,Northern Irish and British only identity,4
24411,2021,E02003063,2021 super output areas - middle layer,152,Cornish only identity,2
24412,2021,E02003063,2021 super output areas - middle layer,152,Cornish and British only identity,0
24413,2021,E02003063,2021 super output areas - middle layer,152,Any other combination of only UK identities ,5
24414,2021,E02003063,2021 super output areas - middle layer,152,Irish only identity,24
24415,2021,E02003063,2021 super output areas - middle layer,152,Irish and at least one UK identity,2
24416,2021,E02003063,2021 super output areas - middle layer,152,Other identity only,245
24417,2021,E02003063,2021 super output areas - middle layer,152,Other identity and at least one UK identity,41
24418,2021,E02003063,2021 super output areas - middle layer,152,Non-UK identity only,269
24419,2021,E02003063,2021 super output areas - middle layer,152,UK identity and non-UK identity,43
24420,2021,E02003064,2021 super output areas - middle layer,152,Total: All usual residents,7408
24421,2021,E02003064,2021 super output areas - middle layer,152,British only identity,4235
24422,2021,E02003064,2021 super output areas - middle layer,152,English only identity,1060
24423,2021,E02003064,2021 super output areas - middle layer,152,English and British only identity,1408
24424,2021,E02003064,2021 super output areas - middle layer,152,Welsh only identity,30
24425,2021,E02003064,2021 super output areas - middle layer,152,Welsh and British only identity,8
24426,2021,E02003064,2021 super output areas - middle layer,152,Any other combination of only UK identities,25
24427,2021,E02003064,2021 super output areas - middle layer,152,Scottish only identity,7
24428,2021,E02003064,2021 super output areas - middle layer,152,Scottish and British only identity,4
24429,2021,E02003064,2021 super output areas - middle layer,152,Northern Irish only identity,6
24430,2021,E02003064,2021 super output areas - middle layer,152,Northern Irish and British only identity,4
24431,2021,E02003064,2021 super output areas - middle layer,152,Cornish only identity,0
24432,2021,E02003064,2021 super output areas - middle layer,152,Cornish and British only identity,0
24433,2021,E02003064,2021 super output areas - middle layer,152,Any other combination of only UK identities ,4
24434,2021,E02003064,2021 super output areas - middle layer,152,Irish only identity,27
24435,2021,E02003064,2021 super output areas - middle layer,152,Irish and at least one UK identity,2
24436,2021,E02003064,2021 super output areas - middle layer,152,Other identity only,532
24437,2021,E02003064,2021 super output areas - middle layer,152,Other identity and at least one UK identity,81
24438,2021,E02003064,2021 super output areas - middle layer,152,Non-UK identity only,559
24439,2021,E02003064,2021 super output areas - middle layer,152,UK identity and non-UK identity,83
24440,2021,E02006887,2021 super output areas - middle layer,152,Total: All usual residents,10108
24441,2021,E02006887,2021 super output areas - middle layer,152,British only identity,4722
24442,2021,E02006887,2021 super output areas - middle layer,152,English only identity,686
24443,2021,E02006887,2021 super output areas - middle layer,152,English and British only identity,1075
24444,2021,E02006887,2021 super output areas - middle layer,152,Welsh only identity,157
24445,2021,E02006887,2021 super output areas - middle layer,152,Welsh and British only identity,70
24446,2021,E02006887,2021 super output areas - middle layer,152,Any other combination of only UK identities,177
24447,2021,E02006887,2021 super output areas - middle layer,152,Scottish only identity,47
24448,2021,E02006887,2021 super output areas - middle layer,152,Scottish and British only identity,22
24449,2021,E02006887,2021 super output areas - middle layer,152,Northern Irish only identity,19
24450,2021,E02006887,2021 super output areas - middle layer,152,Northern Irish and British only identity,15
24451,2021,E02006887,2021 super output areas - middle layer,152,Cornish only identity,5
24452,2021,E02006887,2021 super output areas - middle layer,152,Cornish and British only identity,1
24453,2021,E02006887,2021 super output areas - middle layer,152,Any other combination of only UK identities ,68
24454,2021,E02006887,2021 super output areas - middle layer,152,Irish only identity,57
24455,2021,E02006887,2021 super output areas - middle layer,152,Irish and at least one UK identity,12
24456,2021,E02006887,2021 super output areas - middle layer,152,Other identity only,2634
24457,2021,E02006887,2021 super output areas - middle layer,152,Other identity and at least one UK identity,518
24458,2021,E02006887,2021 super output areas - middle layer,152,Non-UK identity only,2691
24459,2021,E02006887,2021 super output areas - middle layer,152,UK identity and non-UK identity,530
24460,2021,E02006888,2021 super output areas - middle layer,152,Total: All usual residents,7278
24461,2021,E02006888,2021 super output areas - middle layer,152,British only identity,4371
24462,2021,E02006888,2021 super output areas - middle layer,152,English only identity,396
24463,2021,E02006888,2021 super output areas - middle layer,152,English and British only identity,504
24464,2021,E02006888,2021 super output areas - middle layer,152,Welsh only identity,64
24465,2021,E02006888,2021 super output areas - middle layer,152,Welsh and British only identity,25
24466,2021,E02006888,2021 super output areas - middle layer,152,Any other combination of only UK identities,71
24467,2021,E02006888,2021 super output areas - middle layer,152,Scottish only identity,24
24468,2021,E02006888,2021 super output areas - middle layer,152,Scottish and British only identity,11
24469,2021,E02006888,2021 super output areas - middle layer,152,Northern Irish only identity,9
24470,2021,E02006888,2021 super output areas - middle layer,152,Northern Irish and British only identity,0
24471,2021,E02006888,2021 super output areas - middle layer,152,Cornish only identity,2
24472,2021,E02006888,2021 super output areas - middle layer,152,Cornish and British only identity,3
24473,2021,E02006888,2021 super output areas - middle layer,152,Any other combination of only UK identities ,22
24474,2021,E02006888,2021 super output areas - middle layer,152,Irish only identity,33
24475,2021,E02006888,2021 super output areas - middle layer,152,Irish and at least one UK identity,16
24476,2021,E02006888,2021 super output areas - middle layer,152,Other identity only,1532
24477,2021,E02006888,2021 super output areas - middle layer,152,Other identity and at least one UK identity,266
24478,2021,E02006888,2021 super output areas - middle layer,152,Non-UK identity only,1565
24479,2021,E02006888,2021 super output areas - middle layer,152,UK identity and non-UK identity,282
24480,2021,E02006889,2021 super output areas - middle layer,152,Total: All usual residents,8229
24481,2021,E02006889,2021 super output areas - middle layer,152,British only identity,4929
24482,2021,E02006889,2021 super output areas - middle layer,152,English only identity,479
24483,2021,E02006889,2021 super output areas - middle layer,152,English and British only identity,533
24484,2021,E02006889,2021 super output areas - middle layer,152,Welsh only identity,43
24485,2021,E02006889,2021 super output areas - middle layer,152,Welsh and British only identity,14
24486,2021,E02006889,2021 super output areas - middle layer,152,Any other combination of only UK identities,56
24487,2021,E02006889,2021 super output areas - middle layer,152,Scottish only identity,15
24488,2021,E02006889,2021 super output areas - middle layer,152,Scottish and British only identity,7
24489,2021,E02006889,2021 super output areas - middle layer,152,Northern Irish only identity,9
24490,2021,E02006889,2021 super output areas - middle layer,152,Northern Irish and British only identity,7
24491,2021,E02006889,2021 super output areas - middle layer,152,Cornish only identity,2
24492,2021,E02006889,2021 super output areas - middle layer,152,Cornish and British only identity,0
24493,2021,E02006889,2021 super output areas - middle layer,152,Any other combination of only UK identities ,16
24494,2021,E02006889,2021 super output areas - middle layer,152,Irish only identity,24
24495,2021,E02006889,2021 super output areas - middle layer,152,Irish and at least one UK identity,9
24496,2021,E02006889,2021 super output areas - middle layer,152,Other identity only,1873
24497,2021,E02006889,2021 super output areas - middle layer,152,Other identity and at least one UK identity,269
24498,2021,E02006889,2021 super output areas - middle layer,152,Non-UK identity only,1897
24499,2021,E02006889,2021 super output areas - middle layer,152,UK identity and non-UK identity,278
24500,2021,E02006890,2021 super output areas - middle layer,152,Total: All usual residents,9168
24501,2021,E02006890,2021 super output areas - middle layer,152,British only identity,5386
24502,2021,E02006890,2021 super output areas - middle layer,152,English only identity,568
24503,2021,E02006890,2021 super output areas - middle layer,152,English and British only identity,728
24504,2021,E02006890,2021 super output areas - middle layer,152,Welsh only identity,82
24505,2021,E02006890,2021 super output areas - middle layer,152,Welsh and British only identity,38
24506,2021,E02006890,2021 super output areas - middle layer,152,Any other combination of only UK identities,103
24507,2021,E02006890,2021 super output areas - middle layer,152,Scottish only identity,46
24508,2021,E02006890,2021 super output areas - middle layer,152,Scottish and British only identity,8
24509,2021,E02006890,2021 super output areas - middle layer,152,Northern Irish only identity,7
24510,2021,E02006890,2021 super output areas - middle layer,152,Northern Irish and British only identity,6
24511,2021,E02006890,2021 super output areas - middle layer,152,Cornish only identity,11
24512,2021,E02006890,2021 super output areas - middle layer,152,Cornish and British only identity,0
24513,2021,E02006890,2021 super output areas - middle layer,152,Any other combination of only UK identities ,25
24514,2021,E02006890,2021 super output areas - middle layer,152,Irish only identity,48
24515,2021,E02006890,2021 super output areas - middle layer,152,Irish and at least one UK identity,21
24516,2021,E02006890,2021 super output areas - middle layer,152,Other identity only,1814
24517,2021,E02006890,2021 super output areas - middle layer,152,Other identity and at least one UK identity,380
24518,2021,E02006890,2021 super output areas - middle layer,152,Non-UK identity only,1862
24519,2021,E02006890,2021 super output areas - middle layer,152,UK identity and non-UK identity,401
24520,2021,E02006949,2021 super output areas - middle layer,152,Total: All usual residents,6690
24521,2021,E02006949,2021 super output areas - middle layer,152,British only identity,4021
24522,2021,E02006949,2021 super output areas - middle layer,152,English only identity,462
24523,2021,E02006949,2021 super output areas - middle layer,152,English and British only identity,615
24524,2021,E02006949,2021 super output areas - middle layer,152,Welsh only identity,96
24525,2021,E02006949,2021 super output areas - middle layer,152,Welsh and British only identity,49
24526,2021,E02006949,2021 super output areas - middle layer,152,Any other combination of only UK identities,116
24527,2021,E02006949,2021 super output areas - middle layer,152,Scottish only identity,42
24528,2021,E02006949,2021 super output areas - middle layer,152,Scottish and British only identity,15
24529,2021,E02006949,2021 super output areas - middle layer,152,Northern Irish only identity,7
24530,2021,E02006949,2021 super output areas - middle layer,152,Northern Irish and British only identity,3
24531,2021,E02006949,2021 super output areas - middle layer,152,Cornish only identity,10
24532,2021,E02006949,2021 super output areas - middle layer,152,Cornish and British only identity,3
24533,2021,E02006949,2021 super output areas - middle layer,152,Any other combination of only UK identities ,36
24534,2021,E02006949,2021 super output areas - middle layer,152,Irish only identity,43
24535,2021,E02006949,2021 super output areas - middle layer,152,Irish and at least one UK identity,27
24536,2021,E02006949,2021 super output areas - middle layer,152,Other identity only,963
24537,2021,E02006949,2021 super output areas - middle layer,152,Other identity and at least one UK identity,298
24538,2021,E02006949,2021 super output areas - middle layer,152,Non-UK identity only,1006
24539,2021,E02006949,2021 super output areas - middle layer,152,UK identity and non-UK identity,325
24540,2021,E02006950,2021 super output areas - middle layer,152,Total: All usual residents,7547
24541,2021,E02006950,2021 super output areas - middle layer,152,British only identity,4241
24542,2021,E02006950,2021 super output areas - middle layer,152,English only identity,429
24543,2021,E02006950,2021 super output areas - middle layer,152,English and British only identity,720
24544,2021,E02006950,2021 super output areas - middle layer,152,Welsh only identity,108
24545,2021,E02006950,2021 super output areas - middle layer,152,Welsh and British only identity,55
24546,2021,E02006950,2021 super output areas - middle layer,152,Any other combination of only UK identities,102
24547,2021,E02006950,2021 super output areas - middle layer,152,Scottish only identity,24
24548,2021,E02006950,2021 super output areas - middle layer,152,Scottish and British only identity,11
24549,2021,E02006950,2021 super output areas - middle layer,152,Northern Irish only identity,18
24550,2021,E02006950,2021 super output areas - middle layer,152,Northern Irish and British only identity,5
24551,2021,E02006950,2021 super output areas - middle layer,152,Cornish only identity,14
24552,2021,E02006950,2021 super output areas - middle layer,152,Cornish and British only identity,0
24553,2021,E02006950,2021 super output areas - middle layer,152,Any other combination of only UK identities ,30
24554,2021,E02006950,2021 super output areas - middle layer,152,Irish only identity,51
24555,2021,E02006950,2021 super output areas - middle layer,152,Irish and at least one UK identity,17
24556,2021,E02006950,2021 super output areas - middle layer,152,Other identity only,1492
24557,2021,E02006950,2021 super output areas - middle layer,152,Other identity and at least one UK identity,332
24558,2021,E02006950,2021 super output areas - middle layer,152,Non-UK identity only,1543
24559,2021,E02006950,2021 super output areas - middle layer,152,UK identity and non-UK identity,349
24560,2021,E02006951,2021 super output areas - middle layer,152,Total: All usual residents,8536
24561,2021,E02006951,2021 super output areas - middle layer,152,British only identity,3441
24562,2021,E02006951,2021 super output areas - middle layer,152,English only identity,589
24563,2021,E02006951,2021 super output areas - middle layer,152,English and British only identity,1182
24564,2021,E02006951,2021 super output areas - middle layer,152,Welsh only identity,178
24565,2021,E02006951,2021 super output areas - middle layer,152,Welsh and British only identity,72
24566,2021,E02006951,2021 super output areas - middle layer,152,Any other combination of only UK identities,161
24567,2021,E02006951,2021 super output areas - middle layer,152,Scottish only identity,39
24568,2021,E02006951,2021 super output areas - middle layer,152,Scottish and British only identity,11
24569,2021,E02006951,2021 super output areas - middle layer,152,Northern Irish only identity,21
24570,2021,E02006951,2021 super output areas - middle layer,152,Northern Irish and British only identity,13
24571,2021,E02006951,2021 super output areas - middle layer,152,Cornish only identity,9
24572,2021,E02006951,2021 super output areas - middle layer,152,Cornish and British only identity,4
24573,2021,E02006951,2021 super output areas - middle layer,152,Any other combination of only UK identities ,64
24574,2021,E02006951,2021 super output areas - middle layer,152,Irish only identity,79
24575,2021,E02006951,2021 super output areas - middle layer,152,Irish and at least one UK identity,28
24576,2021,E02006951,2021 super output areas - middle layer,152,Other identity only,2364
24577,2021,E02006951,2021 super output areas - middle layer,152,Other identity and at least one UK identity,442
24578,2021,E02006951,2021 super output areas - middle layer,152,Non-UK identity only,2443
24579,2021,E02006951,2021 super output areas - middle layer,152,UK identity and non-UK identity,470
24580,2021,E02006952,2021 super output areas - middle layer,152,Total: All usual residents,8021
24581,2021,E02006952,2021 super output areas - middle layer,152,British only identity,3367
24582,2021,E02006952,2021 super output areas - middle layer,152,English only identity,527
24583,2021,E02006952,2021 super output areas - middle layer,152,English and British only identity,1125
24584,2021,E02006952,2021 super output areas - middle layer,152,Welsh only identity,210
24585,2021,E02006952,2021 super output areas - middle layer,152,Welsh and British only identity,102
24586,2021,E02006952,2021 super output areas - middle layer,152,Any other combination of only UK identities,145
24587,2021,E02006952,2021 super output areas - middle layer,152,Scottish only identity,36
24588,2021,E02006952,2021 super output areas - middle layer,152,Scottish and British only identity,27
24589,2021,E02006952,2021 super output areas - middle layer,152,Northern Irish only identity,19
24590,2021,E02006952,2021 super output areas - middle layer,152,Northern Irish and British only identity,5
24591,2021,E02006952,2021 super output areas - middle layer,152,Cornish only identity,2
24592,2021,E02006952,2021 super output areas - middle layer,152,Cornish and British only identity,0
24593,2021,E02006952,2021 super output areas - middle layer,152,Any other combination of only UK identities ,56
24594,2021,E02006952,2021 super output areas - middle layer,152,Irish only identity,52
24595,2021,E02006952,2021 super output areas - middle layer,152,Irish and at least one UK identity,24
24596,2021,E02006952,2021 super output areas - middle layer,152,Other identity only,2078
24597,2021,E02006952,2021 super output areas - middle layer,152,Other identity and at least one UK identity,391
24598,2021,E02006952,2021 super output areas - middle layer,152,Non-UK identity only,2130
24599,2021,E02006952,2021 super output areas - middle layer,152,UK identity and non-UK identity,415
24600,2021,E02003065,2021 super output areas - middle layer,152,Total: All usual residents,9784
24601,2021,E02003065,2021 super output areas - middle layer,152,British only identity,5700
24602,2021,E02003065,2021 super output areas - middle layer,152,English only identity,1522
24603,2021,E02003065,2021 super output areas - middle layer,152,English and British only identity,1461
24604,2021,E02003065,2021 super output areas - middle layer,152,Welsh only identity,134
24605,2021,E02003065,2021 super output areas - middle layer,152,Welsh and British only identity,68
24606,2021,E02003065,2021 super output areas - middle layer,152,Any other combination of only UK identities,142
24607,2021,E02003065,2021 super output areas - middle layer,152,Scottish only identity,57
24608,2021,E02003065,2021 super output areas - middle layer,152,Scottish and British only identity,26
24609,2021,E02003065,2021 super output areas - middle layer,152,Northern Irish only identity,19
24610,2021,E02003065,2021 super output areas - middle layer,152,Northern Irish and British only identity,4
24611,2021,E02003065,2021 super output areas - middle layer,152,Cornish only identity,4
24612,2021,E02003065,2021 super output areas - middle layer,152,Cornish and British only identity,2
24613,2021,E02003065,2021 super output areas - middle layer,152,Any other combination of only UK identities ,30
24614,2021,E02003065,2021 super output areas - middle layer,152,Irish only identity,42
24615,2021,E02003065,2021 super output areas - middle layer,152,Irish and at least one UK identity,9
24616,2021,E02003065,2021 super output areas - middle layer,152,Other identity only,541
24617,2021,E02003065,2021 super output areas - middle layer,152,Other identity and at least one UK identity,165
24618,2021,E02003065,2021 super output areas - middle layer,152,Non-UK identity only,583
24619,2021,E02003065,2021 super output areas - middle layer,152,UK identity and non-UK identity,174
24620,2021,E02003066,2021 super output areas - middle layer,152,Total: All usual residents,6146
24621,2021,E02003066,2021 super output areas - middle layer,152,British only identity,3658
24622,2021,E02003066,2021 super output areas - middle layer,152,English only identity,1005
24623,2021,E02003066,2021 super output areas - middle layer,152,English and British only identity,1015
24624,2021,E02003066,2021 super output areas - middle layer,152,Welsh only identity,62
24625,2021,E02003066,2021 super output areas - middle layer,152,Welsh and British only identity,48
24626,2021,E02003066,2021 super output areas - middle layer,152,Any other combination of only UK identities,84
24627,2021,E02003066,2021 super output areas - middle layer,152,Scottish only identity,29
24628,2021,E02003066,2021 super output areas - middle layer,152,Scottish and British only identity,22
24629,2021,E02003066,2021 super output areas - middle layer,152,Northern Irish only identity,3
24630,2021,E02003066,2021 super output areas - middle layer,152,Northern Irish and British only identity,10
24631,2021,E02003066,2021 super output areas - middle layer,152,Cornish only identity,0
24632,2021,E02003066,2021 super output areas - middle layer,152,Cornish and British only identity,0
24633,2021,E02003066,2021 super output areas - middle layer,152,Any other combination of only UK identities ,20
24634,2021,E02003066,2021 super output areas - middle layer,152,Irish only identity,27
24635,2021,E02003066,2021 super output areas - middle layer,152,Irish and at least one UK identity,3
24636,2021,E02003066,2021 super output areas - middle layer,152,Other identity only,176
24637,2021,E02003066,2021 super output areas - middle layer,152,Other identity and at least one UK identity,68
24638,2021,E02003066,2021 super output areas - middle layer,152,Non-UK identity only,203
24639,2021,E02003066,2021 super output areas - middle layer,152,UK identity and non-UK identity,71
24640,2021,E02003067,2021 super output areas - middle layer,152,Total: All usual residents,8184
24641,2021,E02003067,2021 super output areas - middle layer,152,British only identity,4700
24642,2021,E02003067,2021 super output areas - middle layer,152,English only identity,1360
24643,2021,E02003067,2021 super output areas - middle layer,152,English and British only identity,1467
24644,2021,E02003067,2021 super output areas - middle layer,152,Welsh only identity,102
24645,2021,E02003067,2021 super output areas - middle layer,152,Welsh and British only identity,51
24646,2021,E02003067,2021 super output areas - middle layer,152,Any other combination of only UK identities,74
24647,2021,E02003067,2021 super output areas - middle layer,152,Scottish only identity,23
24648,2021,E02003067,2021 super output areas - middle layer,152,Scottish and British only identity,9
24649,2021,E02003067,2021 super output areas - middle layer,152,Northern Irish only identity,6
24650,2021,E02003067,2021 super output areas - middle layer,152,Northern Irish and British only identity,6
24651,2021,E02003067,2021 super output areas - middle layer,152,Cornish only identity,2
24652,2021,E02003067,2021 super output areas - middle layer,152,Cornish and British only identity,0
24653,2021,E02003067,2021 super output areas - middle layer,152,Any other combination of only UK identities ,28
24654,2021,E02003067,2021 super output areas - middle layer,152,Irish only identity,29
24655,2021,E02003067,2021 super output areas - middle layer,152,Irish and at least one UK identity,5
24656,2021,E02003067,2021 super output areas - middle layer,152,Other identity only,315
24657,2021,E02003067,2021 super output areas - middle layer,152,Other identity and at least one UK identity,81
24658,2021,E02003067,2021 super output areas - middle layer,152,Non-UK identity only,344
24659,2021,E02003067,2021 super output areas - middle layer,152,UK identity and non-UK identity,86
24660,2021,E02003068,2021 super output areas - middle layer,152,Total: All usual residents,6385
24661,2021,E02003068,2021 super output areas - middle layer,152,British only identity,3833
24662,2021,E02003068,2021 super output areas - middle layer,152,English only identity,1005
24663,2021,E02003068,2021 super output areas - middle layer,152,English and British only identity,982
24664,2021,E02003068,2021 super output areas - middle layer,152,Welsh only identity,71
24665,2021,E02003068,2021 super output areas - middle layer,152,Welsh and British only identity,29
24666,2021,E02003068,2021 super output areas - middle layer,152,Any other combination of only UK identities,74
24667,2021,E02003068,2021 super output areas - middle layer,152,Scottish only identity,29
24668,2021,E02003068,2021 super output areas - middle layer,152,Scottish and British only identity,19
24669,2021,E02003068,2021 super output areas - middle layer,152,Northern Irish only identity,11
24670,2021,E02003068,2021 super output areas - middle layer,152,Northern Irish and British only identity,0
24671,2021,E02003068,2021 super output areas - middle layer,152,Cornish only identity,0
24672,2021,E02003068,2021 super output areas - middle layer,152,Cornish and British only identity,0
24673,2021,E02003068,2021 super output areas - middle layer,152,Any other combination of only UK identities ,15
24674,2021,E02003068,2021 super output areas - middle layer,152,Irish only identity,26
24675,2021,E02003068,2021 super output areas - middle layer,152,Irish and at least one UK identity,3
24676,2021,E02003068,2021 super output areas - middle layer,152,Other identity only,259
24677,2021,E02003068,2021 super output areas - middle layer,152,Other identity and at least one UK identity,103
24678,2021,E02003068,2021 super output areas - middle layer,152,Non-UK identity only,285
24679,2021,E02003068,2021 super output areas - middle layer,152,UK identity and non-UK identity,106
24680,2021,E02003069,2021 super output areas - middle layer,152,Total: All usual residents,5676
24681,2021,E02003069,2021 super output areas - middle layer,152,British only identity,3452
24682,2021,E02003069,2021 super output areas - middle layer,152,English only identity,825
24683,2021,E02003069,2021 super output areas - middle layer,152,English and British only identity,892
24684,2021,E02003069,2021 super output areas - middle layer,152,Welsh only identity,58
24685,2021,E02003069,2021 super output areas - middle layer,152,Welsh and British only identity,29
24686,2021,E02003069,2021 super output areas - middle layer,152,Any other combination of only UK identities,80
24687,2021,E02003069,2021 super output areas - middle layer,152,Scottish only identity,33
24688,2021,E02003069,2021 super output areas - middle layer,152,Scottish and British only identity,23
24689,2021,E02003069,2021 super output areas - middle layer,152,Northern Irish only identity,5
24690,2021,E02003069,2021 super output areas - middle layer,152,Northern Irish and British only identity,4
24691,2021,E02003069,2021 super output areas - middle layer,152,Cornish only identity,3
24692,2021,E02003069,2021 super output areas - middle layer,152,Cornish and British only identity,3
24693,2021,E02003069,2021 super output areas - middle layer,152,Any other combination of only UK identities ,9
24694,2021,E02003069,2021 super output areas - middle layer,152,Irish only identity,43
24695,2021,E02003069,2021 super output areas - middle layer,152,Irish and at least one UK identity,11
24696,2021,E02003069,2021 super output areas - middle layer,152,Other identity only,214
24697,2021,E02003069,2021 super output areas - middle layer,152,Other identity and at least one UK identity,72
24698,2021,E02003069,2021 super output areas - middle layer,152,Non-UK identity only,257
24699,2021,E02003069,2021 super output areas - middle layer,152,UK identity and non-UK identity,83
24700,2021,E02003070,2021 super output areas - middle layer,152,Total: All usual residents,13360
24701,2021,E02003070,2021 super output areas - middle layer,152,British only identity,8153
24702,2021,E02003070,2021 super output areas - middle layer,152,English only identity,1858
24703,2021,E02003070,2021 super output areas - middle layer,152,English and British only identity,2167
24704,2021,E02003070,2021 super output areas - middle layer,152,Welsh only identity,147
24705,2021,E02003070,2021 super output areas - middle layer,152,Welsh and British only identity,82
24706,2021,E02003070,2021 super output areas - middle layer,152,Any other combination of only UK identities,185
24707,2021,E02003070,2021 super output areas - middle layer,152,Scottish only identity,66
24708,2021,E02003070,2021 super output areas - middle layer,152,Scottish and British only identity,37
24709,2021,E02003070,2021 super output areas - middle layer,152,Northern Irish only identity,20
24710,2021,E02003070,2021 super output areas - middle layer,152,Northern Irish and British only identity,9
24711,2021,E02003070,2021 super output areas - middle layer,152,Cornish only identity,5
24712,2021,E02003070,2021 super output areas - middle layer,152,Cornish and British only identity,0
24713,2021,E02003070,2021 super output areas - middle layer,152,Any other combination of only UK identities ,48
24714,2021,E02003070,2021 super output areas - middle layer,152,Irish only identity,55
24715,2021,E02003070,2021 super output areas - middle layer,152,Irish and at least one UK identity,29
24716,2021,E02003070,2021 super output areas - middle layer,152,Other identity only,471
24717,2021,E02003070,2021 super output areas - middle layer,152,Other identity and at least one UK identity,213
24718,2021,E02003070,2021 super output areas - middle layer,152,Non-UK identity only,526
24719,2021,E02003070,2021 super output areas - middle layer,152,UK identity and non-UK identity,242
24720,2021,E02003071,2021 super output areas - middle layer,152,Total: All usual residents,8031
24721,2021,E02003071,2021 super output areas - middle layer,152,British only identity,4637
24722,2021,E02003071,2021 super output areas - middle layer,152,English only identity,1468
24723,2021,E02003071,2021 super output areas - middle layer,152,English and British only identity,1264
24724,2021,E02003071,2021 super output areas - middle layer,152,Welsh only identity,102
24725,2021,E02003071,2021 super output areas - middle layer,152,Welsh and British only identity,35
24726,2021,E02003071,2021 super output areas - middle layer,152,Any other combination of only UK identities,92
24727,2021,E02003071,2021 super output areas - middle layer,152,Scottish only identity,40
24728,2021,E02003071,2021 super output areas - middle layer,152,Scottish and British only identity,17
24729,2021,E02003071,2021 super output areas - middle layer,152,Northern Irish only identity,9
24730,2021,E02003071,2021 super output areas - middle layer,152,Northern Irish and British only identity,3
24731,2021,E02003071,2021 super output areas - middle layer,152,Cornish only identity,2
24732,2021,E02003071,2021 super output areas - middle layer,152,Cornish and British only identity,1
24733,2021,E02003071,2021 super output areas - middle layer,152,Any other combination of only UK identities ,20
24734,2021,E02003071,2021 super output areas - middle layer,152,Irish only identity,18
24735,2021,E02003071,2021 super output areas - middle layer,152,Irish and at least one UK identity,17
24736,2021,E02003071,2021 super output areas - middle layer,152,Other identity only,306
24737,2021,E02003071,2021 super output areas - middle layer,152,Other identity and at least one UK identity,92
24738,2021,E02003071,2021 super output areas - middle layer,152,Non-UK identity only,324
24739,2021,E02003071,2021 super output areas - middle layer,152,UK identity and non-UK identity,109
24740,2021,E02003072,2021 super output areas - middle layer,152,Total: All usual residents,9248
24741,2021,E02003072,2021 super output areas - middle layer,152,British only identity,5212
24742,2021,E02003072,2021 super output areas - middle layer,152,English only identity,1887
24743,2021,E02003072,2021 super output areas - middle layer,152,English and British only identity,1516
24744,2021,E02003072,2021 super output areas - middle layer,152,Welsh only identity,82
24745,2021,E02003072,2021 super output areas - middle layer,152,Welsh and British only identity,44
24746,2021,E02003072,2021 super output areas - middle layer,152,Any other combination of only UK identities,103
24747,2021,E02003072,2021 super output areas - middle layer,152,Scottish only identity,38
24748,2021,E02003072,2021 super output areas - middle layer,152,Scottish and British only identity,31
24749,2021,E02003072,2021 super output areas - middle layer,152,Northern Irish only identity,13
24750,2021,E02003072,2021 super output areas - middle layer,152,Northern Irish and British only identity,4
24751,2021,E02003072,2021 super output areas - middle layer,152,Cornish only identity,1
24752,2021,E02003072,2021 super output areas - middle layer,152,Cornish and British only identity,1
24753,2021,E02003072,2021 super output areas - middle layer,152,Any other combination of only UK identities ,15
24754,2021,E02003072,2021 super output areas - middle layer,152,Irish only identity,26
24755,2021,E02003072,2021 super output areas - middle layer,152,Irish and at least one UK identity,12
24756,2021,E02003072,2021 super output areas - middle layer,152,Other identity only,252
24757,2021,E02003072,2021 super output areas - middle layer,152,Other identity and at least one UK identity,114
24758,2021,E02003072,2021 super output areas - middle layer,152,Non-UK identity only,278
24759,2021,E02003072,2021 super output areas - middle layer,152,UK identity and non-UK identity,126
24760,2021,E02003073,2021 super output areas - middle layer,152,Total: All usual residents,6290
24761,2021,E02003073,2021 super output areas - middle layer,152,British only identity,3663
24762,2021,E02003073,2021 super output areas - middle layer,152,English only identity,1046
24763,2021,E02003073,2021 super output areas - middle layer,152,English and British only identity,1060
24764,2021,E02003073,2021 super output areas - middle layer,152,Welsh only identity,87
24765,2021,E02003073,2021 super output areas - middle layer,152,Welsh and British only identity,40
24766,2021,E02003073,2021 super output areas - middle layer,152,Any other combination of only UK identities,89
24767,2021,E02003073,2021 super output areas - middle layer,152,Scottish only identity,33
24768,2021,E02003073,2021 super output areas - middle layer,152,Scottish and British only identity,15
24769,2021,E02003073,2021 super output areas - middle layer,152,Northern Irish only identity,8
24770,2021,E02003073,2021 super output areas - middle layer,152,Northern Irish and British only identity,4
24771,2021,E02003073,2021 super output areas - middle layer,152,Cornish only identity,3
24772,2021,E02003073,2021 super output areas - middle layer,152,Cornish and British only identity,1
24773,2021,E02003073,2021 super output areas - middle layer,152,Any other combination of only UK identities ,25
24774,2021,E02003073,2021 super output areas - middle layer,152,Irish only identity,11
24775,2021,E02003073,2021 super output areas - middle layer,152,Irish and at least one UK identity,3
24776,2021,E02003073,2021 super output areas - middle layer,152,Other identity only,196
24777,2021,E02003073,2021 super output areas - middle layer,152,Other identity and at least one UK identity,95
24778,2021,E02003073,2021 super output areas - middle layer,152,Non-UK identity only,207
24779,2021,E02003073,2021 super output areas - middle layer,152,UK identity and non-UK identity,98
24780,2021,E02003074,2021 super output areas - middle layer,152,Total: All usual residents,7692
24781,2021,E02003074,2021 super output areas - middle layer,152,British only identity,4333
24782,2021,E02003074,2021 super output areas - middle layer,152,English only identity,1365
24783,2021,E02003074,2021 super output areas - middle layer,152,English and British only identity,1453
24784,2021,E02003074,2021 super output areas - middle layer,152,Welsh only identity,65
24785,2021,E02003074,2021 super output areas - middle layer,152,Welsh and British only identity,23
24786,2021,E02003074,2021 super output areas - middle layer,152,Any other combination of only UK identities,57
24787,2021,E02003074,2021 super output areas - middle layer,152,Scottish only identity,24
24788,2021,E02003074,2021 super output areas - middle layer,152,Scottish and British only identity,11
24789,2021,E02003074,2021 super output areas - middle layer,152,Northern Irish only identity,5
24790,2021,E02003074,2021 super output areas - middle layer,152,Northern Irish and British only identity,2
24791,2021,E02003074,2021 super output areas - middle layer,152,Cornish only identity,3
24792,2021,E02003074,2021 super output areas - middle layer,152,Cornish and British only identity,0
24793,2021,E02003074,2021 super output areas - middle layer,152,Any other combination of only UK identities ,12
24794,2021,E02003074,2021 super output areas - middle layer,152,Irish only identity,17
24795,2021,E02003074,2021 super output areas - middle layer,152,Irish and at least one UK identity,7
24796,2021,E02003074,2021 super output areas - middle layer,152,Other identity only,309
24797,2021,E02003074,2021 super output areas - middle layer,152,Other identity and at least one UK identity,63
24798,2021,E02003074,2021 super output areas - middle layer,152,Non-UK identity only,326
24799,2021,E02003074,2021 super output areas - middle layer,152,UK identity and non-UK identity,70
24800,2021,E02003075,2021 super output areas - middle layer,152,Total: All usual residents,6195
24801,2021,E02003075,2021 super output areas - middle layer,152,British only identity,3805
24802,2021,E02003075,2021 super output areas - middle layer,152,English only identity,907
24803,2021,E02003075,2021 super output areas - middle layer,152,English and British only identity,918
24804,2021,E02003075,2021 super output areas - middle layer,152,Welsh only identity,75
24805,2021,E02003075,2021 super output areas - middle layer,152,Welsh and British only identity,36
24806,2021,E02003075,2021 super output areas - middle layer,152,Any other combination of only UK identities,67
24807,2021,E02003075,2021 super output areas - middle layer,152,Scottish only identity,14
24808,2021,E02003075,2021 super output areas - middle layer,152,Scottish and British only identity,12
24809,2021,E02003075,2021 super output areas - middle layer,152,Northern Irish only identity,11
24810,2021,E02003075,2021 super output areas - middle layer,152,Northern Irish and British only identity,3
24811,2021,E02003075,2021 super output areas - middle layer,152,Cornish only identity,1
24812,2021,E02003075,2021 super output areas - middle layer,152,Cornish and British only identity,0
24813,2021,E02003075,2021 super output areas - middle layer,152,Any other combination of only UK identities ,26
24814,2021,E02003075,2021 super output areas - middle layer,152,Irish only identity,30
24815,2021,E02003075,2021 super output areas - middle layer,152,Irish and at least one UK identity,8
24816,2021,E02003075,2021 super output areas - middle layer,152,Other identity only,244
24817,2021,E02003075,2021 super output areas - middle layer,152,Other identity and at least one UK identity,105
24818,2021,E02003075,2021 super output areas - middle layer,152,Non-UK identity only,274
24819,2021,E02003075,2021 super output areas - middle layer,152,UK identity and non-UK identity,113
24820,2021,E02003076,2021 super output areas - middle layer,152,Total: All usual residents,9842
24821,2021,E02003076,2021 super output areas - middle layer,152,British only identity,5854
24822,2021,E02003076,2021 super output areas - middle layer,152,English only identity,1611
24823,2021,E02003076,2021 super output areas - middle layer,152,English and British only identity,1750
24824,2021,E02003076,2021 super output areas - middle layer,152,Welsh only identity,104
24825,2021,E02003076,2021 super output areas - middle layer,152,Welsh and British only identity,53
24826,2021,E02003076,2021 super output areas - middle layer,152,Any other combination of only UK identities,98
24827,2021,E02003076,2021 super output areas - middle layer,152,Scottish only identity,38
24828,2021,E02003076,2021 super output areas - middle layer,152,Scottish and British only identity,14
24829,2021,E02003076,2021 super output areas - middle layer,152,Northern Irish only identity,14
24830,2021,E02003076,2021 super output areas - middle layer,152,Northern Irish and British only identity,5
24831,2021,E02003076,2021 super output areas - middle layer,152,Cornish only identity,2
24832,2021,E02003076,2021 super output areas - middle layer,152,Cornish and British only identity,0
24833,2021,E02003076,2021 super output areas - middle layer,152,Any other combination of only UK identities ,25
24834,2021,E02003076,2021 super output areas - middle layer,152,Irish only identity,29
24835,2021,E02003076,2021 super output areas - middle layer,152,Irish and at least one UK identity,8
24836,2021,E02003076,2021 super output areas - middle layer,152,Other identity only,217
24837,2021,E02003076,2021 super output areas - middle layer,152,Other identity and at least one UK identity,118
24838,2021,E02003076,2021 super output areas - middle layer,152,Non-UK identity only,246
24839,2021,E02003076,2021 super output areas - middle layer,152,UK identity and non-UK identity,126
24840,2021,E02003077,2021 super output areas - middle layer,152,Total: All usual residents,6329
24841,2021,E02003077,2021 super output areas - middle layer,152,British only identity,3804
24842,2021,E02003077,2021 super output areas - middle layer,152,English only identity,1138
24843,2021,E02003077,2021 super output areas - middle layer,152,English and British only identity,952
24844,2021,E02003077,2021 super output areas - middle layer,152,Welsh only identity,64
24845,2021,E02003077,2021 super output areas - middle layer,152,Welsh and British only identity,37
24846,2021,E02003077,2021 super output areas - middle layer,152,Any other combination of only UK identities,63
24847,2021,E02003077,2021 super output areas - middle layer,152,Scottish only identity,23
24848,2021,E02003077,2021 super output areas - middle layer,152,Scottish and British only identity,11
24849,2021,E02003077,2021 super output areas - middle layer,152,Northern Irish only identity,4
24850,2021,E02003077,2021 super output areas - middle layer,152,Northern Irish and British only identity,6
24851,2021,E02003077,2021 super output areas - middle layer,152,Cornish only identity,4
24852,2021,E02003077,2021 super output areas - middle layer,152,Cornish and British only identity,1
24853,2021,E02003077,2021 super output areas - middle layer,152,Any other combination of only UK identities ,14
24854,2021,E02003077,2021 super output areas - middle layer,152,Irish only identity,20
24855,2021,E02003077,2021 super output areas - middle layer,152,Irish and at least one UK identity,7
24856,2021,E02003077,2021 super output areas - middle layer,152,Other identity only,187
24857,2021,E02003077,2021 super output areas - middle layer,152,Other identity and at least one UK identity,57
24858,2021,E02003077,2021 super output areas - middle layer,152,Non-UK identity only,207
24859,2021,E02003077,2021 super output areas - middle layer,152,UK identity and non-UK identity,64
24860,2021,E02003078,2021 super output areas - middle layer,152,Total: All usual residents,7359
24861,2021,E02003078,2021 super output areas - middle layer,152,British only identity,4204
24862,2021,E02003078,2021 super output areas - middle layer,152,English only identity,1359
24863,2021,E02003078,2021 super output areas - middle layer,152,English and British only identity,1285
24864,2021,E02003078,2021 super output areas - middle layer,152,Welsh only identity,85
24865,2021,E02003078,2021 super output areas - middle layer,152,Welsh and British only identity,37
24866,2021,E02003078,2021 super output areas - middle layer,152,Any other combination of only UK identities,90
24867,2021,E02003078,2021 super output areas - middle layer,152,Scottish only identity,41
24868,2021,E02003078,2021 super output areas - middle layer,152,Scottish and British only identity,12
24869,2021,E02003078,2021 super output areas - middle layer,152,Northern Irish only identity,10
24870,2021,E02003078,2021 super output areas - middle layer,152,Northern Irish and British only identity,6
24871,2021,E02003078,2021 super output areas - middle layer,152,Cornish only identity,5
24872,2021,E02003078,2021 super output areas - middle layer,152,Cornish and British only identity,1
24873,2021,E02003078,2021 super output areas - middle layer,152,Any other combination of only UK identities ,15
24874,2021,E02003078,2021 super output areas - middle layer,152,Irish only identity,22
24875,2021,E02003078,2021 super output areas - middle layer,152,Irish and at least one UK identity,13
24876,2021,E02003078,2021 super output areas - middle layer,152,Other identity only,181
24877,2021,E02003078,2021 super output areas - middle layer,152,Other identity and at least one UK identity,83
24878,2021,E02003078,2021 super output areas - middle layer,152,Non-UK identity only,203
24879,2021,E02003078,2021 super output areas - middle layer,152,UK identity and non-UK identity,96
24880,2021,E02003079,2021 super output areas - middle layer,152,Total: All usual residents,9282
24881,2021,E02003079,2021 super output areas - middle layer,152,British only identity,5210
24882,2021,E02003079,2021 super output areas - middle layer,152,English only identity,1714
24883,2021,E02003079,2021 super output areas - middle layer,152,English and British only identity,1773
24884,2021,E02003079,2021 super output areas - middle layer,152,Welsh only identity,84
24885,2021,E02003079,2021 super output areas - middle layer,152,Welsh and British only identity,43
24886,2021,E02003079,2021 super output areas - middle layer,152,Any other combination of only UK identities,69
24887,2021,E02003079,2021 super output areas - middle layer,152,Scottish only identity,24
24888,2021,E02003079,2021 super output areas - middle layer,152,Scottish and British only identity,9
24889,2021,E02003079,2021 super output areas - middle layer,152,Northern Irish only identity,6
24890,2021,E02003079,2021 super output areas - middle layer,152,Northern Irish and British only identity,7
24891,2021,E02003079,2021 super output areas - middle layer,152,Cornish only identity,0
24892,2021,E02003079,2021 super output areas - middle layer,152,Cornish and British only identity,0
24893,2021,E02003079,2021 super output areas - middle layer,152,Any other combination of only UK identities ,23
24894,2021,E02003079,2021 super output areas - middle layer,152,Irish only identity,18
24895,2021,E02003079,2021 super output areas - middle layer,152,Irish and at least one UK identity,1
24896,2021,E02003079,2021 super output areas - middle layer,152,Other identity only,280
24897,2021,E02003079,2021 super output areas - middle layer,152,Other identity and at least one UK identity,90
24898,2021,E02003079,2021 super output areas - middle layer,152,Non-UK identity only,298
24899,2021,E02003079,2021 super output areas - middle layer,152,UK identity and non-UK identity,91
24900,2021,E02003080,2021 super output areas - middle layer,152,Total: All usual residents,8660
24901,2021,E02003080,2021 super output areas - middle layer,152,British only identity,4547
24902,2021,E02003080,2021 super output areas - middle layer,152,English only identity,1695
24903,2021,E02003080,2021 super output areas - middle layer,152,English and British only identity,1726
24904,2021,E02003080,2021 super output areas - middle layer,152,Welsh only identity,62
24905,2021,E02003080,2021 super output areas - middle layer,152,Welsh and British only identity,40
24906,2021,E02003080,2021 super output areas - middle layer,152,Any other combination of only UK identities,120
24907,2021,E02003080,2021 super output areas - middle layer,152,Scottish only identity,58
24908,2021,E02003080,2021 super output areas - middle layer,152,Scottish and British only identity,23
24909,2021,E02003080,2021 super output areas - middle layer,152,Northern Irish only identity,5
24910,2021,E02003080,2021 super output areas - middle layer,152,Northern Irish and British only identity,5
24911,2021,E02003080,2021 super output areas - middle layer,152,Cornish only identity,4
24912,2021,E02003080,2021 super output areas - middle layer,152,Cornish and British only identity,1
24913,2021,E02003080,2021 super output areas - middle layer,152,Any other combination of only UK identities ,24
24914,2021,E02003080,2021 super output areas - middle layer,152,Irish only identity,39
24915,2021,E02003080,2021 super output areas - middle layer,152,Irish and at least one UK identity,8
24916,2021,E02003080,2021 super output areas - middle layer,152,Other identity only,351
24917,2021,E02003080,2021 super output areas - middle layer,152,Other identity and at least one UK identity,72
24918,2021,E02003080,2021 super output areas - middle layer,152,Non-UK identity only,390
24919,2021,E02003080,2021 super output areas - middle layer,152,UK identity and non-UK identity,80
24920,2021,E02003081,2021 super output areas - middle layer,152,Total: All usual residents,9391
24921,2021,E02003081,2021 super output areas - middle layer,152,British only identity,5148
24922,2021,E02003081,2021 super output areas - middle layer,152,English only identity,1781
24923,2021,E02003081,2021 super output areas - middle layer,152,English and British only identity,1875
24924,2021,E02003081,2021 super output areas - middle layer,152,Welsh only identity,93
24925,2021,E02003081,2021 super output areas - middle layer,152,Welsh and British only identity,39
24926,2021,E02003081,2021 super output areas - middle layer,152,Any other combination of only UK identities,81
24927,2021,E02003081,2021 super output areas - middle layer,152,Scottish only identity,29
24928,2021,E02003081,2021 super output areas - middle layer,152,Scottish and British only identity,20
24929,2021,E02003081,2021 super output areas - middle layer,152,Northern Irish only identity,8
24930,2021,E02003081,2021 super output areas - middle layer,152,Northern Irish and British only identity,3
24931,2021,E02003081,2021 super output areas - middle layer,152,Cornish only identity,3
24932,2021,E02003081,2021 super output areas - middle layer,152,Cornish and British only identity,0
24933,2021,E02003081,2021 super output areas - middle layer,152,Any other combination of only UK identities ,18
24934,2021,E02003081,2021 super output areas - middle layer,152,Irish only identity,13
24935,2021,E02003081,2021 super output areas - middle layer,152,Irish and at least one UK identity,5
24936,2021,E02003081,2021 super output areas - middle layer,152,Other identity only,275
24937,2021,E02003081,2021 super output areas - middle layer,152,Other identity and at least one UK identity,81
24938,2021,E02003081,2021 super output areas - middle layer,152,Non-UK identity only,288
24939,2021,E02003081,2021 super output areas - middle layer,152,UK identity and non-UK identity,86
24940,2021,E02003082,2021 super output areas - middle layer,152,Total: All usual residents,9038
24941,2021,E02003082,2021 super output areas - middle layer,152,British only identity,4828
24942,2021,E02003082,2021 super output areas - middle layer,152,English only identity,1512
24943,2021,E02003082,2021 super output areas - middle layer,152,English and British only identity,1481
24944,2021,E02003082,2021 super output areas - middle layer,152,Welsh only identity,116
24945,2021,E02003082,2021 super output areas - middle layer,152,Welsh and British only identity,34
24946,2021,E02003082,2021 super output areas - middle layer,152,Any other combination of only UK identities,104
24947,2021,E02003082,2021 super output areas - middle layer,152,Scottish only identity,48
24948,2021,E02003082,2021 super output areas - middle layer,152,Scottish and British only identity,27
24949,2021,E02003082,2021 super output areas - middle layer,152,Northern Irish only identity,6
24950,2021,E02003082,2021 super output areas - middle layer,152,Northern Irish and British only identity,4
24951,2021,E02003082,2021 super output areas - middle layer,152,Cornish only identity,5
24952,2021,E02003082,2021 super output areas - middle layer,152,Cornish and British only identity,0
24953,2021,E02003082,2021 super output areas - middle layer,152,Any other combination of only UK identities ,14
24954,2021,E02003082,2021 super output areas - middle layer,152,Irish only identity,30
24955,2021,E02003082,2021 super output areas - middle layer,152,Irish and at least one UK identity,9
24956,2021,E02003082,2021 super output areas - middle layer,152,Other identity only,774
24957,2021,E02003082,2021 super output areas - middle layer,152,Other identity and at least one UK identity,150
24958,2021,E02003082,2021 super output areas - middle layer,152,Non-UK identity only,804
24959,2021,E02003082,2021 super output areas - middle layer,152,UK identity and non-UK identity,159
24960,2021,E02003084,2021 super output areas - middle layer,152,Total: All usual residents,10669
24961,2021,E02003084,2021 super output areas - middle layer,152,British only identity,5436
24962,2021,E02003084,2021 super output areas - middle layer,152,English only identity,1646
24963,2021,E02003084,2021 super output areas - middle layer,152,English and British only identity,1605
24964,2021,E02003084,2021 super output areas - middle layer,152,Welsh only identity,116
24965,2021,E02003084,2021 super output areas - middle layer,152,Welsh and British only identity,40
24966,2021,E02003084,2021 super output areas - middle layer,152,Any other combination of only UK identities,99
24967,2021,E02003084,2021 super output areas - middle layer,152,Scottish only identity,41
24968,2021,E02003084,2021 super output areas - middle layer,152,Scottish and British only identity,14
24969,2021,E02003084,2021 super output areas - middle layer,152,Northern Irish only identity,8
24970,2021,E02003084,2021 super output areas - middle layer,152,Northern Irish and British only identity,7
24971,2021,E02003084,2021 super output areas - middle layer,152,Cornish only identity,3
24972,2021,E02003084,2021 super output areas - middle layer,152,Cornish and British only identity,0
24973,2021,E02003084,2021 super output areas - middle layer,152,Any other combination of only UK identities ,26
24974,2021,E02003084,2021 super output areas - middle layer,152,Irish only identity,27
24975,2021,E02003084,2021 super output areas - middle layer,152,Irish and at least one UK identity,9
24976,2021,E02003084,2021 super output areas - middle layer,152,Other identity only,1494
24977,2021,E02003084,2021 super output areas - middle layer,152,Other identity and at least one UK identity,197
24978,2021,E02003084,2021 super output areas - middle layer,152,Non-UK identity only,1521
24979,2021,E02003084,2021 super output areas - middle layer,152,UK identity and non-UK identity,206
24980,2021,E02003085,2021 super output areas - middle layer,152,Total: All usual residents,7867
24981,2021,E02003085,2021 super output areas - middle layer,152,British only identity,4250
24982,2021,E02003085,2021 super output areas - middle layer,152,English only identity,1281
24983,2021,E02003085,2021 super output areas - middle layer,152,English and British only identity,1515
24984,2021,E02003085,2021 super output areas - middle layer,152,Welsh only identity,54
24985,2021,E02003085,2021 super output areas - middle layer,152,Welsh and British only identity,27
24986,2021,E02003085,2021 super output areas - middle layer,152,Any other combination of only UK identities,52
24987,2021,E02003085,2021 super output areas - middle layer,152,Scottish only identity,19
24988,2021,E02003085,2021 super output areas - middle layer,152,Scottish and British only identity,9
24989,2021,E02003085,2021 super output areas - middle layer,152,Northern Irish only identity,3
24990,2021,E02003085,2021 super output areas - middle layer,152,Northern Irish and British only identity,1
24991,2021,E02003085,2021 super output areas - middle layer,152,Cornish only identity,2
24992,2021,E02003085,2021 super output areas - middle layer,152,Cornish and British only identity,2
24993,2021,E02003085,2021 super output areas - middle layer,152,Any other combination of only UK identities ,16
24994,2021,E02003085,2021 super output areas - middle layer,152,Irish only identity,30
24995,2021,E02003085,2021 super output areas - middle layer,152,Irish and at least one UK identity,4
24996,2021,E02003085,2021 super output areas - middle layer,152,Other identity only,556
24997,2021,E02003085,2021 super output areas - middle layer,152,Other identity and at least one UK identity,98
24998,2021,E02003085,2021 super output areas - middle layer,152,Non-UK identity only,586
24999,2021,E02003085,2021 super output areas - middle layer,152,UK identity and non-UK identity,102
